molecularweight : 93537.39340000055
pI : 8.58275661468506
netcharge : 7.746392314937054
aromaticity : 0.09665427509293681
gravy : -0.34002478314745865
instability : 38.81773234200754
