molecularweight : 17418.45749999999
pI : 9.670080375671386
netcharge : 6.686839527858183
aromaticity : 0.1
gravy : -0.9200000000000002
instability : 48.43333333333333
