molecularweight : 29158.53910000005
pI : 9.234918785095214
netcharge : 7.991371673760334
aromaticity : 0.07377049180327869
gravy : -1.326229508196721
instability : 64.25081967213113
