molecularweight : 40690.84420000007
pI : 8.651931190490725
netcharge : 2.8670762004568076
aromaticity : 0.08947368421052632
gravy : -0.3157894736842105
instability : 36.60289473684209
