molecularweight : 90670.36990000057
pI : 5.964422416687013
netcharge : -11.611762824083215
aromaticity : 0.12216624685138538
gravy : -0.41813602015113277
instability : 32.99321158690184
