molecularweight : 55802.22370000001
pI : 8.327139472961427
netcharge : 4.535247079460689
aromaticity : 0.18958333333333333
gravy : 0.08291666666666649
instability : 32.82924999999999
