molecularweight : 38873.40740000007
pI : 6.451475715637206
netcharge : -1.181751492474369
aromaticity : 0.06963788300835655
gravy : 0.06908077994428964
instability : 47.38941504178271
