molecularweight : 34126.63100000002
pI : 5.611963844299316
netcharge : -6.867092155009004
aromaticity : 0.07876712328767123
gravy : -0.4791095890410964
instability : 42.88424657534246
