molecularweight : 41907.8798000001
pI : 5.385574150085449
netcharge : -7.118222010771962
aromaticity : 0.0425
gravy : 0.05349999999999998
instability : 33.48324999999999
