molecularweight : 48209.22490000005
pI : 7.539715003967285
netcharge : 1.3222531740303154
aromaticity : 0.0919811320754717
gravy : -0.27429245283018905
instability : 49.608490566037766
