molecularweight : 25481.361900000007
pI : 4.564875984191895
netcharge : -18.017859245507417
aromaticity : 0.08928571428571429
gravy : -0.38258928571428585
instability : 60.925044642857145
