molecularweight : 61421.50830000018
pI : 5.883824729919433
netcharge : -6.703388749192698
aromaticity : 0.08711433756805807
gravy : -0.2816696914700549
instability : 38.15248638838475
