molecularweight : 62862.47650000012
pI : 7.998028373718262
netcharge : 2.447489818071425
aromaticity : 0.07426597582037997
gravy : -0.07063903281519868
instability : 33.09846286701207
