molecularweight : 12739.646999999992
pI : 5.029193687438965
netcharge : -6.216761178391115
aromaticity : 0.043859649122807015
gravy : 0.033333333333333395
instability : 42.134210526315776
