molecularweight : 13514.672099999987
pI : 10.364211463928221
netcharge : 10.507614490153962
aromaticity : 0.06666666666666668
gravy : -0.4066666666666666
instability : 48.62416666666665
