molecularweight : 85345.71080000038
pI : 5.023282432556152
netcharge : -40.61524099440038
aromaticity : 0.040214477211796246
gravy : -0.9777479892761376
instability : 59.7426407506706
