molecularweight : 53586.465500000064
pI : 9.14949817657471
netcharge : 11.218327641978789
aromaticity : 0.058577405857740586
gravy : -0.3320083682008375
instability : 32.917991631799154
