molecularweight : 154974.10820000037
pI : 5.64902286529541
netcharge : -27.654031604961148
aromaticity : 0.10066617320503331
gravy : -0.16639526276831998
instability : 43.024663212435414
