molecularweight : 64259.16610000035
pI : 6.459035301208496
netcharge : -3.139644791923743
aromaticity : 0.08013937282229966
gravy : -0.6365853658536575
instability : 58.60036585365873
