molecularweight : 37216.439300000035
pI : 9.312538719177244
netcharge : 8.384364950077565
aromaticity : 0.15625
gravy : -0.08687499999999995
instability : 25.176249999999992
