molecularweight : 16214.027599999983
pI : 6.399809074401856
netcharge : -1.1617958177752854
aromaticity : 0.1678832116788321
gravy : 0.500729927007299
instability : 41.98693430656933
