molecularweight : 40413.971100000075
pI : 6.6152856826782225
netcharge : -0.9744792003474387
aromaticity : 0.1057142857142857
gravy : -0.23485714285714326
instability : 43.514599999999994
