molecularweight : 35600.32449999998
pI : 7.5216970443725595
netcharge : 0.9700538841966093
aromaticity : 0.07395498392282958
gravy : -0.35948553054662385
instability : 47.32636655948552
