molecularweight : 23317.336900000017
pI : 6.984625434875488
netcharge : -0.030640907769686976
aromaticity : 0.1201923076923077
gravy : -0.18317307692307694
instability : 40.47841346153847
