molecularweight : 33931.31990000006
pI : 4.8386125564575195
netcharge : -15.236541818317441
aromaticity : 0.06291390728476821
gravy : -0.7390728476821187
instability : 48.96423841059602
