molecularweight : 28769.280199999976
pI : 9.465651130676271
netcharge : 5.596883518875142
aromaticity : 0.10276679841897232
gravy : 0.01462450592885375
instability : 46.521739130434796
