molecularweight : 28685.336600000024
pI : 5.771510887145996
netcharge : -5.759415279535226
aromaticity : 0.10040160642570281
gravy : -0.3554216867469883
instability : 31.61044176706827
