molecularweight : 121421.00210000065
pI : 9.01598415374756
netcharge : 21.13706180416095
aromaticity : 0.08341232227488152
gravy : -0.5817061611374397
instability : 52.58418009478708
