molecularweight : 21764.171100000003
pI : 9.2379487991333
netcharge : 4.730169958246023
aromaticity : 0.03684210526315789
gravy : -1.1342105263157898
instability : 43.03368421052632
