molecularweight : 31821.36220000004
pI : 9.43406162261963
netcharge : 13.771795356743418
aromaticity : 0.053003533568904596
gravy : -0.7424028268551238
instability : 44.398586572438155
