molecularweight : 45895.284300000065
pI : 4.753979301452636
netcharge : -28.702261258118824
aromaticity : 0.10757946210268948
gravy : -0.193887530562347
instability : 52.77217603911978
