molecularweight : 56826.25070000009
pI : 5.730586814880372
netcharge : -5.098510180346324
aromaticity : 0.04
gravy : -0.14400000000000007
instability : 31.601142857142857
