molecularweight : 42410.855200000056
pI : 5.786800575256348
netcharge : -5.85860131556818
aromaticity : 0.07427055702917772
gravy : -0.3501326259946956
instability : 38.87957559681696
