molecularweight : 22462.842700000005
pI : 9.190951347351074
netcharge : 5.56756430610308
aromaticity : 0.06896551724137931
gravy : 0.046798029556650335
instability : 48.846305418719226
