molecularweight : 33706.98970000001
pI : 5.510847282409666
netcharge : -5.182186237732452
aromaticity : 0.12456747404844291
gravy : -0.49965397923875454
instability : 48.56716262975779
