molecularweight : 34415.97720000001
pI : 5.528865242004394
netcharge : -6.033605502501693
aromaticity : 0.07766990291262137
gravy : -0.2637540453074436
instability : 26.854368932038827
