molecularweight : 70766.43740000039
pI : 5.094046974182128
netcharge : -19.77922457578387
aromaticity : 0.0654490106544901
gravy : -0.42526636225266334
instability : 34.561978691019824
