molecularweight : 26822.887300000024
pI : 6.321769142150879
netcharge : -1.9324240751220003
aromaticity : 0.07172995780590717
gravy : -0.6067510548523206
instability : 57.08316455696201
