molecularweight : 34129.57070000002
pI : 4.85026454925537
netcharge : -15.103255363953267
aromaticity : 0.05750798722044728
gravy : -0.09840255591054312
instability : 34.829744408945686
