molecularweight : 12133.640799999992
pI : 9.153882026672363
netcharge : 2.5134989337820723
aromaticity : 0.13725490196078433
gravy : -0.6666666666666666
instability : 30.06274509803921
