molecularweight : 27355.73840000001
pI : 5.281217765808105
netcharge : -7.092209354062351
aromaticity : 0.13733905579399142
gravy : -0.497424892703863
instability : 42.93004291845492
