molecularweight : 19350.922799999982
pI : 9.827318763732908
netcharge : 9.60525148216707
aromaticity : 0.07100591715976332
gravy : -0.7230769230769235
instability : 60.78881656804733
