molecularweight : 75670.05600000038
pI : 4.812750816345214
netcharge : -34.42773605953488
aromaticity : 0.08520179372197309
gravy : -0.2198804185351273
instability : 39.82902840059801
