molecularweight : 50192.92580000003
pI : 5.503117179870604
netcharge : -9.741113979300643
aromaticity : 0.0774487471526196
gravy : -0.6747152619589968
instability : 38.89979498861047
