molecularweight : 51805.64550000003
pI : 8.104788017272949
netcharge : 3.2406912611905767
aromaticity : 0.0898876404494382
gravy : -0.6105617977528086
instability : 44.02698876404494
