molecularweight : 13631.64609999998
pI : 9.832218360900878
netcharge : 7.590071432003283
aromaticity : 0.08403361344537814
gravy : -0.5336134453781514
instability : 35.40840336134453
