molecularweight : 16337.509499999984
pI : 6.395091438293457
netcharge : -1.1749715692473828
aromaticity : 0.10204081632653061
gravy : -0.28231292517006795
instability : 48.06598639455783
