molecularweight : 14698.862699999987
pI : 9.858714866638184
netcharge : 12.655429194392035
aromaticity : 0.06451612903225806
gravy : -0.9354838709677424
instability : 51.03064516129031
