molecularweight : 51348.13680000004
pI : 7.579672813415528
netcharge : 1.593429785783698
aromaticity : 0.0962800875273523
gravy : -0.3424507658643328
instability : 35.01531728665209
