molecularweight : 26683.12880000001
pI : 5.1931173324584945
netcharge : -5.374304724775392
aromaticity : 0.07755102040816327
gravy : -0.06408163265306112
instability : 27.683265306122433
