molecularweight : 92452.77590000036
pI : 4.217476081848145
netcharge : -66.04112659741412
aromaticity : 0.07325581395348836
gravy : -0.25011627906976697
instability : 34.184418604651356
