molecularweight : 13718.438199999993
pI : 4.188772392272949
netcharge : -17.304919725837408
aromaticity : 0.058823529411764705
gravy : -1.3537815126050419
instability : 41.13697478991595
