molecularweight : 37544.959100000015
pI : 5.636688804626464
netcharge : -5.987012316306519
aromaticity : 0.09287925696594428
gravy : -0.19535603715170324
instability : 40.55668730650155
