molecularweight : 15357.833999999984
pI : 10.336490058898924
netcharge : 12.991272742684131
aromaticity : 0.11278195488721804
gravy : -0.08270676691729331
instability : 63.64661654135336
