molecularweight : 48166.97820000003
pI : 9.517870521545408
netcharge : 14.398320677084492
aromaticity : 0.11032863849765258
gravy : -0.44507042253521173
instability : 48.23173708920188
