molecularweight : 118544.30760000102
pI : 8.126255989074707
netcharge : 4.900806960886712
aromaticity : 0.10184287099903007
gravy : -0.480019398642093
instability : 44.94852570320102
