molecularweight : 72184.78760000021
pI : 4.969455909729004
netcharge : -29.02799274638879
aromaticity : 0.11041009463722398
gravy : -0.29905362776025185
instability : 29.64621451104101
