molecularweight : 94247.22010000059
pI : 8.609059715270998
netcharge : 7.782853827586123
aromaticity : 0.07582938388625593
gravy : -0.32263033175355427
instability : 48.368838862559414
