molecularweight : 28334.47820000001
pI : 4.952574729919433
netcharge : -12.970940779089709
aromaticity : 0.09053497942386832
gravy : -0.7617283950617283
instability : 46.9601646090535
