molecularweight : 14022.940899999987
pI : 8.515129280090331
netcharge : 1.5765427382729111
aromaticity : 0.11290322580645162
gravy : -0.25080645161290316
instability : 41.041290322580636
