molecularweight : 48895.261000000064
pI : 4.545380210876465
netcharge : -28.72862810499575
aromaticity : 0.13225058004640372
gravy : -0.12250580046403711
instability : 36.03946635730857
