molecularweight : 37494.637200000034
pI : 10.396445655822752
netcharge : 21.19593342478264
aromaticity : 0.09567901234567901
gravy : -0.06728395061728397
instability : 50.96666666666666
