molecularweight : 17500.72159999999
pI : 9.881730079650879
netcharge : 11.03901726609363
aromaticity : 0.058064516129032254
gravy : -0.7890322580645167
instability : 41.946451612903225
