molecularweight : 70281.50270000032
pI : 8.266023445129395
netcharge : 4.518017775559031
aromaticity : 0.06200317965023848
gravy : -0.25055643879173234
instability : 44.732591414944466
