molecularweight : 15491.458199999992
pI : 4.965761375427246
netcharge : -4.386730066271113
aromaticity : 0.06521739130434782
gravy : -0.05289855072463771
instability : 57.58550724637682
