molecularweight : 17038.516299999996
pI : 10.218255043029785
netcharge : 12.94861151338489
aromaticity : 0.0392156862745098
gravy : -0.5045751633986929
instability : 50.4248366013072
