molecularweight : 143299.35890000084
pI : 6.506325340270995
netcharge : -3.642964606665302
aromaticity : 0.07362885048835462
gravy : -0.4530428249436524
instability : 45.58670172802431
