molecularweight : 21972.801200000005
pI : 7.0148637771606435
netcharge : 0.027281732625500155
aromaticity : 0.08673469387755102
gravy : -0.31479591836734694
instability : 22.059234693877546
