molecularweight : 12717.337799999987
pI : 5.289004707336424
netcharge : -3.383711408687713
aromaticity : 0.036036036036036036
gravy : -0.6882882882882886
instability : 47.199099099099094
