molecularweight : 22157.25559999998
pI : 9.173738288879395
netcharge : 3.8799989556929724
aromaticity : 0.09230769230769231
gravy : -1.1312820512820518
instability : 42.18615384615385
