molecularweight : 35031.206800000036
pI : 6.466651725769043
netcharge : -1.8306096777381953
aromaticity : 0.0721311475409836
gravy : -0.3760655737704922
instability : 38.26918032786884
