molecularweight : 70420.1904000002
pI : 7.168044853210449
netcharge : 0.5189553876144686
aromaticity : 0.11568938193343899
gravy : 0.21347068145800316
instability : 37.41774960380353
