molecularweight : 81890.11960000033
pI : 5.690344810485839
netcharge : -11.362051398792829
aromaticity : 0.11379800853485064
gravy : -0.4729729729729719
instability : 37.68906116642967
