molecularweight : 53658.27780000004
pI : 5.421780586242675
netcharge : -13.511548654263926
aromaticity : 0.08227848101265822
gravy : -0.738818565400843
instability : 57.35021097046419
