molecularweight : 111627.79640000084
pI : 5.1466798782348615
netcharge : -34.21793229842146
aromaticity : 0.10909090909090909
gravy : -0.11616161616161623
instability : 39.08576767676787
