molecularweight : 68310.20110000018
pI : 8.60274181365967
netcharge : 4.937895720738503
aromaticity : 0.12231404958677686
gravy : 0.06099173553718983
instability : 38.83590082644631
