molecularweight : 41981.57529999998
pI : 5.918667030334471
netcharge : -4.868623363387371
aromaticity : 0.0921409214092141
gravy : -0.3655826558265584
instability : 32.15504065040651
