molecularweight : 54021.09019999998
pI : 6.11203327178955
netcharge : -4.716242609333882
aromaticity : 0.12050739957716702
gravy : -0.34693446088794955
instability : 41.399640591966175
