molecularweight : 44665.60660000006
pI : 6.271864509582519
netcharge : -3.5473761506694217
aromaticity : 0.11398963730569947
gravy : -0.26088082901554427
instability : 37.44225388601034
