molecularweight : 41071.72000000004
pI : 9.096247291564943
netcharge : 12.267646367702032
aromaticity : 0.141643059490085
gravy : 0.13852691218130297
instability : 41.64532577903681
