molecularweight : 22052.75020000001
pI : 4.648997688293457
netcharge : -12.300885087997116
aromaticity : 0.11578947368421053
gravy : -0.4405263157894741
instability : 30.97894736842104
