molecularweight : 14236.878399999989
pI : 7.594394111633302
netcharge : 0.7193132608831387
aromaticity : 0.11023622047244094
gravy : -0.5968503937007874
instability : 43.610314960629914
