molecularweight : 53767.25000000012
pI : 9.421167945861818
netcharge : 17.201642941470105
aromaticity : 0.05601659751037344
gravy : -0.706431535269709
instability : 65.12097510373462
