molecularweight : 33433.77120000003
pI : 9.37487964630127
netcharge : 11.106020964442976
aromaticity : 0.08754208754208753
gravy : -0.4804713804713812
instability : 38.90744107744106
