molecularweight : 54591.585300000064
pI : 6.589423942565918
netcharge : -2.167646521419954
aromaticity : 0.14556962025316456
gravy : 0.44135021097046473
instability : 36.47006329113925
