molecularweight : 184235.37710000068
pI : 9.126998710632325
netcharge : 32.87531024638537
aromaticity : 0.073125
gravy : -0.3910624999999986
instability : 45.738275000000264
