molecularweight : 53000.772000000026
pI : 8.379681205749513
netcharge : 2.8858717661563844
aromaticity : 0.09846827133479212
gravy : -0.7087527352297587
instability : 53.023654266958495
