molecularweight : 30060.517000000036
pI : 6.185185050964355
netcharge : -2.882898667012764
aromaticity : 0.08396946564885496
gravy : -0.12022900763358779
instability : 45.42484732824427
