molecularweight : 17061.080599999987
pI : 7.938137245178223
netcharge : 0.6972876971098749
aromaticity : 0.07741935483870968
gravy : -0.38645161290322605
instability : 33.91812903225806
