molecularweight : 51314.14430000005
pI : 5.628731346130371
netcharge : -10.421862191659507
aromaticity : 0.11711711711711711
gravy : -0.4837837837837836
instability : 35.31871621621622
