molecularweight : 27525.682400000027
pI : 4.913071632385253
netcharge : -10.12806851274227
aromaticity : 0.0860655737704918
gravy : -0.256147540983607
instability : 32.376639344262294
