molecularweight : 78414.5741000004
pI : 5.343115425109862
netcharge : -20.114107804034177
aromaticity : 0.0816326530612245
gravy : -0.5039358600583089
instability : 43.30145772594758
