molecularweight : 28370.019000000008
pI : 4.522019386291503
netcharge : -15.418457868255345
aromaticity : 0.06589147286821706
gravy : -0.08837209302325581
instability : 27.910503875968978
