molecularweight : 51972.87470000016
pI : 4.190648078918457
netcharge : -46.90446731082341
aromaticity : 0.10782241014799154
gravy : -0.21945031712473592
instability : 38.84270613107823
