molecularweight : 22063.020400000016
pI : 9.24839267730713
netcharge : 4.947772067164973
aromaticity : 0.05970149253731344
gravy : -0.1845771144278607
instability : 35.234825870646766
