molecularweight : 20719.52659999999
pI : 4.0500284194946286
netcharge : -20.369867837106746
aromaticity : 0.05319148936170212
gravy : -0.43085106382978733
instability : 48.23244680851062
