molecularweight : 58949.00280000005
pI : 5.048121070861816
netcharge : -18.722316225405514
aromaticity : 0.08461538461538462
gravy : -0.5921153846153844
instability : 52.213076923077004
