molecularweight : 46056.41640000008
pI : 5.135937309265136
netcharge : -20.896885595270955
aromaticity : 0.1073170731707317
gravy : -0.12756097560975618
instability : 31.60907317073171
