molecularweight : 18836.863899999997
pI : 4.350536155700684
netcharge : -14.28313028642994
aromaticity : 0.07428571428571429
gravy : -0.03657142857142857
instability : 31.665142857142843
