molecularweight : 50978.72670000007
pI : 4.835315895080566
netcharge : -19.759840155740058
aromaticity : 0.08131868131868132
gravy : -0.30923076923076964
instability : 27.348351648351652
