molecularweight : 65639.29450000024
pI : 6.376277732849121
netcharge : -4.061969194898424
aromaticity : 0.09233449477351917
gravy : -0.3264808362369336
instability : 47.409947735191686
