molecularweight : 127779.40610000075
pI : 6.068039894104003
netcharge : -9.74089019387685
aromaticity : 0.06591500433651344
gravy : -0.2956634865568083
instability : 42.0046834345189
