molecularweight : 12212.369499999992
pI : 9.692193031311035
netcharge : 6.726563893549735
aromaticity : 0.15384615384615385
gravy : 0.13173076923076918
instability : 48.51365384615384
