molecularweight : 44323.24300000001
pI : 4.636890983581543
netcharge : -21.877769547946457
aromaticity : 0.1146341463414634
gravy : -0.09219512195121952
instability : 34.37490243902439
