molecularweight : 65813.9793000002
pI : 8.899683189392093
netcharge : 11.918947214009279
aromaticity : 0.11702127659574468
gravy : -0.39539007092198514
instability : 40.1190070921986
