molecularweight : 45759.22600000007
pI : 8.793632698059085
netcharge : 4.512697443187278
aromaticity : 0.09414758269720103
gravy : -0.7038167938931297
instability : 46.94045801526718
