molecularweight : 26413.453000000016
pI : 9.830671119689939
netcharge : 23.038627261951778
aromaticity : 0.05652173913043478
gravy : -0.8247826086956529
instability : 52.334782608695626
