molecularweight : 20733.274200000007
pI : 4.957860755920408
netcharge : -7.325396512589002
aromaticity : 0.08695652173913043
gravy : -0.21739130434782594
instability : 47.42771739130435
