molecularweight : 121671.30600000102
pI : 6.34069652557373
netcharge : -5.76940730647712
aromaticity : 0.09701492537313433
gravy : -0.47164179104477383
instability : 37.69917910447779
