molecularweight : 35609.08240000004
pI : 7.14462718963623
netcharge : 0.32123851959656946
aromaticity : 0.11935483870967743
gravy : -0.2806451612903231
instability : 54.149999999999984
