molecularweight : 28147.197800000005
pI : 4.710611152648925
netcharge : -7.262991640404879
aromaticity : 0.13793103448275862
gravy : 0.6149425287356319
instability : 36.970536398467424
