molecularweight : 56920.77820000016
pI : 4.394472694396973
netcharge : -49.58212141242114
aromaticity : 0.06627680311890838
gravy : -0.6454191033138389
instability : 43.08362573099417
