molecularweight : 34174.392900000064
pI : 5.304692268371581
netcharge : -10.761570232629424
aromaticity : 0.053156146179401995
gravy : -0.4817275747508312
instability : 53.73156146179402
