molecularweight : 29757.636000000013
pI : 7.768094062805176
netcharge : 0.8649876639843797
aromaticity : 0.09398496240601503
gravy : -0.30827067669172953
instability : 30.30526315789473
