molecularweight : 29004.562200000044
pI : 4.949846458435058
netcharge : -9.234109482069808
aromaticity : 0.06976744186046512
gravy : -0.33217054263565965
instability : 37.13143410852711
