molecularweight : 59153.007300000085
pI : 7.175092887878418
netcharge : 0.5411761066070113
aromaticity : 0.0745697896749522
gravy : -0.5617590822179733
instability : 52.8286806883366
