molecularweight : 40392.45880000001
pI : 5.377048301696779
netcharge : -8.813875235425272
aromaticity : 0.10277777777777777
gravy : -0.206388888888889
instability : 40.3297222222222
