molecularweight : 55840.62450000002
pI : 7.992226219177247
netcharge : 2.6109768444136847
aromaticity : 0.10772357723577236
gravy : -0.4953252032520327
instability : 30.145975609756107
