molecularweight : 41091.13320000003
pI : 9.068977165222169
netcharge : 8.811078542431162
aromaticity : 0.08011049723756905
gravy : -0.15718232044198896
instability : 50.861602209944756
