molecularweight : 180296.23260000045
pI : 7.243981742858888
netcharge : 1.962513250985893
aromaticity : 0.09357097390197328
gravy : -0.5644175684277519
instability : 41.07088478676034
