molecularweight : 34960.94630000007
pI : 4.872829627990721
netcharge : -14.039504290061021
aromaticity : 0.09477124183006536
gravy : -0.3843137254901962
instability : 58.04248366013072
