molecularweight : 29186.16290000003
pI : 9.715014839172362
netcharge : 16.74807145500315
aromaticity : 0.20164609053497942
gravy : 0.2506172839506169
instability : 33.13465020576131
