molecularweight : 25818.28110000002
pI : 6.319381904602051
netcharge : -1.9580904407426232
aromaticity : 0.03404255319148936
gravy : -0.3846808510638301
instability : 36.89659574468085
