molecularweight : 39038.3391
pI : 6.809390830993652
netcharge : -0.6043733493057104
aromaticity : 0.1299093655589124
gravy : -0.4561933534743206
instability : 33.10969788519637
