molecularweight : 65832.65130000029
pI : 4.7294816970825195
netcharge : -40.86681426563533
aromaticity : 0.0658578856152513
gravy : -1.1013864818024253
instability : 42.599497400346706
