molecularweight : 33946.04460000002
pI : 4.072422981262207
netcharge : -29.391788204222163
aromaticity : 0.1157556270096463
gravy : -0.16688102893890672
instability : 27.5540192926045
