molecularweight : 149676.31990000044
pI : 7.179867362976076
netcharge : 0.8222973950643109
aromaticity : 0.11127933383800152
gravy : 0.05321725965177868
instability : 40.16376230128716
