molecularweight : 49236.7154000001
pI : 6.597381401062012
netcharge : -1.6065403661575033
aromaticity : 0.07256235827664398
gravy : -0.818367346938775
instability : 51.60884353741499
