molecularweight : 196210.0298
pI : 7.195270729064942
netcharge : 1.8363873757403155
aromaticity : 0.08568075117370892
gravy : -0.7657863849765277
instability : 48.471919014084826
