molecularweight : 26839.080800000014
pI : 7.1258134841918945
netcharge : 0.29238735264016213
aromaticity : 0.09956709956709958
gravy : -0.6415584415584423
instability : 35.78181818181818
