molecularweight : 55813.656000000105
pI : 7.352942085266113
netcharge : 1.3402684065577546
aromaticity : 0.0816326530612245
gravy : -0.71
instability : 44.948591836734735
