molecularweight : 85837.68020000048
pI : 5.908436012268066
netcharge : -8.34749450058736
aromaticity : 0.09505208333333333
gravy : -0.26809895833333347
instability : 31.95390625000006
