molecularweight : 39095.2321000001
pI : 5.209884834289549
netcharge : -8.20108763542843
aromaticity : 0.09883720930232559
gravy : -0.7061046511627908
instability : 54.91395348837209
