molecularweight : 62730.01380000021
pI : 8.965183067321778
netcharge : 10.151216849019036
aromaticity : 0.10270270270270271
gravy : -0.2963963963963958
instability : 33.72704504504504
