molecularweight : 76643.32070000032
pI : 9.23105068206787
netcharge : 19.235205444832914
aromaticity : 0.08579881656804733
gravy : -0.3834319526627221
instability : 34.6656804733728
