molecularweight : 34910.02510000002
pI : 4.97917537689209
netcharge : -11.175777606713218
aromaticity : 0.0761904761904762
gravy : -0.28095238095238106
instability : 30.86130158730159
