molecularweight : 77505.95670000039
pI : 5.097741508483886
netcharge : -28.775896298593054
aromaticity : 0.11273792093704246
gravy : -0.41844802342606124
instability : 44.22285505124464
