molecularweight : 31236.707000000017
pI : 7.019467735290527
netcharge : 0.03814829370899275
aromaticity : 0.07664233576642335
gravy : -0.35474452554744534
instability : 41.441313868613136
