molecularweight : 49248.76390000002
pI : 6.179955863952636
netcharge : -5.231625774975861
aromaticity : 0.06651376146788991
gravy : -1.1681192660550446
instability : 59.96791284403682
