molecularweight : 32422.59590000002
pI : 4.830086708068847
netcharge : -12.03342041808316
aromaticity : 0.08561643835616438
gravy : -0.028424657534246597
instability : 45.60928082191779
