molecularweight : 34649.18670000004
pI : 5.8701265335083
netcharge : -5.673720695360018
aromaticity : 0.05466237942122187
gravy : -0.28038585209003225
instability : 40.181672025723465
