molecularweight : 68092.16270000025
pI : 6.32046184539795
netcharge : -8.551062535613454
aromaticity : 0.07072368421052631
gravy : -0.8300986842105255
instability : 49.42930921052645
