molecularweight : 38360.43200000005
pI : 6.94949893951416
netcharge : -0.19098446517094914
aromaticity : 0.08928571428571427
gravy : -0.1735119047619047
instability : 46.74136904761904
