molecularweight : 93720.94860000034
pI : 4.223387336730957
netcharge : -53.23384638034534
aromaticity : 0.10081112398609503
gravy : -0.21714947856315153
instability : 32.738818076477486
