molecularweight : 76198.65700000036
pI : 5.695119285583496
netcharge : -12.211262108032003
aromaticity : 0.13010590015128592
gravy : -0.3697428139183057
instability : 34.75340393343422
