molecularweight : 21974.877000000015
pI : 5.7886762619018555
netcharge : -4.029168993175322
aromaticity : 0.0851063829787234
gravy : -0.390957446808511
instability : 20.47611702127659
