molecularweight : 36332.9176
pI : 4.971047401428222
netcharge : -12.810337769937181
aromaticity : 0.1125
gravy : -0.13375000000000015
instability : 27.885031249999983
