molecularweight : 36786.03270000006
pI : 6.554695320129395
netcharge : -1.0637275534775767
aromaticity : 0.0425531914893617
gravy : -0.6610942249240124
instability : 65.58696048632217
