molecularweight : 40050.833400000054
pI : 4.697936058044433
netcharge : -24.7368187380268
aromaticity : 0.09915014164305949
gravy : -0.6039660056657226
instability : 48.0442209631728
