molecularweight : 26124.632200000036
pI : 8.973306083679201
netcharge : 4.028340429392877
aromaticity : 0.05676855895196506
gravy : -0.4244541484716162
instability : 32.780349344978156
