molecularweight : 90326.18610000049
pI : 6.239523124694824
netcharge : -9.02901782878564
aromaticity : 0.09378960709759189
gravy : -0.3529784537389095
instability : 32.029150823827706
