molecularweight : 40562.16390000003
pI : 5.130139732360839
netcharge : -9.273427489862215
aromaticity : 0.05915492957746479
gravy : -0.6884507042253522
instability : 33.113802816901405
