molecularweight : 66625.74940000029
pI : 8.344416999816897
netcharge : 3.5545854088006195
aromaticity : 0.07653910149750416
gravy : -0.3412645590682196
instability : 41.01514143094851
