molecularweight : 52660.59360000015
pI : 5.297928428649903
netcharge : -16.252781821395452
aromaticity : 0.06458333333333333
gravy : -0.23479166666666673
instability : 40.70043749999999
