molecularweight : 47687.75610000004
pI : 9.6092866897583
netcharge : 16.908329074317273
aromaticity : 0.08894230769230768
gravy : -0.5716346153846146
instability : 46.62908653846154
