molecularweight : 96087.39460000063
pI : 4.542481422424316
netcharge : -49.644893073449694
aromaticity : 0.06436781609195402
gravy : 0.01402298850574688
instability : 46.71068965517255
