molecularweight : 35052.68380000002
pI : 5.605768394470215
netcharge : -6.02769130461337
aromaticity : 0.12091503267973855
gravy : -0.39183006535947745
instability : 50.18434640522876
