molecularweight : 20440.206999999988
pI : 9.169741249084474
netcharge : 4.0192890254030935
aromaticity : 0.08888888888888889
gravy : -0.2477777777777778
instability : 38.73777777777779
