molecularweight : 45445.960000000014
pI : 6.05877513885498
netcharge : -2.2496829013602806
aromaticity : 0.1306532663316583
gravy : -0.4193467336683421
instability : 40.30683417085429
