molecularweight : 115659.10470000064
pI : 5.6980180740356445
netcharge : -21.878623305813136
aromaticity : 0.09458128078817735
gravy : -0.36423645320196973
instability : 39.2937931034484
