molecularweight : 28481.232200000053
pI : 5.033456611633301
netcharge : -13.90162838393104
aromaticity : 0.07407407407407407
gravy : -0.5650205761316878
instability : 55.563374485596704
