molecularweight : 112878.62280000094
pI : 7.531416511535646
netcharge : 1.9286045537166672
aromaticity : 0.08754863813229571
gravy : -0.06585603112840471
instability : 31.12939688715963
