molecularweight : 38295.58960000002
pI : 5.322312355041503
netcharge : -9.796567621097587
aromaticity : 0.059322033898305086
gravy : 0.04039548022598878
instability : 39.44265536723163
