molecularweight : 116198.86210000074
pI : 5.661527442932129
netcharge : -17.862693591582655
aromaticity : 0.0753221010901883
gravy : -0.6491575817641227
instability : 47.58464816650176
