molecularweight : 105404.80160000082
pI : 6.322167015075684
netcharge : -5.081472063159339
aromaticity : 0.05732484076433121
gravy : -0.9186836518046706
instability : 57.24989384288774
