molecularweight : 55040.418000000005
pI : 5.289516258239746
netcharge : -13.53279118053733
aromaticity : 0.10216110019646366
gravy : -0.15658153241650302
instability : 30.07760314341845
