molecularweight : 74231.91860000027
pI : 6.014099693298339
netcharge : -5.660244484392351
aromaticity : 0.0640625
gravy : -0.8909374999999997
instability : 49.79578125000011
