molecularweight : 16885.055999999993
pI : 8.602483940124515
netcharge : 2.080734112846576
aromaticity : 0.07894736842105263
gravy : -0.3782894736842105
instability : 52.13026315789473
