molecularweight : 49960.65010000006
pI : 6.251686668395997
netcharge : -5.216539962173449
aromaticity : 0.07158836689038031
gravy : -0.21946308724832278
instability : 39.14362416107383
