molecularweight : 21676.652599999994
pI : 4.570787239074707
netcharge : -14.353879565975795
aromaticity : 0.0297029702970297
gravy : -0.5925742574257429
instability : 45.22821782178217
