molecularweight : 85405.30100000052
pI : 5.942198371887207
netcharge : -6.5397345025587015
aromaticity : 0.10491367861885789
gravy : -0.1657370517928291
instability : 37.835073041168776
