molecularweight : 22503.25469999999
pI : 4.969796943664551
netcharge : -5.434060918382915
aromaticity : 0.1073170731707317
gravy : -0.0760975609756097
instability : 27.222926829268275
