molecularweight : 29845.2059
pI : 9.332201576232912
netcharge : 7.830254610764584
aromaticity : 0.10687022900763359
gravy : -0.3412213740458019
instability : 40.35996183206108
