molecularweight : 165512.35380000042
pI : 5.708021736145019
netcharge : -16.724744262829773
aromaticity : 0.049212598425196846
gravy : -0.8472440944881857
instability : 66.80793963254646
