molecularweight : 69017.82150000027
pI : 5.293836021423339
netcharge : -16.742684413135237
aromaticity : 0.05396290050590219
gravy : -0.8856661045531184
instability : 49.63811129848239
