molecularweight : 47462.59930000004
pI : 9.290426063537598
netcharge : 12.446233861379731
aromaticity : 0.1687344913151365
gravy : -0.03027295285359826
instability : 45.361389578163774
