molecularweight : 183583.82999999818
pI : 4.0500284194946286
netcharge : -241.42953908533295
aromaticity : 0.07625649913344887
gravy : -0.2413633737723844
instability : 21.249740034662203
