molecularweight : 101858.86440000072
pI : 6.28198184967041
netcharge : -7.34243220834324
aromaticity : 0.08161044613710555
gravy : -0.20478781284004294
instability : 42.340805223068855
