molecularweight : 49894.851600000075
pI : 6.033481788635252
netcharge : -5.546459872867729
aromaticity : 0.16904761904761906
gravy : -0.5647619047619047
instability : 37.65123809523809
