molecularweight : 34104.02430000001
pI : 5.806012153625488
netcharge : -5.784914791295748
aromaticity : 0.0891089108910891
gravy : 0.02508250825082514
instability : 46.892442244224405
