molecularweight : 69121.10760000018
pI : 8.973886299133301
netcharge : 9.402092627589639
aromaticity : 0.12437810945273631
gravy : -0.13449419568822557
instability : 30.043980099502495
