molecularweight : 78885.64770000032
pI : 6.367354011535644
netcharge : -4.846577240438194
aromaticity : 0.10891089108910892
gravy : -0.2804809052333807
instability : 34.28575671852908
