molecularweight : 30668.70330000003
pI : 7.897586631774903
netcharge : 1.155219112631606
aromaticity : 0.07037037037037037
gravy : -0.42111111111111144
instability : 45.136666666666656
