molecularweight : 25898.28390000001
pI : 8.599840736389162
netcharge : 4.763369602836811
aromaticity : 0.06329113924050633
gravy : -0.3219409282700423
instability : 38.40675105485232
