molecularweight : 65924.84430000013
pI : 6.654675102233888
netcharge : -1.5069649423127487
aromaticity : 0.06907894736842105
gravy : -0.2125000000000003
instability : 38.19868421052634
