molecularweight : 50213.82730000007
pI : 5.879107093811036
netcharge : -5.7430095384936095
aromaticity : 0.08968609865470852
gravy : -0.5087443946188343
instability : 40.57713004484306
