molecularweight : 46638.76910000007
pI : 8.897426795959475
netcharge : 7.911047506967755
aromaticity : 0.14320388349514562
gravy : 0.37354368932038845
instability : 40.612184466019414
