molecularweight : 16616.49689999999
pI : 4.690944862365721
netcharge : -10.367141375202277
aromaticity : 0.09090909090909091
gravy : -0.6013986013986015
instability : 42.20699300699301
