molecularweight : 34916.88460000002
pI : 10.124711418151854
netcharge : 21.808156020062384
aromaticity : 0.07718120805369127
gravy : -0.6859060402684564
instability : 37.442953020134226
