molecularweight : 49064.688100000036
pI : 9.003412818908693
netcharge : 8.299892443480559
aromaticity : 0.08045977011494253
gravy : -0.45701149425287374
instability : 53.40735632183909
