molecularweight : 54339.27729999998
pI : 5.5500093460083
netcharge : -8.770202545557005
aromaticity : 0.08582834331337325
gravy : -0.08063872255489013
instability : 20.43233532934132
