molecularweight : 214501.17610000016
pI : 5.686081886291503
netcharge : -41.062833702077825
aromaticity : 0.11933045356371491
gravy : -0.28671706263498814
instability : 45.69972462203051
