molecularweight : 37862.29840000008
pI : 6.365705680847167
netcharge : -3.3356427589227167
aromaticity : 0.0851063829787234
gravy : -0.5477203647416415
instability : 47.905167173252266
