molecularweight : 52690.10540000005
pI : 4.411353874206544
netcharge : -34.876131375383814
aromaticity : 0.12393162393162394
gravy : -0.27029914529914567
instability : 37.246175213675194
