molecularweight : 12209.767299999983
pI : 7.400345802307128
netcharge : 0.4806116006206551
aromaticity : 0.08333333333333333
gravy : -0.6138888888888888
instability : 62.59824074074073
