molecularweight : 37554.26889999997
pI : 5.927818107604979
netcharge : -3.955402561577422
aromaticity : 0.07803468208092484
gravy : -0.16184971098265882
instability : 24.165895953757225
