molecularweight : 43003.030200000045
pI : 5.150772285461424
netcharge : -12.848965227045447
aromaticity : 0.0913978494623656
gravy : -0.21774193548387125
instability : 49.38524193548386
