molecularweight : 42872.669000000096
pI : 7.679709434509278
netcharge : 1.809323318958242
aromaticity : 0.10263157894736842
gravy : -0.11947368421052637
instability : 46.10792105263158
