molecularweight : 19573.143000000004
pI : 9.39209270477295
netcharge : 11.794201374224393
aromaticity : 0.0935672514619883
gravy : -0.7608187134502928
instability : 44.76081871345028
