molecularweight : 41167.44970000001
pI : 9.275275993347169
netcharge : 9.71475000266831
aromaticity : 0.06060606060606061
gravy : -0.8148760330578508
instability : 53.74242424242425
