molecularweight : 52720.39130000012
pI : 5.312990760803221
netcharge : -15.346196793993492
aromaticity : 0.07081545064377683
gravy : -0.5596566523605145
instability : 62.63841201716744
