molecularweight : 15208.142199999977
pI : 10.890337944030762
netcharge : 11.67767046294629
aromaticity : 0.034722222222222224
gravy : -0.4131944444444444
instability : 51.69999999999999
