molecularweight : 20019.40249999999
pI : 7.840209770202638
netcharge : 1.3414102747734624
aromaticity : 0.0718232044198895
gravy : -0.26519337016574623
instability : 46.86519337016575
