molecularweight : 53081.390700000105
pI : 9.27534046173096
netcharge : 10.641372802421927
aromaticity : 0.07430997876857749
gravy : -0.1921443736730367
instability : 47.33736730360938
