molecularweight : 18074.881999999987
pI : 9.039708518981932
netcharge : 2.7576981234261932
aromaticity : 0.08484848484848485
gravy : -0.6175757575757578
instability : 38.919393939393935
