molecularweight : 91777.56050000066
pI : 4.93364734649658
netcharge : -41.39186579829371
aromaticity : 0.10945273631840796
gravy : -0.3579601990049748
instability : 46.52093283582104
