molecularweight : 100302.75390000074
pI : 5.288493156433105
netcharge : -25.9411435114301
aromaticity : 0.044296788482835
gravy : -0.3537098560354361
instability : 37.16190476190489
