molecularweight : 49162.4773
pI : 5.322084999084471
netcharge : -10.766168196961061
aromaticity : 0.10070257611241218
gravy : -0.24519906323185042
instability : 54.601475409836105
