molecularweight : 53105.00829999999
pI : 9.283979225158692
netcharge : 17.372760272583378
aromaticity : 0.07317073170731708
gravy : -0.623780487804878
instability : 27.544105691056885
