molecularweight : 114109.32710000088
pI : 7.190950965881348
netcharge : 0.7469174387830009
aromaticity : 0.0856573705179283
gravy : -0.2875498007968116
instability : 42.647709163346775
