molecularweight : 47491.25730000007
pI : 6.844687843322753
netcharge : -0.5117550745596517
aromaticity : 0.07398568019093078
gravy : -0.37303102625298346
instability : 50.23942720763722
