molecularweight : 39881.02910000009
pI : 6.336945152282715
netcharge : -1.9967619832987822
aromaticity : 0.11781609195402298
gravy : -0.23247126436781582
instability : 55.42528735632181
