molecularweight : 49853.403400000105
pI : 8.673270225524902
netcharge : 6.622773772951888
aromaticity : 0.08944954128440367
gravy : -0.5350917431192658
instability : 33.2169724770642
