molecularweight : 64917.18410000022
pI : 4.732551002502441
netcharge : -43.766509246967246
aromaticity : 0.0682226211849192
gravy : -1.3662477558348276
instability : 39.717594254937204
