molecularweight : 63898.75160000038
pI : 4.0500284194946286
netcharge : -37.413143060419564
aromaticity : 0.09446254071661238
gravy : -0.2115635179153097
instability : 41.81449511400663
