molecularweight : 18716.176099999993
pI : 9.347093772888183
netcharge : 5.923157364644894
aromaticity : 0.07272727272727272
gravy : -0.3527272727272727
instability : 39.33939393939393
