molecularweight : 91898.86650000067
pI : 6.230485725402832
netcharge : -7.506940846955416
aromaticity : 0.07975460122699388
gravy : -0.5844171779141089
instability : 54.869202453987945
