molecularweight : 59909.08100000028
pI : 5.252343559265136
netcharge : -16.414477468360978
aromaticity : 0.06261510128913444
gravy : -0.45745856353591163
instability : 49.96226519337026
