molecularweight : 80460.39810000034
pI : 5.761336708068847
netcharge : -18.91283315817094
aromaticity : 0.13714285714285712
gravy : -0.48114285714285626
instability : 35.27430000000006
