molecularweight : 39655.794799999996
pI : 9.579953575134276
netcharge : 19.06033765493864
aromaticity : 0.06876790830945559
gravy : -0.28194842406876847
instability : 38.85530085959885
