molecularweight : 40532.71650000007
pI : 9.940654182434084
netcharge : 24.133777010718646
aromaticity : 0.04178272980501393
gravy : -0.8674094707520883
instability : 36.52200557103065
