molecularweight : 125308.94510000072
pI : 9.103403282165527
netcharge : 18.1275394050174
aromaticity : 0.06360424028268552
gravy : -0.556978798586572
instability : 39.920768551236954
