molecularweight : 44140.46970000006
pI : 4.669289207458497
netcharge : -22.166057014104474
aromaticity : 0.09947643979057592
gravy : -0.43036649214659695
instability : 39.03769633507854
