molecularweight : 28955.85839999999
pI : 8.728970909118651
netcharge : 2.8525716324239845
aromaticity : 0.06666666666666667
gravy : -0.03111111111111099
instability : 28.143333333333327
