molecularweight : 138170.73190000083
pI : 5.625775718688964
netcharge : -24.785590574611746
aromaticity : 0.09362389023405973
gravy : -0.43922518159806334
instability : 36.943042776432804
