molecularweight : 60821.123500000074
pI : 8.79169864654541
netcharge : 6.794121457217713
aromaticity : 0.12810707456978968
gravy : 0.16233269598470323
instability : 35.94187380497132
