molecularweight : 20427.3759
pI : 6.738626289367676
netcharge : -0.3228944844829229
aromaticity : 0.096045197740113
gravy : -0.22372881355932192
instability : 39.809604519774
