molecularweight : 24975.789500000017
pI : 5.179873847961424
netcharge : -9.843423585904766
aromaticity : 0.12558139534883722
gravy : -0.4502325581395353
instability : 34.73823255813953
