molecularweight : 15413.832599999987
pI : 11.298422813415527
netcharge : 20.671805336240325
aromaticity : 0.0510948905109489
gravy : -0.5802919708029204
instability : 49.27445255474452
