molecularweight : 12254.156399999989
pI : 8.021108055114745
netcharge : 1.3676569420687228
aromaticity : 0.12380952380952381
gravy : 0.27523809523809517
instability : 44.69714285714285
