molecularweight : 63719.70390000014
pI : 6.2706708908081055
netcharge : -5.863941553431516
aromaticity : 0.09929078014184398
gravy : -0.5118794326241123
instability : 46.280709219858245
