molecularweight : 106002.46610000069
pI : 5.5063570022583
netcharge : -22.592097419626597
aromaticity : 0.07340425531914893
gravy : -0.30638297872340403
instability : 31.014265957446884
