molecularweight : 16510.85869999998
pI : 5.122693824768065
netcharge : -7.201732649728864
aromaticity : 0.07801418439716312
gravy : -1.4375886524822703
instability : 47.912056737588664
