molecularweight : 73951.44220000041
pI : 6.042632865905762
netcharge : -10.51149904004727
aromaticity : 0.10256410256410256
gravy : -0.49879336349924436
instability : 32.40453996983417
