molecularweight : 33913.07940000002
pI : 5.078188896179198
netcharge : -11.140669437413223
aromaticity : 0.05016722408026755
gravy : -0.5414715719063549
instability : 46.40334448160536
