molecularweight : 148596.14370000048
pI : 6.3583166122436525
netcharge : -4.993309976651574
aromaticity : 0.09711684370257967
gravy : 0.025493171471926784
instability : 32.135083459787694
