molecularweight : 83580.79160000026
pI : 9.203200340270996
netcharge : 19.03978311021993
aromaticity : 0.0994550408719346
gravy : -0.6013623978201631
instability : 56.06895095367877
