molecularweight : 60350.56310000009
pI : 6.012451362609862
netcharge : -6.431889567040443
aromaticity : 0.09647495361781075
gravy : -0.2408163265306128
instability : 39.4499072356215
