molecularweight : 56708.65780000019
pI : 5.906503486633301
netcharge : -9.933789506176112
aromaticity : 0.042884990253411304
gravy : -0.911306042884989
instability : 59.871734892787686
