molecularweight : 47346.82660000004
pI : 6.673090934753419
netcharge : -0.9047567309124602
aromaticity : 0.13381995133819952
gravy : -0.4627737226277367
instability : 41.13530413625304
