molecularweight : 67798.8893000002
pI : 6.25884838104248
netcharge : -2.899290700376582
aromaticity : 0.06493506493506493
gravy : -0.7246753246753246
instability : 50.89821428571444
