molecularweight : 43473.59300000011
pI : 5.412856864929199
netcharge : -10.744315884687587
aromaticity : 0.06905370843989769
gravy : -0.5199488491048594
instability : 38.16419437340153
