molecularweight : 38039.01710000003
pI : 9.800113105773924
netcharge : 24.847869859531585
aromaticity : 0.05405405405405406
gravy : -0.8882882882882885
instability : 40.14687687687686
