molecularweight : 26797.580700000028
pI : 4.656898307800293
netcharge : -18.060337032098868
aromaticity : 0.10970464135021096
gravy : -0.4493670886075959
instability : 41.17810126582278
