molecularweight : 66674.8982000002
pI : 5.854154777526855
netcharge : -11.853695208599333
aromaticity : 0.10104529616724739
gravy : -0.5782229965156788
instability : 47.79722996515685
