molecularweight : 46303.00060000011
pI : 10.010924720764159
netcharge : 26.221487258813937
aromaticity : 0.08866995073891626
gravy : -0.40369458128078844
instability : 52.698793103448295
