molecularweight : 86305.65450000051
pI : 6.158413887023924
netcharge : -8.582249002257342
aromaticity : 0.07115135834411385
gravy : -0.3945666235446313
instability : 40.152807244502036
