molecularweight : 33448.14900000001
pI : 9.376297950744629
netcharge : 10.912116472368538
aromaticity : 0.11920529801324503
gravy : -0.07748344370860907
instability : 25.65043046357615
