molecularweight : 23458.417900000015
pI : 5.031296730041503
netcharge : -8.136756818231941
aromaticity : 0.09852216748768472
gravy : -0.5113300492610838
instability : 36.14482758620689
