molecularweight : 44956.42400000002
pI : 5.294461250305175
netcharge : -15.36562949483153
aromaticity : 0.08232445520581114
gravy : -0.2692493946731242
instability : 31.5549636803874
