molecularweight : 13753.755899999982
pI : 9.431998634338381
netcharge : 3.6032129449809815
aromaticity : 0.0743801652892562
gravy : -0.21322314049586774
instability : 28.86123966942147
