molecularweight : 31246.146900000018
pI : 5.184875679016112
netcharge : -9.866629749652454
aromaticity : 0.07581227436823104
gravy : -0.2617328519855599
instability : 35.010469314079415
