molecularweight : 39569.168200000015
pI : 5.500388908386229
netcharge : -7.832701501472606
aromaticity : 0.09859154929577466
gravy : -0.3216901408450709
instability : 41.08425352112677
