molecularweight : 160985.78600000078
pI : 4.760686302185058
netcharge : -83.25518671651247
aromaticity : 0.05084745762711865
gravy : -0.7654661016949182
instability : 59.227549435028614
