molecularweight : 52563.35310000002
pI : 5.067673683166503
netcharge : -18.622164884074607
aromaticity : 0.06846473029045644
gravy : -0.42593360995850643
instability : 36.84128630705394
