molecularweight : 47835.42940000003
pI : 9.08967151641846
netcharge : 11.336677890152899
aromaticity : 0.06572769953051644
gravy : -0.4129107981220663
instability : 44.38664319248826
