molecularweight : 114703.94700000028
pI : 9.80166034698486
netcharge : 30.514718740266005
aromaticity : 0.04523107177974434
gravy : -0.9132743362831868
instability : 67.73716814159333
