molecularweight : 24628.529500000026
pI : 9.314988517761229
netcharge : 8.268686593247782
aromaticity : 0.07511737089201878
gravy : -0.8413145539906105
instability : 57.27751173708922
