molecularweight : 14122.93609999999
pI : 4.807123756408691
netcharge : -6.31938687870554
aromaticity : 0.11475409836065574
gravy : -0.4868852459016393
instability : 27.31639344262294
