molecularweight : 37380.59220000009
pI : 9.58021144866943
netcharge : 9.219907400338744
aromaticity : 0.05357142857142857
gravy : -0.23452380952380963
instability : 39.1125
