molecularweight : 41073.47150000006
pI : 5.462647819519043
netcharge : -8.107942765854773
aromaticity : 0.04189944134078212
gravy : -1.1698324022346356
instability : 60.18938547486034
