molecularweight : 69991.63810000019
pI : 5.4236562728881825
netcharge : -13.533191442711484
aromaticity : 0.09771986970684038
gravy : -0.3995114006514657
instability : 39.52495114006524
