molecularweight : 34525.4835
pI : 5.271611976623535
netcharge : -13.533063061471523
aromaticity : 0.09508196721311477
gravy : -0.4508196721311478
instability : 45.85999999999998
