molecularweight : 83064.8740000005
pI : 6.0198972702026365
netcharge : -3.946840280106997
aromaticity : 0.06084656084656084
gravy : -0.6126984126984109
instability : 58.97473544973572
