molecularweight : 21954.811699999987
pI : 4.232197380065918
netcharge : -24.024359549781447
aromaticity : 0.10824742268041238
gravy : -0.6809278350515464
instability : 51.336134020618545
