molecularweight : 22342.06840000002
pI : 4.786548042297363
netcharge : -13.925999949817012
aromaticity : 0.07
gravy : -0.15299999999999986
instability : 20.245999999999988
