molecularweight : 35814.30550000003
pI : 7.156506538391113
netcharge : 0.46633758945011294
aromaticity : 0.08641975308641975
gravy : -0.1679012345679012
instability : 52.67719135802468
