molecularweight : 65311.25780000028
pI : 5.360053443908691
netcharge : -17.200026140461162
aromaticity : 0.06414473684210527
gravy : -0.15328947368421095
instability : 24.82582236842104
