molecularweight : 46407.02130000009
pI : 5.518975257873534
netcharge : -8.893571725579676
aromaticity : 0.06829268292682927
gravy : -0.6104878048780491
instability : 52.704439024390226
