molecularweight : 34509.61870000004
pI : 4.677303504943848
netcharge : -16.938528966971
aromaticity : 0.09404388714733543
gravy : 0.48683385579937255
instability : 39.670564263322866
