molecularweight : 16204.423799999984
pI : 8.644194984436037
netcharge : 1.690989629159283
aromaticity : 0.07913669064748202
gravy : -0.6273381294964034
instability : 59.44676258992807
