molecularweight : 48858.5105
pI : 8.892075920104983
netcharge : 6.228812532592627
aromaticity : 0.07888631090487239
gravy : -0.3999999999999998
instability : 48.79651972157774
