molecularweight : 116695.78410000101
pI : 5.07267551422119
netcharge : -33.94494715531856
aromaticity : 0.09245283018867924
gravy : -0.12433962264150963
instability : 47.866452830189004
