molecularweight : 70935.39820000023
pI : 8.156362724304202
netcharge : 3.2784910365151063
aromaticity : 0.06269592476489028
gravy : -0.6308777429467072
instability : 51.673213166144365
