molecularweight : 74278.68220000029
pI : 5.483962440490722
netcharge : -13.466450867692558
aromaticity : 0.10703363914373089
gravy : -0.24051987767584151
instability : 36.67721712538229
