molecularweight : 24852.766700000015
pI : 5.324585914611816
netcharge : -7.023894847695985
aromaticity : 0.10232558139534884
gravy : -0.5381395348837215
instability : 31.685116279069756
