molecularweight : 73557.75770000032
pI : 6.2326456069946286
netcharge : -4.454519257765121
aromaticity : 0.13056379821958458
gravy : 0.4900593471810105
instability : 36.56354599406532
