molecularweight : 70874.91980000028
pI : 4.864701652526855
netcharge : -19.9301414309338
aromaticity : 0.11317829457364341
gravy : 0.24201550387596912
instability : 41.84762790697683
