molecularweight : 21427.2161
pI : 4.632457542419433
netcharge : -11.244531067762399
aromaticity : 0.10270270270270271
gravy : -0.324864864864865
instability : 43.79848648648649
