molecularweight : 60493.567900000126
pI : 7.55233325958252
netcharge : 1.6849075890342533
aromaticity : 0.07196969696969698
gravy : -0.3784090909090911
instability : 48.68598484848498
