molecularweight : 23858.959499999946
pI : 4.427211952209473
netcharge : -16.355832786690854
aromaticity : 0.05990783410138249
gravy : -0.8124423963133643
instability : 68.36364055299536
