molecularweight : 38433.19010000004
pI : 5.304635429382324
netcharge : -11.729331685482919
aromaticity : 0.05757575757575757
gravy : -0.6803030303030294
instability : 53.49060606060604
