molecularweight : 33429.67120000005
pI : 9.499174690246583
netcharge : 11.904479447967915
aromaticity : 0.14527027027027029
gravy : 0.045608108108108156
instability : 27.71016891891892
