molecularweight : 16786.49149999999
pI : 9.476675224304202
netcharge : 13.601600317264964
aromaticity : 0.08510638297872342
gravy : -0.8851063829787241
instability : 49.37801418439715
