molecularweight : 25078.471400000002
pI : 7.587005043029786
netcharge : 0.6552249914461505
aromaticity : 0.05603448275862069
gravy : -0.1
instability : 39.718103448275855
