molecularweight : 83971.89310000053
pI : 4.893860054016113
netcharge : -45.43727550590657
aromaticity : 0.05198358413132695
gravy : -1.1577291381668933
instability : 64.26403556771574
