molecularweight : 62408.40730000014
pI : 9.327237510681151
netcharge : 16.883741124167805
aromaticity : 0.09107142857142858
gravy : -0.17875000000000035
instability : 37.18339285714287
