molecularweight : 13623.048899999992
pI : 4.182349586486816
netcharge : -12.233797168590261
aromaticity : 0.08130081300813008
gravy : -0.23333333333333311
instability : 26.077235772357724
