molecularweight : 43385.53950000007
pI : 9.17676830291748
netcharge : 10.892645187326522
aromaticity : 0.05454545454545455
gravy : -1.0454545454545445
instability : 47.86233766233765
