molecularweight : 77450.77780000019
pI : 8.662632942199707
netcharge : 4.965587436987448
aromaticity : 0.07163742690058479
gravy : -0.7152046783625724
instability : 50.540789473684356
