molecularweight : 39865.45960000007
pI : 5.776967430114746
netcharge : -4.95956184699817
aromaticity : 0.09269662921348315
gravy : -0.2682584269662923
instability : 42.384859550561806
