molecularweight : 35728.505300000026
pI : 5.945892906188964
netcharge : -5.629261271872409
aromaticity : 0.12420382165605096
gravy : -0.18726114649681536
instability : 37.83003184713376
