molecularweight : 46527.127500000046
pI : 5.436786079406737
netcharge : -8.831923962869638
aromaticity : 0.07339449541284404
gravy : -0.12614678899082582
instability : 32.0172247706422
