molecularweight : 84265.16990000056
pI : 6.32307643890381
netcharge : -5.678333817779787
aromaticity : 0.07200000000000001
gravy : -0.36493333333333233
instability : 39.76334666666675
