molecularweight : 15249.141299999988
pI : 6.437038612365721
netcharge : -1.7886139437455526
aromaticity : 0.13178294573643412
gravy : -0.5899224806201553
instability : 41.103255813953474
