molecularweight : 67322.64940000029
pI : 6.109589195251464
netcharge : -5.394506066600009
aromaticity : 0.08823529411764705
gravy : -0.5761437908496726
instability : 48.57336601307207
