molecularweight : 92957.77970000057
pI : 5.742636680603028
netcharge : -15.599272779858836
aromaticity : 0.0784313725490196
gravy : -0.43504901960784215
instability : 37.622818627451096
