molecularweight : 107201.81040000067
pI : 6.073666954040527
netcharge : -12.173869523489017
aromaticity : 0.10672358591248665
gravy : -0.4194236926360715
instability : 49.3248986125936
