molecularweight : 56758.52470000002
pI : 8.65496120452881
netcharge : 6.600225296083252
aromaticity : 0.12448132780082988
gravy : -0.3564315352697094
instability : 55.92551867219927
