molecularweight : 65406.27860000015
pI : 5.979712104797363
netcharge : -7.339383438881939
aromaticity : 0.12099644128113879
gravy : -0.31192170818505377
instability : 40.54112099644132
