molecularweight : 44062.248100000026
pI : 9.188888359069825
netcharge : 8.748903763191109
aromaticity : 0.0549738219895288
gravy : -1.1450261780104691
instability : 56.76989528795812
