molecularweight : 16520.923499999994
pI : 5.40995807647705
netcharge : -2.401178881212445
aromaticity : 0.10273972602739725
gravy : 0.2328767123287671
instability : 23.40205479452055
