molecularweight : 28113.822700000033
pI : 6.713901329040527
netcharge : -0.7935812937916253
aromaticity : 0.08032128514056225
gravy : -0.25863453815261056
instability : 42.338152610441774
