molecularweight : 14489.804599999987
pI : 4.623704338073731
netcharge : -10.370657556932109
aromaticity : 0.08130081300813008
gravy : -1.1406504065040652
instability : 41.223577235772346
