molecularweight : 52295.57430000009
pI : 5.398647117614746
netcharge : -12.628811252589827
aromaticity : 0.07929515418502203
gravy : -0.6766519823788544
instability : 50.55991189427317
