molecularweight : 74560.11080000042
pI : 6.531789207458496
netcharge : -2.406053066920805
aromaticity : 0.08695652173913043
gravy : -0.6748447204968937
instability : 40.28371118012424
