molecularweight : 27218.343200000018
pI : 8.755145072937015
netcharge : 2.679167615720175
aromaticity : 0.088
gravy : 0.2904000000000001
instability : 36.01279999999999
