molecularweight : 67386.27940000026
pI : 6.1342573165893555
netcharge : -5.393414473227281
aromaticity : 0.07321131447587355
gravy : -0.32129783693843594
instability : 36.90116472545759
