molecularweight : 18422.078699999995
pI : 10.195368766784668
netcharge : 18.011543960520477
aromaticity : 0.07453416149068323
gravy : -0.7316770186335404
instability : 35.69378881987576
