molecularweight : 34541.01320000004
pI : 9.745959663391112
netcharge : 16.72815018870793
aromaticity : 0.1180327868852459
gravy : 0.10459016393442637
instability : 41.40032786885244
