molecularweight : 36791.675900000046
pI : 7.693407630920411
netcharge : 1.2686016864539447
aromaticity : 0.1503067484662577
gravy : 0.47116564417177914
instability : 27.80190184049079
