molecularweight : 65569.7065000002
pI : 5.108711433410644
netcharge : -26.088458622175878
aromaticity : 0.0788091068301226
gravy : -0.35744308231173333
instability : 50.90579684763585
