molecularweight : 71888.83830000024
pI : 4.754092979431152
netcharge : -37.255962327891524
aromaticity : 0.0725552050473186
gravy : 0.010094637223974788
instability : 38.346214511041055
