molecularweight : 22666.079700000013
pI : 9.334393501281738
netcharge : 6.849798289497976
aromaticity : 0.09230769230769231
gravy : -0.22512820512820497
instability : 32.654410256410245
