molecularweight : 65116.2493000002
pI : 8.674817466735842
netcharge : 5.843034713295779
aromaticity : 0.0907473309608541
gravy : -0.31725978647686853
instability : 44.48508896797157
