molecularweight : 60641.51940000015
pI : 5.991136741638183
netcharge : -6.452724400398829
aromaticity : 0.06445672191528545
gravy : -0.49705340699815864
instability : 57.382523020257985
