molecularweight : 88659.58680000057
pI : 6.527469444274902
netcharge : -3.604728732841636
aromaticity : 0.0754226267880364
gravy : -0.43732119635890604
instability : 37.683224967490375
