molecularweight : 56239.623900000035
pI : 5.817777824401856
netcharge : -7.57503677791108
aromaticity : 0.09183673469387754
gravy : -0.4161224489795918
instability : 39.04285714285713
