molecularweight : 33534.157300000035
pI : 4.701005363464354
netcharge : -22.66160720601414
aromaticity : 0.09121621621621623
gravy : -0.18108108108108104
instability : 46.15847972972972
