molecularweight : 198369.5905000006
pI : 6.502630805969238
netcharge : -7.177851403483885
aromaticity : 0.10128055878928988
gravy : -0.2525029103608823
instability : 44.821030267753486
