molecularweight : 61717.703700000144
pI : 6.555832099914551
netcharge : -1.069549940233692
aromaticity : 0.14056939501779359
gravy : 0.4612099644128122
instability : 31.977224199288255
