molecularweight : 114287.51220000094
pI : 5.378128242492676
netcharge : -22.90821044813893
aromaticity : 0.0744047619047619
gravy : 0.11855158730158717
instability : 42.67273809523827
