molecularweight : 37072.087700000055
pI : 6.189050102233887
netcharge : -2.8924714963364337
aromaticity : 0.06956521739130435
gravy : 0.004057971014492855
instability : 31.406956521739122
