molecularweight : 46857.73340000006
pI : 5.765031242370605
netcharge : -10.194422078735144
aromaticity : 0.08551068883610452
gravy : -0.19714964370546376
instability : 39.126152019002355
