molecularweight : 13831.074499999982
pI : 6.489273643493653
netcharge : -1.0519737230886665
aromaticity : 0.08333333333333334
gravy : -0.07878787878787878
instability : 23.71060606060605
