molecularweight : 17783.411799999994
pI : 4.480299568176269
netcharge : -15.278206506287699
aromaticity : 0.07096774193548387
gravy : -0.8019354838709684
instability : 41.69806451612903
