molecularweight : 45572.727600000086
pI : 6.490808296203612
netcharge : -1.769175882522248
aromaticity : 0.05651105651105651
gravy : -0.7621621621621621
instability : 45.97248157248157
