molecularweight : 30295.142400000008
pI : 7.87850399017334
netcharge : 2.2609933195776257
aromaticity : 0.08461538461538462
gravy : -0.9065384615384613
instability : 67.36538461538461
