molecularweight : 68269.1145000002
pI : 6.882087898254395
netcharge : -0.42494177786450393
aromaticity : 0.06320907617504051
gravy : -0.42333873581847675
instability : 46.64329011345228
