molecularweight : 24867.906600000002
pI : 5.0878515243530265
netcharge : -9.971712556800707
aromaticity : 0.09292035398230089
gravy : -0.16858407079646032
instability : 27.20756637168141
