molecularweight : 58234.95540000009
pI : 8.48108997344971
netcharge : 5.247768233286173
aromaticity : 0.07421875
gravy : -0.7648437499999987
instability : 64.43535156250019
