molecularweight : 24910.743700000014
pI : 4.899828147888183
netcharge : -13.020897168907933
aromaticity : 0.07476635514018691
gravy : -0.6079439252336454
instability : 34.51495327102802
