molecularweight : 46119.68470000004
pI : 7.5631895065307635
netcharge : 0.928677076508194
aromaticity : 0.08173076923076923
gravy : 0.03822115384615385
instability : 34.48995192307693
