molecularweight : 8487.491599999994
pI : 9.750601387023924
netcharge : 4.597246741012034
aromaticity : 0.027777777777777776
gravy : -1.2958333333333336
instability : 79.97916666666666
