molecularweight : 39312.121600000086
pI : 6.485181236267089
netcharge : -3.0587899300939796
aromaticity : 0.08620689655172414
gravy : -0.16695402298850578
instability : 31.268419540229885
