molecularweight : 14978.523099999982
pI : 4.307224845886232
netcharge : -13.288254030723682
aromaticity : 0.02158273381294964
gravy : -0.10791366906474831
instability : 35.607913669064736
