molecularweight : 15438.595999999996
pI : 5.226140785217283
netcharge : -2.5052128278510004
aromaticity : 0.06666666666666667
gravy : -0.26592592592592584
instability : 32.482962962962944
