molecularweight : 78980.6453000004
pI : 6.790008735656738
netcharge : -1.0954754676533867
aromaticity : 0.0906515580736544
gravy : -0.15538243626062365
instability : 42.282322946175725
