molecularweight : 46365.318600000086
pI : 5.147361946105955
netcharge : -16.44550607124797
aromaticity : 0.10024449877750612
gravy : -0.5193154034229827
instability : 35.62762836185817
