molecularweight : 134625.65420000078
pI : 5.8721727371215815
netcharge : -12.03800727235648
aromaticity : 0.06893687707641195
gravy : -0.2330564784053155
instability : 41.82334717608003
