molecularweight : 12022.020099999992
pI : 10.202653694152833
netcharge : 13.675746976031046
aromaticity : 0.046296296296296294
gravy : -0.5222222222222221
instability : 31.592592592592585
