molecularweight : 37928.86930000007
pI : 6.0836706161499015
netcharge : -4.630793615801643
aromaticity : 0.07507507507507508
gravy : -0.410810810810811
instability : 39.79879879879879
