molecularweight : 40423.71910000002
pI : 8.679781532287599
netcharge : 3.971516095222121
aromaticity : 0.06284153005464481
gravy : -0.5401639344262292
instability : 36.320218579234975
