molecularweight : 89755.96360000066
pI : 5.024362373352051
netcharge : -26.47076958588663
aromaticity : 0.1125158027812895
gravy : -0.38900126422250303
instability : 42.26523388116323
