molecularweight : 19976.4161
pI : 5.995285987854003
netcharge : -2.215687000810391
aromaticity : 0.08433734939759036
gravy : -0.9186746987951807
instability : 59.89156626506024
