molecularweight : 30764.00500000003
pI : 9.652996253967284
netcharge : 15.804342625523663
aromaticity : 0.07246376811594202
gravy : -0.4036231884057973
instability : 47.55583333333334
