molecularweight : 16218.500199999995
pI : 9.916736412048337
netcharge : 10.761693444544344
aromaticity : 0.07857142857142857
gravy : -0.9135714285714291
instability : 49.17928571428571
