molecularweight : 32307.689599999998
pI : 9.040868949890136
netcharge : 6.108562449474171
aromaticity : 0.10320284697508897
gravy : -0.3676156583629898
instability : 27.18256227758007
