molecularweight : 49181.88220000002
pI : 5.189763832092283
netcharge : -14.603751832577345
aromaticity : 0.0979498861047836
gravy : -0.32255125284738095
instability : 30.122118451025052
