molecularweight : 58820.38380000015
pI : 9.491825294494632
netcharge : 21.861520644432183
aromaticity : 0.1136801541425819
gravy : -0.3664739884393066
instability : 34.70695568400769
