molecularweight : 32059.566000000024
pI : 4.99736385345459
netcharge : -11.042984909593695
aromaticity : 0.14388489208633093
gravy : -0.48345323741007246
instability : 50.953237410071935
