molecularweight : 23649.462100000015
pI : 5.2626314163208
netcharge : -5.290127399528508
aromaticity : 0.07009345794392523
gravy : -0.42943925233644875
instability : 53.203738317756994
