molecularweight : 15401.779399999983
pI : 9.675044441223147
netcharge : 6.594151534004382
aromaticity : 0.08955223880597014
gravy : -0.3261194029850747
instability : 57.55895522388058
