molecularweight : 33420.90440000005
pI : 6.665986061096191
netcharge : -0.8883969917986292
aromaticity : 0.09278350515463918
gravy : -0.4044673539518905
instability : 39.09862542955325
