molecularweight : 202286.37680000032
pI : 5.517667961120604
netcharge : -34.64281785303194
aromaticity : 0.09910414333706608
gravy : -0.04860022396416622
instability : 40.97750839865653
