molecularweight : 54531.23069999997
pI : 9.033519554138184
netcharge : 14.435657114767636
aromaticity : 0.051867219917012444
gravy : -0.7134854771784229
instability : 32.74605809128629
