molecularweight : 16911.2739
pI : 7.825059700012208
netcharge : 0.7563190610217188
aromaticity : 0.09933774834437087
gravy : -0.019205298013245012
instability : 23.51331125827814
