molecularweight : 16091.116699999991
pI : 4.265902900695801
netcharge : -9.405809285239208
aromaticity : 0.09868421052631579
gravy : 0.1894736842105263
instability : 53.8861842105263
