molecularweight : 49926.71130000006
pI : 6.3709917068481445
netcharge : -3.3685413142599856
aromaticity : 0.08444444444444445
gravy : -0.2951111111111116
instability : 27.595111111111116
