molecularweight : 96483.87200000056
pI : 5.151283836364745
netcharge : -26.89601890169557
aromaticity : 0.09857482185273159
gravy : -0.12185273159144898
instability : 33.80914489311175
