molecularweight : 37049.97930000008
pI : 7.698921012878418
netcharge : 1.3772245555679135
aromaticity : 0.07120743034055727
gravy : -0.7845201238390094
instability : 44.26191950464394
