molecularweight : 29541.404600000038
pI : 9.997837638854982
netcharge : 16.201737326535845
aromaticity : 0.11740890688259109
gravy : -0.7955465587044532
instability : 62.05991902834008
