molecularweight : 58780.031900000045
pI : 9.473000526428223
netcharge : 17.781361865004257
aromaticity : 0.10848126232741617
gravy : -0.32840236686390545
instability : 46.54481262327425
