molecularweight : 42431.291500000036
pI : 7.782123756408691
netcharge : 1.5032866531694111
aromaticity : 0.1078167115902965
gravy : -0.31347708894878734
instability : 54.491725067385424
