molecularweight : 11297.84869999999
pI : 4.7395421981811525
netcharge : -5.341422578558192
aromaticity : 0.10784313725490197
gravy : 0.24999999999999997
instability : 21.876470588235293
