molecularweight : 39251.582400000036
pI : 9.379521369934082
netcharge : 13.249948551473558
aromaticity : 0.09620991253644315
gravy : -0.4822157434402336
instability : 42.9084548104956
