molecularweight : 17774.208799999993
pI : 7.719780921936036
netcharge : 0.7393352050326563
aromaticity : 0.10429447852760737
gravy : 0.1693251533742331
instability : 40.198220858895695
