molecularweight : 34225.51640000002
pI : 4.724479866027831
netcharge : -29.04805123084648
aromaticity : 0.0664451827242525
gravy : -1.031229235880398
instability : 47.28006644518274
