molecularweight : 38228.58680000006
pI : 6.53872356414795
netcharge : -1.1083319763426047
aromaticity : 0.10404624277456648
gravy : 0.09277456647398863
instability : 48.64771676300579
