molecularweight : 69561.82670000038
pI : 5.064945411682127
netcharge : -29.761716221336783
aromaticity : 0.06957928802588997
gravy : -0.5470873786407751
instability : 45.96262135922338
