molecularweight : 104715.42330000064
pI : 6.294884300231933
netcharge : -7.318109776094303
aromaticity : 0.12222222222222223
gravy : -0.2466666666666664
instability : 38.480933333333425
