molecularweight : 56933.090700000066
pI : 8.66037654876709
netcharge : 3.8291515048736713
aromaticity : 0.10038610038610038
gravy : 0.5339768339768347
instability : 40.83090733590734
