molecularweight : 70698.85240000037
pI : 7.920924186706544
netcharge : 3.2679962102691604
aromaticity : 0.08268330733229329
gravy : -0.5154446177847112
instability : 51.34839313572559
