molecularweight : 46519.16700000012
pI : 9.129190635681152
netcharge : 5.031193771305244
aromaticity : 0.05102040816326531
gravy : -1.3780612244897974
instability : 97.63928571428615
