molecularweight : 70290.25700000032
pI : 5.348969841003417
netcharge : -16.39532101952001
aromaticity : 0.0991869918699187
gravy : -0.567479674796747
instability : 48.30747967479687
