molecularweight : 23756.470600000026
pI : 7.7702539443969725
netcharge : 1.090084058354094
aromaticity : 0.1691542288557214
gravy : 0.38805970149253727
instability : 39.15278606965173
