molecularweight : 21266.821600000003
pI : 4.6804296493530275
netcharge : -10.298081062706903
aromaticity : 0.08421052631578947
gravy : -0.1421052631578946
instability : 31.966315789473683
