molecularweight : 12301.619299999988
pI : 4.606993675231934
netcharge : -9.910503319916346
aromaticity : 0.045871559633027525
gravy : -0.3623853211009173
instability : 20.734862385321097
