molecularweight : 21108.253200000014
pI : 4.753751945495605
netcharge : -13.974120077015634
aromaticity : 0.09782608695652174
gravy : -0.6663043478260873
instability : 35.55440217391305
