molecularweight : 43563.73260000006
pI : 7.079603385925293
netcharge : 0.1650568366584082
aromaticity : 0.08585858585858586
gravy : -0.6696969696969691
instability : 40.27954545454546
