molecularweight : 38573.566400000025
pI : 8.869898796081543
netcharge : 6.831024340055663
aromaticity : 0.12422360248447206
gravy : -0.8015527950310558
instability : 55.372080745341584
