molecularweight : 18021.447199999995
pI : 4.74011058807373
netcharge : -7.249558808247873
aromaticity : 0.08805031446540881
gravy : -0.19371069182389916
instability : 28.164150943396216
