molecularweight : 18964.45379999999
pI : 4.988212776184081
netcharge : -6.3210887844006685
aromaticity : 0.08982035928143711
gravy : -0.4736526946107787
instability : 58.74796407185629
