molecularweight : 22129.66620000001
pI : 5.409446525573729
netcharge : -6.940555743116249
aromaticity : 0.06315789473684211
gravy : -0.6421052631578952
instability : 54.67578947368421
