molecularweight : 37732.537600000025
pI : 7.815582847595215
netcharge : 1.069345782570835
aromaticity : 0.05263157894736842
gravy : -0.23157894736842113
instability : 51.80087719298244
