molecularweight : 24547.540400000005
pI : 9.791152000427243
netcharge : 14.659896640788116
aromaticity : 0.06912442396313365
gravy : -0.25990783410138274
instability : 23.659907834101364
