molecularweight : 88149.40380000057
pI : 5.729109001159668
netcharge : -16.592830860644156
aromaticity : 0.05208333333333333
gravy : -0.8864583333333319
instability : 51.80066406250023
