molecularweight : 74174.74370000036
pI : 5.292244529724121
netcharge : -20.380460487450748
aromaticity : 0.08728943338437978
gravy : -0.4116385911179169
instability : 40.72421133231255
