molecularweight : 43978.2967
pI : 9.966892814636228
netcharge : 25.92995356277782
aromaticity : 0.10362694300518134
gravy : -0.17590673575129534
instability : 42.82204663212435
