molecularweight : 41914.02380000005
pI : 8.643937110900882
netcharge : 3.3293424635277162
aromaticity : 0.06233062330623307
gravy : -0.23712737127371317
instability : 33.557452574525726
