molecularweight : 22889.656600000006
pI : 6.4467580795288075
netcharge : -0.45880664758060874
aromaticity : 0.03398058252427184
gravy : -0.6563106796116507
instability : 36.01262135922329
