molecularweight : 48679.34030000007
pI : 5.418199729919433
netcharge : -13.397106264167
aromaticity : 0.07865168539325842
gravy : 0.043820224719101145
instability : 36.69955056179776
