molecularweight : 93195.28890000045
pI : 6.07304172515869
netcharge : -9.750685450918596
aromaticity : 0.07475490196078431
gravy : -0.5058823529411746
instability : 51.93837009803937
