molecularweight : 185871.38649999854
pI : 4.0500284194946286
netcharge : -190.9998181300034
aromaticity : 0.09683098591549295
gravy : -0.32042253521126823
instability : 44.97039319248865
