molecularweight : 52890.37950000004
pI : 5.006514930725097
netcharge : -11.065153594020284
aromaticity : 0.12955465587044535
gravy : 0.39635627530364453
instability : 29.16578947368421
