molecularweight : 48562.22470000003
pI : 5.705975532531738
netcharge : -7.7450302877282695
aromaticity : 0.0410958904109589
gravy : -0.47922374429223696
instability : 39.95821917808217
