molecularweight : 77369.49120000048
pI : 5.935946083068848
netcharge : -11.65900299918357
aromaticity : 0.07327586206896552
gravy : -0.19066091954022946
instability : 37.512500000000074
