molecularweight : 12950.02979999999
pI : 9.810492515563965
netcharge : 6.749612157518399
aromaticity : 0.10619469026548672
gravy : 0.04159292035398242
instability : 25.735486725663705
