molecularweight : 40779.486700000016
pI : 9.594072151184083
netcharge : 15.875470600932946
aromaticity : 0.12054794520547946
gravy : 0.21616438356164375
instability : 33.22794520547945
