molecularweight : 31328.632900000033
pI : 9.012116050720216
netcharge : 5.978245863213264
aromaticity : 0.07857142857142857
gravy : 0.46107142857142863
instability : 45.23964285714283
