molecularweight : 49650.964700000026
pI : 8.94319934844971
netcharge : 6.516065384235802
aromaticity : 0.12472160356347438
gravy : 0.5701559020044548
instability : 39.426993318485515
