molecularweight : 69880.6234000003
pI : 8.571990394592287
netcharge : 5.845589747056692
aromaticity : 0.0784313725490196
gravy : -0.8049019607843133
instability : 55.02501633986945
