molecularweight : 158862.65830000074
pI : 6.295452690124511
netcharge : -7.585012624394693
aromaticity : 0.09843081312410842
gravy : -0.13031383737517793
instability : 42.6075178316693
