molecularweight : 56915.81040000005
pI : 7.658053779602051
netcharge : 1.9640488238274543
aromaticity : 0.068
gravy : -0.2802000000000004
instability : 46.04240000000003
