molecularweight : 52302.67860000007
pI : 5.23381404876709
netcharge : -15.519135812067034
aromaticity : 0.09978308026030368
gravy : -0.36377440347071616
instability : 37.0416485900217
