molecularweight : 13913.914599999976
pI : 6.630973243713379
netcharge : -0.9186754881272101
aromaticity : 0.07874015748031496
gravy : 0.3527559055118109
instability : 11.140944881889764
