molecularweight : 17544.240299999998
pI : 9.516967964172363
netcharge : 7.181136955367002
aromaticity : 0.14666666666666667
gravy : -0.0706666666666666
instability : 30.181333333333324
