molecularweight : 120491.10980000073
pI : 5.915256690979004
netcharge : -13.5734415461188
aromaticity : 0.07800751879699247
gravy : -0.3096804511278183
instability : 42.23130639097766
