molecularweight : 82467.64710000042
pI : 5.96447925567627
netcharge : -8.315497670012178
aromaticity : 0.11907983761840325
gravy : 0.2775372124492566
instability : 34.60216508795674
