molecularweight : 15693.106599999985
pI : 10.79492473602295
netcharge : 17.80932665849648
aromaticity : 0.10606060606060606
gravy : -0.6757575757575758
instability : 56.74628787878789
