molecularweight : 27703.932100000027
pI : 4.420391273498535
netcharge : -20.304858780958465
aromaticity : 0.0934959349593496
gravy : -0.24308943089430898
instability : 32.03865853658536
