molecularweight : 136733.86430000063
pI : 5.878595542907715
netcharge : -17.08584590688443
aromaticity : 0.09535655058043117
gravy : -0.2932006633499157
instability : 34.92786898839154
