molecularweight : 31113.816800000037
pI : 9.726296806335448
netcharge : 11.95392043316036
aromaticity : 0.08823529411764705
gravy : -0.23198529411764718
instability : 44.41948529411764
