molecularweight : 40797.92470000003
pI : 5.551657676696778
netcharge : -9.587830935803069
aromaticity : 0.08719346049046321
gravy : -0.26512261580381513
instability : 37.053433242506806
