molecularweight : 43512.55720000006
pI : 5.320550346374512
netcharge : -10.860389090891395
aromaticity : 0.0641025641025641
gravy : -0.4815384615384614
instability : 56.45310256410257
