molecularweight : 19281.926099999997
pI : 9.162843132019042
netcharge : 3.935384001271956
aromaticity : 0.07514450867052022
gravy : -0.3502890173410406
instability : 32.79768786127166
