molecularweight : 52337.35420000006
pI : 9.05292453765869
netcharge : 8.720026042190987
aromaticity : 0.09606986899563319
gravy : -0.2506550218340613
instability : 42.640196506550204
