molecularweight : 45248.34380000015
pI : 4.967409706115721
netcharge : -17.961570129576018
aromaticity : 0.08928571428571429
gravy : -1.0150510204081633
instability : 63.970918367347004
