molecularweight : 15952.341499999977
pI : 4.749489021301269
netcharge : -8.205434709161084
aromaticity : 0.09655172413793103
gravy : -0.5993103448275866
instability : 33.531724137931015
