molecularweight : 23296.993300000016
pI : 9.083998298645021
netcharge : 6.785513350044619
aromaticity : 0.07177033492822966
gravy : 0.0535885167464115
instability : 33.59143540669856
