molecularweight : 13135.873999999982
pI : 9.357537651062014
netcharge : 5.200389086698539
aromaticity : 0.035398230088495575
gravy : -0.7637168141592925
instability : 45.966371681415914
