molecularweight : 40720.058900000135
pI : 8.499527931213382
netcharge : 1.8018286495817222
aromaticity : 0.09315068493150686
gravy : -0.11835616438356195
instability : 56.529616438356165
