molecularweight : 38675.40620000009
pI : 5.40347843170166
netcharge : -8.87504992429296
aromaticity : 0.09798270893371758
gravy : -0.23688760806916456
instability : 34.611815561959666
