molecularweight : 28647.770600000025
pI : 5.299065208435058
netcharge : -8.028730297911892
aromaticity : 0.05668016194331983
gravy : -0.9696356275303639
instability : 70.4582995951417
