molecularweight : 475234.5694000035
pI : 5.519032096862792
netcharge : -87.85565568018075
aromaticity : 0.08773198361050855
gravy : -0.1539407086044825
instability : 45.43941913714116
