molecularweight : 139584.3593000007
pI : 8.755725288391115
netcharge : 13.186815584234381
aromaticity : 0.08081632653061224
gravy : -0.4426122448979582
instability : 45.67373061224516
