molecularweight : 194222.7598000003
pI : 5.88962230682373
netcharge : -24.884519413595
aromaticity : 0.08860011813349085
gravy : -0.5522740696987603
instability : 49.11985823981133
