molecularweight : 24884.81900000001
pI : 8.9573823928833
netcharge : 4.933251211804187
aromaticity : 0.0779816513761468
gravy : -0.8371559633027525
instability : 35.99266055045873
