molecularweight : 27752.546900000027
pI : 7.779158210754395
netcharge : 1.0555422108035302
aromaticity : 0.08823529411764705
gravy : -0.5184873949579836
instability : 45.11260504201681
