molecularweight : 56400.924499999994
pI : 5.138438224792479
netcharge : -20.304135878447916
aromaticity : 0.12474849094567404
gravy : -0.4352112676056337
instability : 35.169678068410455
