molecularweight : 44424.32850000001
pI : 8.289103126525884
netcharge : 2.7554024983335026
aromaticity : 0.10761154855643044
gravy : -0.577952755905512
instability : 41.74884514435694
