molecularweight : 29674.872100000033
pI : 5.076767921447753
netcharge : -14.560527543506609
aromaticity : 0.0599250936329588
gravy : -0.5033707865168542
instability : 26.57191011235954
