molecularweight : 22783.8662
pI : 6.160630607604979
netcharge : -1.303416566041495
aromaticity : 0.06862745098039216
gravy : -0.1578431372549019
instability : 39.27205882352941
