molecularweight : 27188.33470000001
pI : 5.591274452209471
netcharge : -5.050372373242077
aromaticity : 0.100418410041841
gravy : -0.34309623430962366
instability : 26.125104602510458
