molecularweight : 70679.9190000003
pI : 6.125901985168456
netcharge : -7.00707325684553
aromaticity : 0.05963302752293578
gravy : -0.09892966360856278
instability : 33.20276758409786
