molecularweight : 37965.82950000006
pI : 9.199396705627443
netcharge : 8.928124579870818
aromaticity : 0.11009174311926606
gravy : -0.15840978593272176
instability : 47.49911314984708
