molecularweight : 18323.89359999998
pI : 4.372703361511231
netcharge : -13.202581080972413
aromaticity : 0.08695652173913043
gravy : -0.8105590062111802
instability : 56.80621118012423
