molecularweight : 34651.59369999999
pI : 8.977689933776855
netcharge : 2.983807739719417
aromaticity : 0.06209150326797386
gravy : -1.3215686274509795
instability : 76.56375816993473
