molecularweight : 64665.47820000016
pI : 5.555977439880371
netcharge : -14.972988920014878
aromaticity : 0.03904923599320883
gravy : -0.7835314091680807
instability : 52.58285229202049
