molecularweight : 35557.09000000002
pI : 6.15125217437744
netcharge : -5.271271785570725
aromaticity : 0.09090909090909091
gravy : -0.37597402597402635
instability : 40.2224025974026
