molecularweight : 34984.94040000005
pI : 5.008333778381346
netcharge : -13.690056970510785
aromaticity : 0.07523510971786834
gravy : -0.11222570532915362
instability : 39.82100313479623
