molecularweight : 83458.28790000036
pI : 8.253645515441896
netcharge : 4.881993079082946
aromaticity : 0.09722222222222222
gravy : -0.6276388888888876
instability : 48.83545833333349
