molecularweight : 42593.91470000007
pI : 9.193336677551269
netcharge : 19.78587664394321
aromaticity : 0.10306406685236769
gravy : -0.8384401114206124
instability : 52.09108635097495
