molecularweight : 33464.3078
pI : 5.534208106994628
netcharge : -5.779432379036912
aromaticity : 0.09539473684210527
gravy : -0.2756578947368421
instability : 24.30236842105263
