molecularweight : 33579.05460000004
pI : 5.119851875305175
netcharge : -11.867106796602641
aromaticity : 0.09427609427609428
gravy : -0.13771043771043764
instability : 48.60134680134679
