molecularweight : 44534.55360000003
pI : 5.393986320495605
netcharge : -10.670139739634045
aromaticity : 0.10714285714285715
gravy : -0.38801020408163284
instability : 42.89107142857143
