molecularweight : 29219.53470000001
pI : 5.175951957702636
netcharge : -9.89204841478885
aromaticity : 0.08365019011406843
gravy : -0.2764258555133082
instability : 34.38288973384031
