molecularweight : 94039.16560000055
pI : 5.657491874694824
netcharge : -16.693739603683753
aromaticity : 0.11055900621118012
gravy : -0.5593788819875769
instability : 44.55788819875789
