molecularweight : 11836.51849999999
pI : 9.644937705993652
netcharge : 5.122814031348129
aromaticity : 0.04716981132075472
gravy : -0.5075471698113206
instability : 32.31603773584904
