molecularweight : 55571.96660000008
pI : 6.1003244400024395
netcharge : -5.428926959093353
aromaticity : 0.06336633663366337
gravy : -0.15900990099009954
instability : 33.25524752475246
