molecularweight : 85723.29060000065
pI : 7.9790746688842775
netcharge : 3.854744475269925
aromaticity : 0.08485639686684074
gravy : -0.508877284595299
instability : 51.56295039164511
