molecularweight : 16416.79489999999
pI : 8.695898628234861
netcharge : 4.220657970680534
aromaticity : 0.0763888888888889
gravy : 0.015277777777777786
instability : 54.52708333333332
