molecularweight : 48264.527400000145
pI : 6.9130651473999025
netcharge : -0.30402178561403304
aromaticity : 0.05239179954441914
gravy : -0.7815489749430523
instability : 64.43849658314362
