molecularweight : 50849.99270000003
pI : 6.2297468185424805
netcharge : -6.630276405474312
aromaticity : 0.09932279909706546
gravy : -0.5074492099322788
instability : 51.306613995485385
