molecularweight : 80077.1582000004
pI : 8.372138404846194
netcharge : 4.514163482232007
aromaticity : 0.08404558404558404
gravy : -0.43119658119657955
instability : 42.17494301994313
