molecularweight : 23683.604600000035
pI : 5.341410255432128
netcharge : -5.195845021012367
aromaticity : 0.06730769230769232
gravy : -0.41346153846153866
instability : 35.661057692307686
