molecularweight : 33531.80190000003
pI : 6.0592866897583
netcharge : -3.7826514625393735
aromaticity : 0.1423611111111111
gravy : 0.011111111111111053
instability : 43.43375
