molecularweight : 65849.85430000018
pI : 5.104221153259277
netcharge : -24.03380949035175
aromaticity : 0.10321489001692047
gravy : -0.15972927241962792
instability : 34.418460236886645
