molecularweight : 34537.04980000002
pI : 5.041129875183105
netcharge : -9.058035702340824
aromaticity : 0.12582781456953643
gravy : 0.5652317880794704
instability : 43.61523178807947
