molecularweight : 37814.791300000004
pI : 6.330522346496582
netcharge : -2.7201713676690176
aromaticity : 0.08595988538681948
gravy : -0.16934097421203434
instability : 21.02722063037249
