molecularweight : 40325.100299999984
pI : 9.114105033874512
netcharge : 14.10695723876777
aromaticity : 0.06906077348066297
gravy : -0.3000000000000004
instability : 54.057486187845306
