molecularweight : 103479.21160000087
pI : 8.667661476135255
netcharge : 9.6583268212553
aromaticity : 0.09197860962566845
gravy : 0.3017112299465245
instability : 36.832641711230096
