molecularweight : 70186.34430000019
pI : 6.404754066467285
netcharge : -3.375371900094734
aromaticity : 0.08469055374592835
gravy : -0.4659609120521172
instability : 41.64218241042347
