molecularweight : 31766.84450000003
pI : 4.693388938903809
netcharge : -19.9983478528196
aromaticity : 0.06028368794326241
gravy : -0.7521276595744687
instability : 36.59468085106384
