molecularweight : 48856.866400000064
pI : 5.330440330505371
netcharge : -9.870437022036533
aromaticity : 0.0995475113122172
gravy : -0.13393665158371038
instability : 31.560407239818993
