molecularweight : 71122.29980000018
pI : 9.164132499694826
netcharge : 13.51051497010711
aromaticity : 0.09046849757673667
gravy : -0.5907915993537947
instability : 50.27823909531518
