molecularweight : 54264.72000000003
pI : 6.198883247375488
netcharge : -4.520643347264048
aromaticity : 0.07910750507099391
gravy : -0.30202839756592303
instability : 44.631480730223224
