molecularweight : 53652.107400000095
pI : 6.653936195373537
netcharge : -1.4419053306356133
aromaticity : 0.12446351931330471
gravy : -0.4504291845493563
instability : 45.41311158798284
