molecularweight : 48917.84020000001
pI : 8.8949125289917
netcharge : 5.584519841393686
aromaticity : 0.0831353919239905
gravy : -0.38788598574821903
instability : 41.57078384798099
