molecularweight : 34585.495400000065
pI : 5.018280601501464
netcharge : -11.060982548164695
aromaticity : 0.08116883116883117
gravy : -0.312987012987013
instability : 50.26233766233763
