molecularweight : 15004.991799999978
pI : 7.733592796325683
netcharge : 0.8294616150013017
aromaticity : 0.10294117647058823
gravy : -0.06029411764705871
instability : 15.134558823529408
