molecularweight : 36991.39340000003
pI : 9.42909755706787
netcharge : 10.269135295284364
aromaticity : 0.14375
gravy : -0.08187499999999999
instability : 38.17909375
