molecularweight : 13716.931399999976
pI : 10.96699085235596
netcharge : 21.714733641351454
aromaticity : 0.05042016806722689
gravy : -0.750420168067227
instability : 58.404201680672266
