molecularweight : 81269.23280000043
pI : 5.300145149230956
netcharge : -14.738516648997148
aromaticity : 0.09787234042553192
gravy : -0.23262411347517767
instability : 41.70299290780149
