molecularweight : 52688.93520000003
pI : 5.569505119323729
netcharge : -11.381803607969516
aromaticity : 0.11324786324786323
gravy : -0.2779914529914531
instability : 30.334017094017096
