molecularweight : 16234.073199999999
pI : 4.530090522766113
netcharge : -7.490094671130544
aromaticity : 0.10344827586206896
gravy : -0.2779310344827585
instability : 31.590344827586193
