molecularweight : 13171.034999999985
pI : 4.0500284194946286
netcharge : -23.441201810451265
aromaticity : 0.025210084033613446
gravy : -0.7210084033613449
instability : 47.35882352941175
