molecularweight : 67861.34480000018
pI : 5.339420890808105
netcharge : -19.825204151315766
aromaticity : 0.09900990099009901
gravy : -0.1277227722772278
instability : 34.959603960396045
