molecularweight : 53550.72950000004
pI : 5.519202613830565
netcharge : -12.360788290810461
aromaticity : 0.1163793103448276
gravy : -0.5215517241379308
instability : 34.27502155172416
