molecularweight : 26938.850800000037
pI : 8.776226234436034
netcharge : 3.8368597541270617
aromaticity : 0.10084033613445378
gravy : -0.1882352941176469
instability : 34.57735294117647
