molecularweight : 27817.320800000027
pI : 6.360135459899902
netcharge : -1.2042258718439172
aromaticity : 0.059288537549407105
gravy : -0.2754940711462452
instability : 39.209881422924894
