molecularweight : 40593.28850000004
pI : 8.9237943649292
netcharge : 11.14577392738071
aromaticity : 0.06611570247933884
gravy : -0.1691460055096418
instability : 48.2685950413223
