molecularweight : 22588.20540000001
pI : 5.811582374572754
netcharge : -4.033215539346227
aromaticity : 0.07035175879396985
gravy : -0.6095477386934676
instability : 47.00050251256281
