molecularweight : 82896.17390000047
pI : 6.431525230407714
netcharge : -4.632338936009035
aromaticity : 0.08653846153846154
gravy : -0.38557692307692143
instability : 55.179958791208925
