molecularweight : 108566.15870000099
pI : 5.56222972869873
netcharge : -16.983214052606655
aromaticity : 0.08713692946058091
gravy : -0.4176348547717823
instability : 48.124616182572886
