molecularweight : 59408.71170000014
pI : 4.194172096252441
netcharge : -88.71422262988085
aromaticity : 0.05802707930367505
gravy : -1.055319148936168
instability : 53.90754352030956
