molecularweight : 52640.18460000008
pI : 4.59511432647705
netcharge : -35.60842071480778
aromaticity : 0.07531380753138076
gravy : -0.3903765690376571
instability : 49.26824267782429
