molecularweight : 236861.90609999985
pI : 6.023421287536621
netcharge : -24.342296332938787
aromaticity : 0.07670720299345182
gravy : -0.33713751169316997
instability : 35.53902245088907
