molecularweight : 82518.99160000034
pI : 6.222641944885253
netcharge : -6.0561459903967005
aromaticity : 0.11095505617977527
gravy : -0.5501404494382006
instability : 42.44161516853944
