molecularweight : 149932.4056000007
pI : 4.8552095413208
netcharge : -66.75808928124489
aromaticity : 0.08175624526873582
gravy : -0.48213474640423987
instability : 46.185927327782316
