molecularweight : 14005.602999999983
pI : 5.093649101257324
netcharge : -5.215890514005258
aromaticity : 0.10483870967741934
gravy : -0.2677419354838708
instability : 22.54919354838709
