molecularweight : 15877.039299999986
pI : 9.222411918640137
netcharge : 2.670239197223978
aromaticity : 0.18309859154929578
gravy : 0.3401408450704226
instability : 26.060633802816895
