molecularweight : 19968.834800000004
pI : 7.596156120300294
netcharge : 0.7174456602707409
aromaticity : 0.10497237569060773
gravy : 0.051933701657458635
instability : 37.49337016574584
