molecularweight : 92012.41290000049
pI : 8.986973381042482
netcharge : 11.795388867627153
aromaticity : 0.0588957055214724
gravy : -0.4530061349693245
instability : 45.41894478527627
