molecularweight : 36431.73830000008
pI : 9.6169584274292
netcharge : 10.961310354905851
aromaticity : 0.08035714285714285
gravy : 0.17619047619047584
instability : 34.103869047619035
