molecularweight : 85242.18870000048
pI : 8.320692634582521
netcharge : 4.204964311776706
aromaticity : 0.05408970976253298
gravy : -0.6051451187335068
instability : 44.28865435356213
