molecularweight : 81343.25540000042
pI : 5.186524009704589
netcharge : -26.860131011864226
aromaticity : 0.1095505617977528
gravy : -0.30603932584269683
instability : 37.286825842696686
