molecularweight : 33833.338400000015
pI : 5.813173866271973
netcharge : -3.2258805381689015
aromaticity : 0.09803921568627451
gravy : -0.23692810457516364
instability : 27.238235294117654
