molecularweight : 49840.41959999998
pI : 5.063922309875487
netcharge : -7.366708116132774
aromaticity : 0.09492273730684327
gravy : 0.4088300220750551
instability : 36.086777041942604
