molecularweight : 30430.759300000023
pI : 9.250520133972167
netcharge : 8.044993260620004
aromaticity : 0.06716417910447761
gravy : -0.5149253731343287
instability : 41.94593283582088
