molecularweight : 122050.70040000085
pI : 5.225060844421385
netcharge : -31.450127968929877
aromaticity : 0.10818438381937912
gravy : -0.09576669802445932
instability : 40.161721542803534
