molecularweight : 83063.0086000004
pI : 8.810394477844238
netcharge : 10.78307216308562
aromaticity : 0.07055630936227951
gravy : -0.12754409769335148
instability : 40.7249660786975
