molecularweight : 25159.159400000004
pI : 6.2495267868042
netcharge : -2.781474402415572
aromaticity : 0.03111111111111111
gravy : -0.5848888888888889
instability : 58.888444444444445
