molecularweight : 32245.954999999998
pI : 5.219604301452636
netcharge : -6.317475869439065
aromaticity : 0.053156146179401995
gravy : -0.2694352159468439
instability : 42.58205980066445
