molecularweight : 87710.59660000051
pI : 4.79780216217041
netcharge : -39.021440451922885
aromaticity : 0.11025641025641025
gravy : -0.27589743589743587
instability : 40.444230769230906
