molecularweight : 71556.28970000026
pI : 9.357666587829591
netcharge : 20.69686878578058
aromaticity : 0.09323308270676692
gravy : 0.13533834586466179
instability : 39.68287218045123
