molecularweight : 25485.161000000004
pI : 9.958834266662599
netcharge : 19.898074401659418
aromaticity : 0.09009009009009009
gravy : -0.6198198198198205
instability : 49.509459459459464
