molecularweight : 18007.767599999996
pI : 9.697672843933105
netcharge : 6.847333254623416
aromaticity : 0.13414634146341464
gravy : 0.30670731707317056
instability : 40.493902439024374
