molecularweight : 23565.367500000022
pI : 4.869817161560058
netcharge : -8.308208593429708
aromaticity : 0.09803921568627452
gravy : -0.5441176470588237
instability : 49.6010294117647
