molecularweight : 17631.881599999982
pI : 9.759949302673338
netcharge : 7.603267043286074
aromaticity : 0.11842105263157894
gravy : -0.6250000000000003
instability : 36.96052631578945
