molecularweight : 34138.464700000055
pI : 4.541287803649904
netcharge : -19.170953241747082
aromaticity : 0.056074766355140186
gravy : -0.0965732087227413
instability : 35.9595015576324
