molecularweight : 59564.57420000014
pI : 6.829852867126465
netcharge : -0.29344174474037743
aromaticity : 0.14711359404096835
gravy : 0.36610800744878963
instability : 31.732998137802607
