molecularweight : 44517.41370000012
pI : 4.152906990051269
netcharge : -38.126468791134016
aromaticity : 0.11386138613861387
gravy : -0.2423267326732674
instability : 42.219306930693065
