molecularweight : 71696.77300000023
pI : 7.251825523376465
netcharge : 0.8360169248198162
aromaticity : 0.11605723370429254
gravy : -0.5357710651828289
instability : 48.03992050874421
