molecularweight : 86641.4942000006
pI : 5.486633872985839
netcharge : -19.868034963427704
aromaticity : 0.070242656449553
gravy : -0.385568326947637
instability : 36.94983397190307
