molecularweight : 92656.45690000059
pI : 7.607523918151856
netcharge : 1.9493844223009802
aromaticity : 0.10049627791563276
gravy : -0.6311414392059534
instability : 41.38786600496293
