molecularweight : 14679.823099999981
pI : 9.070975685119631
netcharge : 4.075822467314408
aromaticity : 0.08396946564885496
gravy : 0.07709923664122138
instability : 25.467938931297706
