molecularweight : 100904.75130000064
pI : 5.125024223327636
netcharge : -29.95664163681448
aromaticity : 0.08158765159867695
gravy : -0.062183020948181
instability : 41.45126791620745
