molecularweight : 48083.17070000011
pI : 8.441893196105962
netcharge : 2.963714867261963
aromaticity : 0.06074766355140186
gravy : -0.3362149532710282
instability : 56.25841121495339
