molecularweight : 45678.76599999998
pI : 4.393392753601075
netcharge : -49.17478174378141
aromaticity : 0.05352798053527981
gravy : -0.9559610705596081
instability : 53.38199513382002
