molecularweight : 28984.626100000016
pI : 8.361565589904789
netcharge : 1.81931176246556
aromaticity : 0.0728744939271255
gravy : -1.1449392712550603
instability : 47.41174089068825
