molecularweight : 75255.44430000025
pI : 6.265384864807129
netcharge : -4.4022333162819365
aromaticity : 0.11162079510703364
gravy : -0.17217125382263002
instability : 49.10019877675849
