molecularweight : 49628.2020000001
pI : 4.211507987976075
netcharge : -29.993742642623875
aromaticity : 0.13392857142857145
gravy : -0.0377232142857146
instability : 31.607388392857132
