molecularweight : 30626.524900000044
pI : 9.121647834777832
netcharge : 5.775846149009169
aromaticity : 0.09701492537313433
gravy : -0.5115671641791047
instability : 52.91645522388057
