molecularweight : 64863.64380000012
pI : 5.465035057067872
netcharge : -11.599466668034552
aromaticity : 0.10265486725663717
gravy : -0.34902654867256655
instability : 37.134176991150426
