molecularweight : 46748.48250000016
pI : 5.412288475036621
netcharge : -8.00058391743896
aromaticity : 0.06904761904761905
gravy : -0.3204761904761907
instability : 61.310476190476265
