molecularweight : 51235.248700000164
pI : 4.35610637664795
netcharge : -27.013040463811326
aromaticity : 0.1040339702760085
gravy : -0.09320594479830174
instability : 24.81592356687898
