molecularweight : 47076.73350000002
pI : 6.011371421813963
netcharge : -7.282409269033835
aromaticity : 0.12560386473429952
gravy : -0.40869565217391324
instability : 37.625362318840565
