molecularweight : 35623.57289999999
pI : 9.57473163604736
netcharge : 8.985666179651524
aromaticity : 0.053125000000000006
gravy : -0.7768749999999999
instability : 54.60937499999997
