molecularweight : 70296.69010000015
pI : 8.402438545227053
netcharge : 6.283050417825905
aromaticity : 0.10552763819095477
gravy : -0.41088777219430433
instability : 33.741725293132326
