molecularweight : 19941.369799999993
pI : 5.424395179748534
netcharge : -4.226665189032232
aromaticity : 0.11627906976744186
gravy : -0.49069767441860485
instability : 60.62627906976745
