molecularweight : 63475.75710000026
pI : 6.471028327941894
netcharge : -2.4928921172210607
aromaticity : 0.05809859154929578
gravy : -0.5834507042253508
instability : 50.03204225352121
