molecularweight : 331348.32370000187
pI : 6.202293586730956
netcharge : -24.20419126804029
aromaticity : 0.09430051813471502
gravy : -0.08628670120898092
instability : 44.063025906736065
