molecularweight : 68140.40730000018
pI : 9.001607704162598
netcharge : 15.38666890719115
aromaticity : 0.07425742574257425
gravy : -0.20462046204620496
instability : 32.098019801980186
