molecularweight : 64942.920300000165
pI : 4.477400779724121
netcharge : -51.36441603543742
aromaticity : 0.06837606837606838
gravy : -0.6087179487179476
instability : 42.74820512820522
