molecularweight : 47616.27340000003
pI : 6.374970436096191
netcharge : -3.362152571631995
aromaticity : 0.1079136690647482
gravy : -0.17673860911271005
instability : 35.13671462829737
