molecularweight : 201147.9897999992
pI : 5.520282554626463
netcharge : -33.75416217512486
aromaticity : 0.08842794759825327
gravy : -0.18706331877729226
instability : 34.985987991266725
