molecularweight : 111426.82380000097
pI : 4.907330894470214
netcharge : -36.15172181100101
aromaticity : 0.09753593429158111
gravy : 0.015913757700205252
instability : 47.38380903490779
