molecularweight : 64987.92530000017
pI : 8.766040229797362
netcharge : 7.1414620963637105
aromaticity : 0.13651877133105803
gravy : 0.3668941979522187
instability : 48.78621160409562
