molecularweight : 34919.31460000003
pI : 4.819969367980956
netcharge : -10.404017834961735
aromaticity : 0.09354838709677418
gravy : -0.1609677419354839
instability : 42.076516129032235
