molecularweight : 47426.84050000017
pI : 6.874812507629395
netcharge : -0.43064665273990954
aromaticity : 0.07476635514018691
gravy : -0.75303738317757
instability : 72.50422897196275
