molecularweight : 23318.695600000014
pI : 9.541337013244629
netcharge : 8.031545495097582
aromaticity : 0.07211538461538462
gravy : -0.28701923076923114
instability : 35.916346153846156
