molecularweight : 44121.01529999997
pI : 6.195870780944825
netcharge : -2.910069616590519
aromaticity : 0.08585858585858586
gravy : 0.32702020202020204
instability : 34.60732323232323
