molecularweight : 59865.353500000114
pI : 6.412256813049316
netcharge : -2.6199018776364156
aromaticity : 0.07894736842105263
gravy : -0.5460526315789473
instability : 52.8255639097745
