molecularweight : 33557.037500000035
pI : 6.181433677673339
netcharge : -4.44617540615392
aromaticity : 0.0944055944055944
gravy : -0.4192307692307696
instability : 38.21856643356644
