molecularweight : 46037.33970000007
pI : 6.496946907043457
netcharge : -2.3990019562624525
aromaticity : 0.13164556962025317
gravy : 0.062025316455696276
instability : 44.701569620253174
