molecularweight : 19820.777299999987
pI : 5.238872718811035
netcharge : -4.305719848462019
aromaticity : 0.10382513661202186
gravy : 0.24808743169398897
instability : 26.86010928961746
