molecularweight : 60448.60610000011
pI : 5.720412635803222
netcharge : -8.6003985775356
aromaticity : 0.03956834532374101
gravy : -0.10143884892086326
instability : 39.14100719424463
