molecularweight : 53983.907500000016
pI : 7.97398166656494
netcharge : 2.4580202832520257
aromaticity : 0.10560344827586207
gravy : -0.6124999999999992
instability : 44.60715517241378
