molecularweight : 44193.579000000114
pI : 4.76739330291748
netcharge : -19.072930037921843
aromaticity : 0.07908163265306123
gravy : -0.10867346938775514
instability : 43.727091836734694
