molecularweight : 24054.2791
pI : 9.275791740417482
netcharge : 4.9259953750941605
aromaticity : 0.14084507042253522
gravy : -0.10798122065727721
instability : 23.524460093896707
