molecularweight : 159695.58100000076
pI : 5.862225914001464
netcharge : -20.705189058337197
aromaticity : 0.0888086642599278
gravy : -0.1210830324909752
instability : 40.726231046931666
