molecularweight : 22520.000000000025
pI : 9.337745857238769
netcharge : 11.577096480411827
aromaticity : 0.14948453608247422
gravy : -0.09123711340206178
instability : 48.670206185567004
