molecularweight : 75912.50930000027
pI : 6.136189842224121
netcharge : -6.993813687346957
aromaticity : 0.12291350531107739
gravy : -0.37314112291350504
instability : 44.568634294385525
