molecularweight : 70327.65930000026
pI : 8.937590599060062
netcharge : 14.157850077265309
aromaticity : 0.11258278145695363
gravy : -0.22466887417218542
instability : 39.18016556291393
