molecularweight : 38773.96370000002
pI : 6.624152565002441
netcharge : -0.9742348646853998
aromaticity : 0.0641399416909621
gravy : -0.7766763848396496
instability : 48.21052478134108
