molecularweight : 245624.95950000008
pI : 5.607871437072753
netcharge : -40.68358178312306
aromaticity : 0.09035863996273871
gravy : -0.25309734513274146
instability : 46.11311597578052
