molecularweight : 137856.4178000007
pI : 4.652635383605957
netcharge : -79.51314148471968
aromaticity : 0.10066555740432612
gravy : -0.5891846921796992
instability : 49.98016638935129
