molecularweight : 18233.215699999993
pI : 8.19072437286377
netcharge : 4.003384046509291
aromaticity : 0.06432748538011696
gravy : -0.6900584795321641
instability : 57.62222222222221
