molecularweight : 22060.974300000013
pI : 5.339932441711425
netcharge : -4.295061319560059
aromaticity : 0.09230769230769231
gravy : -0.42615384615384666
instability : 30.833846153846157
