molecularweight : 67222.92660000015
pI : 6.236851692199706
netcharge : -4.480266940666425
aromaticity : 0.07849829351535836
gravy : -0.42133105802047777
instability : 44.37918088737208
