molecularweight : 49069.82960000002
pI : 8.33584270477295
netcharge : 3.3893225755079968
aromaticity : 0.09263657957244656
gravy : -0.5527315914489308
instability : 47.37935866983372
