molecularweight : 45220.43140000001
pI : 6.363602638244628
netcharge : -1.918984489953246
aromaticity : 0.09290953545232272
gravy : -0.3422982885085579
instability : 27.707628361858198
