molecularweight : 40984.83510000003
pI : 5.725926017761232
netcharge : -5.877198023844947
aromaticity : 0.058981233243967826
gravy : 0.04825737265415551
instability : 33.217158176943705
