molecularweight : 146184.7014000007
pI : 5.257288551330566
netcharge : -36.41877220933324
aromaticity : 0.06511627906976744
gravy : -0.7628682170542658
instability : 55.85219379845003
