molecularweight : 103652.28210000068
pI : 4.923416328430174
netcharge : -43.654631334432224
aromaticity : 0.06803455723542116
gravy : -0.422246220302375
instability : 43.07150107991379
