molecularweight : 18529.888200000005
pI : 5.427521324157714
netcharge : -4.2270752501377125
aromaticity : 0.0755813953488372
gravy : -0.12441860465116268
instability : 38.219767441860455
