molecularweight : 38776.67330000005
pI : 5.8651247024536115
netcharge : -4.885404531227643
aromaticity : 0.1264705882352941
gravy : -0.20529411764705907
instability : 50.144999999999996
