molecularweight : 44488.8502
pI : 9.864259147644042
netcharge : 27.017748615409083
aromaticity : 0.06426735218508997
gravy : -0.23161953727506474
instability : 44.05295629820051
