molecularweight : 19718.217399999994
pI : 7.733820152282715
netcharge : 0.77936663523937
aromaticity : 0.06976744186046512
gravy : -0.8796511627906981
instability : 31.007558139534865
