molecularweight : 54994.94230000011
pI : 8.502235603332519
netcharge : 5.0579710005351615
aromaticity : 0.10450819672131148
gravy : -0.3969262295081966
instability : 54.84635245901648
