molecularweight : 35892.680100000085
pI : 5.741443061828614
netcharge : -4.154370566375491
aromaticity : 0.05487804878048781
gravy : -0.1652439024390243
instability : 35.30518292682926
