molecularweight : 56634.0447
pI : 8.450983238220218
netcharge : 3.2956163698738266
aromaticity : 0.11313131313131314
gravy : -0.20242424242424267
instability : 47.27535353535363
