molecularweight : 38960.44650000001
pI : 9.09637622833252
netcharge : 8.364397217792842
aromaticity : 0.0967741935483871
gravy : -0.6882697947214077
instability : 59.75343108504398
