molecularweight : 126465.40690000079
pI : 5.999605751037596
netcharge : -14.057077961387051
aromaticity : 0.09749552772808587
gravy : -0.29275491949910454
instability : 37.123363148479605
