molecularweight : 57668.10980000002
pI : 8.326494789123537
netcharge : 3.5523562244851803
aromaticity : 0.08365758754863814
gravy : -0.30369649805447496
instability : 25.39708171206225
