molecularweight : 43059.85940000001
pI : 5.349879264831543
netcharge : -10.714679759331098
aromaticity : 0.07936507936507936
gravy : -0.512698412698412
instability : 48.58179894179892
