molecularweight : 23913.3403
pI : 4.498431205749512
netcharge : -16.439314193686315
aromaticity : 0.03773584905660377
gravy : -0.8938679245283018
instability : 50.45141509433962
