molecularweight : 68455.53890000036
pI : 5.884734153747559
netcharge : -9.167910047974793
aromaticity : 0.09546925566343042
gravy : 0.5571197411003248
instability : 36.6145792880259
