molecularweight : 37025.612200000025
pI : 9.737643241882324
netcharge : 15.844292541733282
aromaticity : 0.07621951219512195
gravy : -0.29603658536585403
instability : 26.850609756097555
