molecularweight : 44572.53840000007
pI : 8.027361488342287
netcharge : 2.5281761212000404
aromaticity : 0.09114583333333334
gravy : -0.5057291666666666
instability : 43.85442708333331
