molecularweight : 17794.863699999987
pI : 6.697531700134278
netcharge : -0.8228641959963596
aromaticity : 0.11538461538461539
gravy : -0.5096153846153846
instability : 48.075705128205115
