molecularweight : 41221.881300000045
pI : 5.812605476379395
netcharge : -8.319703360792978
aromaticity : 0.09788359788359788
gravy : -0.21957671957671981
instability : 28.89814814814815
