molecularweight : 63109.92190000019
pI : 9.412271308898926
netcharge : 15.451666097272174
aromaticity : 0.04886561954624782
gravy : -0.7881326352530528
instability : 56.94764397905777
