molecularweight : 77788.83930000039
pI : 9.399248695373537
netcharge : 20.96055543854726
aromaticity : 0.06386066763425254
gravy : -0.6092888243831626
instability : 46.005674891146704
