molecularweight : 68198.44090000018
pI : 8.615055274963382
netcharge : 6.725307729378002
aromaticity : 0.08347245409015025
gravy : -0.5948247078464097
instability : 53.47998330550932
