molecularweight : 28796.702799999955
pI : 5.326404762268066
netcharge : -6.1113971967259
aromaticity : 0.08396946564885496
gravy : -0.6969465648854962
instability : 62.390458015267164
