molecularweight : 35338.26650000004
pI : 4.728685951232909
netcharge : -8.48779125580753
aromaticity : 0.11538461538461539
gravy : 0.1868589743589739
instability : 41.17435897435896
