molecularweight : 38810.16339999998
pI : 4.47012538909912
netcharge : -27.290728797300694
aromaticity : 0.09593023255813954
gravy : -0.5328488372093024
instability : 46.61279069767442
