molecularweight : 17204.452199999996
pI : 9.322015571594239
netcharge : 4.5329479646349995
aromaticity : 0.08
gravy : -0.8386666666666673
instability : 55.15599999999999
