molecularweight : 40545.64129999999
pI : 9.065109062194825
netcharge : 6.87259342241056
aromaticity : 0.057692307692307696
gravy : -0.7431318681318667
instability : 59.00109890109892
