molecularweight : 20869.6618
pI : 8.94113636016846
netcharge : 2.6079788253441976
aromaticity : 0.047619047619047616
gravy : -0.3783068783068783
instability : 44.84656084656083
