molecularweight : 35082.73730000006
pI : 5.463727760314941
netcharge : -6.130208547468136
aromaticity : 0.07076923076923078
gravy : -0.09507692307692299
instability : 37.11603076923075
