molecularweight : 20483.284299999985
pI : 8.924761390686037
netcharge : 2.5845374866147566
aromaticity : 0.1270718232044199
gravy : 0.022651933701657502
instability : 36.045359116022084
