molecularweight : 49272.093900000014
pI : 6.220425224304199
netcharge : -4.432205686582691
aromaticity : 0.09027777777777776
gravy : -0.4101851851851851
instability : 41.769953703703685
