molecularweight : 39249.730800000005
pI : 5.76383762359619
netcharge : -5.007326285203085
aromaticity : 0.08529411764705883
gravy : -0.7185294117647065
instability : 53.18323529411763
