molecularweight : 83782.97640000048
pI : 8.695963096618652
netcharge : 8.974645205990342
aromaticity : 0.07209612817089453
gravy : -0.6982643524699575
instability : 45.85261682243005
