molecularweight : 23107.903700000006
pI : 5.426498222351074
netcharge : -4.253428275179466
aromaticity : 0.09359605911330049
gravy : -0.3418719211822662
instability : 52.18231527093597
