molecularweight : 48422.55769999999
pI : 4.631832313537598
netcharge : -26.106460253759664
aromaticity : 0.10551558752997603
gravy : -0.25659472422062396
instability : 44.08904076738608
