molecularweight : 29574.258400000024
pI : 10.125549507141113
netcharge : 29.117055595720988
aromaticity : 0.053639846743295014
gravy : -0.7632183908045979
instability : 39.25555555555554
