molecularweight : 56255.291800000035
pI : 6.973541831970215
netcharge : -0.05871870250683031
aromaticity : 0.13043478260869565
gravy : 0.1855731225296441
instability : 33.248023715415
