molecularweight : 40848.02770000005
pI : 8.604482460021977
netcharge : 4.7012852437143735
aromaticity : 0.05630026809651475
gravy : -0.0029490616621984035
instability : 36.747989276139414
