molecularweight : 46502.02790000007
pI : 6.04683895111084
netcharge : -3.0532044805359533
aromaticity : 0.09268292682926829
gravy : -0.13390243902439034
instability : 32.40146341463413
