molecularweight : 114855.02150000066
pI : 5.101663398742674
netcharge : -36.103405776116176
aromaticity : 0.08855721393034827
gravy : -0.584875621890546
instability : 46.78221890547283
