molecularweight : 50389.32960000007
pI : 5.771454048156738
netcharge : -8.440739944754661
aromaticity : 0.11659192825112108
gravy : -0.35627802690582994
instability : 38.10385650224214
