molecularweight : 52597.68500000004
pI : 7.574557304382325
netcharge : 0.5792911524261939
aromaticity : 0.13987473903966596
gravy : 0.6198329853862228
instability : 27.56288100208769
