molecularweight : 41434.407800000045
pI : 5.333736991882325
netcharge : -16.15927896440987
aromaticity : 0.08967391304347826
gravy : -0.6519021739130438
instability : 33.399456521739125
