molecularweight : 83040.96100000049
pI : 5.778786277770995
netcharge : -11.268428591518813
aromaticity : 0.1115702479338843
gravy : -0.3320936639118458
instability : 44.23568870523425
