molecularweight : 208344.83939999988
pI : 5.363350105285644
netcharge : -41.73566217979817
aromaticity : 0.07046799354491662
gravy : -0.41732114039806306
instability : 42.0441796664877
