molecularweight : 33183.96330000003
pI : 4.246634483337403
netcharge : -23.09366938118977
aromaticity : 0.07692307692307693
gravy : -0.5573717948717948
instability : 53.14166666666666
