molecularweight : 196998.54639999833
pI : 4.0500284194946286
netcharge : -256.76905868046333
aromaticity : 0.0856353591160221
gravy : -0.4664640883977913
instability : 52.0243867403319
