molecularweight : 43393.82840000001
pI : 7.2403440475463885
netcharge : 0.7375308873119195
aromaticity : 0.0816326530612245
gravy : -0.371683673469388
instability : 42.47224489795919
