molecularweight : 96605.56550000046
pI : 6.864638328552247
netcharge : -0.7743333992132619
aromaticity : 0.09069493521790342
gravy : -0.1293286219081273
instability : 32.38916372202599
