molecularweight : 54043.3945000001
pI : 7.832086753845216
netcharge : 1.51059384792989
aromaticity : 0.05443548387096774
gravy : -0.9685483870967746
instability : 63.763528225806574
