molecularweight : 70603.83400000034
pI : 8.364208793640138
netcharge : 5.752247179747954
aromaticity : 0.09967320261437909
gravy : -0.5882352941176459
instability : 56.395637254902105
