molecularweight : 30595.511600000034
pI : 8.151463127136232
netcharge : 2.169133929014123
aromaticity : 0.06934306569343066
gravy : -0.3510948905109494
instability : 41.595255474452536
