molecularweight : 215214.1787999995
pI : 7.518968772888184
netcharge : 3.987331007820927
aromaticity : 0.13631522896698617
gravy : -0.12374866879658984
instability : 42.14064430244968
