molecularweight : 48767.99930000026
pI : 4.0500284194946286
netcharge : -50.24843790927187
aromaticity : 0.109375
gravy : -0.42254464285714327
instability : 41.95517857142856
