molecularweight : 90056.23740000046
pI : 4.404078483581543
netcharge : -60.444620763577134
aromaticity : 0.13740458015267176
gravy : -0.5124681933842234
instability : 36.498816793893205
