molecularweight : 73961.02640000067
pI : 4.368156242370605
netcharge : -55.80797532253631
aromaticity : 0.02676056338028169
gravy : -0.7456338028169035
instability : 77.2597183098596
