molecularweight : 25892.03600000001
pI : 7.058118247985839
netcharge : 0.11275287830282998
aromaticity : 0.15765765765765766
gravy : 0.39684684684684635
instability : 42.236036036036026
