molecularweight : 11014.911999999995
pI : 4.0500284194946286
netcharge : -16.4592797458847
aromaticity : 0.0660377358490566
gravy : -0.13018867924528293
instability : 52.8377358490566
