molecularweight : 31929.282500000023
pI : 9.495757865905762
netcharge : 17.325158605633977
aromaticity : 0.07857142857142857
gravy : -0.7557142857142857
instability : 57.96146428571428
