molecularweight : 121009.23930000074
pI : 8.722975349426267
netcharge : 11.128546876732031
aromaticity : 0.08293612964728313
gravy : -0.9187797902764543
instability : 54.71851286939974
