molecularweight : 56441.14920000002
pI : 5.413538932800292
netcharge : -9.85427811066306
aromaticity : 0.09722222222222221
gravy : -0.3113095238095241
instability : 37.85041666666666
