molecularweight : 76337.84330000043
pI : 4.878740882873536
netcharge : -38.90990508317351
aromaticity : 0.0861812778603269
gravy : -0.22615156017830612
instability : 41.123031203566256
