molecularweight : 68251.99600000028
pI : 5.348230934143066
netcharge : -15.618302835415477
aromaticity : 0.06907894736842105
gravy : -0.6330592105263133
instability : 49.807236842105425
