molecularweight : 27906.254900000014
pI : 5.973630332946779
netcharge : -3.0931982151720447
aromaticity : 0.07114624505928853
gravy : -0.3525691699604745
instability : 45.21067193675889
