molecularweight : 60728.47570000022
pI : 5.014699745178221
netcharge : -29.81931370093951
aromaticity : 0.03783783783783784
gravy : -0.7542342342342335
instability : 56.15225225225246
