molecularweight : 82512.11990000034
pI : 5.603608512878417
netcharge : -16.0067455240398
aromaticity : 0.10760401721664276
gravy : -0.7843615494978462
instability : 48.08025824964146
