molecularweight : 50756.90670000005
pI : 5.647942924499512
netcharge : -8.607331874586606
aromaticity : 0.10690423162583518
gravy : 0.19465478841870804
instability : 29.624966592427608
