molecularweight : 32950.18220000002
pI : 9.205972480773926
netcharge : 8.083148425116548
aromaticity : 0.05574912891986063
gravy : -0.9425087108013931
instability : 45.54146341463414
