molecularweight : 15784.765799999986
pI : 7.88669147491455
netcharge : 1.04461660608969
aromaticity : 0.0364963503649635
gravy : -0.8197080291970805
instability : 44.18759124087589
