molecularweight : 36850.29199999999
pI : 9.335876274108887
netcharge : 9.222757039044794
aromaticity : 0.11949685534591195
gravy : -0.8308176100628927
instability : 50.839654088050295
