molecularweight : 16568.889599999995
pI : 5.759915733337402
netcharge : -3.155663072582545
aromaticity : 0.14285714285714285
gravy : -0.1378571428571428
instability : 41.685714285714276
