molecularweight : 27736.23200000004
pI : 5.970504188537597
netcharge : -3.9299933496425723
aromaticity : 0.09795918367346938
gravy : -0.08326530612244891
instability : 40.04326530612245
