molecularweight : 71071.16030000022
pI : 8.819484519958497
netcharge : 7.3887766148212535
aromaticity : 0.1053484602917342
gravy : -0.4252836304700156
instability : 41.6896272285252
