molecularweight : 60185.648900000044
pI : 8.740575218200682
netcharge : 5.441392404023333
aromaticity : 0.1461100569259962
gravy : 0.3971537001897534
instability : 38.98768500948766
