molecularweight : 35045.000600000014
pI : 9.1295129776001
netcharge : 6.9339342496028
aromaticity : 0.08387096774193548
gravy : -0.17612903225806467
instability : 56.69322580645161
