molecularweight : 43381.65420000005
pI : 7.198112678527832
netcharge : 0.6008756009188474
aromaticity : 0.10723860589812333
gravy : -0.26863270777479903
instability : 34.173726541554934
