molecularweight : 57826.983300000036
pI : 5.978575325012207
netcharge : -6.469290795956603
aromaticity : 0.11660079051383399
gravy : 0.0863636363636363
instability : 40.758300395256896
