molecularweight : 37528.58970000002
pI : 5.696256065368652
netcharge : -5.0475143965092215
aromaticity : 0.07926829268292683
gravy : -0.35121951219512243
instability : 45.44939024390243
