molecularweight : 52413.7253000001
pI : 9.646742820739746
netcharge : 21.990058732673106
aromaticity : 0.0784313725490196
gravy : -0.6893246187363832
instability : 46.369498910675404
