molecularweight : 58525.16140000008
pI : 4.845490074157714
netcharge : -27.330838786962786
aromaticity : 0.07692307692307693
gravy : -0.3211538461538465
instability : 33.53403846153847
