molecularweight : 53172.182200000134
pI : 5.435080909729003
netcharge : -14.293524582995708
aromaticity : 0.0968421052631579
gravy : -0.3210526315789472
instability : 46.805052631579
