molecularweight : 15063.013999999985
pI : 7.854586219787597
netcharge : 0.8624186642072083
aromaticity : 0.045454545454545456
gravy : -0.7507575757575761
instability : 47.318939393939395
