molecularweight : 12323.336399999993
pI : 9.513873481750487
netcharge : 3.58484358990445
aromaticity : 0.05454545454545454
gravy : -0.024545454545454468
instability : 41.30545454545452
