molecularweight : 32413.69140000004
pI : 4.695889854431152
netcharge : -28.19347828176714
aromaticity : 0.0636042402826855
gravy : -1.0296819787985867
instability : 60.23957597173145
