molecularweight : 90370.69510000054
pI : 6.1645524978637685
netcharge : -9.35740983087561
aromaticity : 0.08728179551122195
gravy : -0.43428927680797874
instability : 47.76448877805504
