molecularweight : 25312.857000000018
pI : 8.72890644073486
netcharge : 2.8581825564704033
aromaticity : 0.07174887892376682
gravy : -0.4022421524663679
instability : 35.830493273542594
