molecularweight : 16288.33619999999
pI : 6.823600578308105
netcharge : -0.5477180167299718
aromaticity : 0.09027777777777778
gravy : -0.345138888888889
instability : 73.59930555555556
