molecularweight : 27052.652499999986
pI : 5.002081489562988
netcharge : -7.301531549637087
aromaticity : 0.0622568093385214
gravy : 0.04863813229571986
instability : 36.085214007782106
