molecularweight : 24484.47690000002
pI : 8.777709007263184
netcharge : 2.6941304495827723
aromaticity : 0.0639269406392694
gravy : -0.623287671232877
instability : 34.711872146118715
