molecularweight : 27281.854499999994
pI : 5.694948768615721
netcharge : -3.2230437655283666
aromaticity : 0.07539682539682539
gravy : -0.06071428571428559
instability : 30.951587301587296
