molecularweight : 93712.55140000049
pI : 8.703828239440917
netcharge : 12.070371812880481
aromaticity : 0.09167671893848009
gravy : -0.3899879372738234
instability : 43.169022919179874
