molecularweight : 58909.49630000005
pI : 5.75167407989502
netcharge : -7.735178214842719
aromaticity : 0.08301158301158301
gravy : -0.5463320463320465
instability : 55.665830115830204
