molecularweight : 20299.760900000005
pI : 8.253129768371583
netcharge : 1.572016807487568
aromaticity : 0.07865168539325842
gravy : -0.6067415730337082
instability : 50.91292134831459
