molecularweight : 98131.48770000061
pI : 5.691595268249511
netcharge : -16.681735806931414
aromaticity : 0.09411764705882353
gravy : -0.17694117647058846
instability : 32.08896470588245
