molecularweight : 38023.924299999984
pI : 7.100008583068848
netcharge : 0.21577637691650153
aromaticity : 0.09455587392550144
gravy : -0.06590257879656168
instability : 22.08796561604584
