molecularweight : 42457.27940000002
pI : 5.977381706237793
netcharge : -5.593590641001178
aromaticity : 0.1456043956043956
gravy : -0.5914835164835167
instability : 40.693214285714284
