molecularweight : 21005.488
pI : 5.247455406188963
netcharge : -6.1345978959127905
aromaticity : 0.054945054945054944
gravy : -0.7087912087912093
instability : 53.928626373626365
