molecularweight : 50269.399499999985
pI : 8.807106590270998
netcharge : 7.610090665579612
aromaticity : 0.0867579908675799
gravy : -0.42648401826484067
instability : 43.51118721461186
