molecularweight : 154679.15480000028
pI : 6.083613777160643
netcharge : -8.12309798961013
aromaticity : 0.08014440433212996
gravy : -0.38144404332129855
instability : 38.850772563177145
