molecularweight : 22981.6678
pI : 4.995203971862792
netcharge : -5.436155840433315
aromaticity : 0.09268292682926829
gravy : -0.32926829268292696
instability : 48.02980487804878
