molecularweight : 46104.1373
pI : 5.7386579513549805
netcharge : -7.62192654807388
aromaticity : 0.1111111111111111
gravy : -0.2190821256038649
instability : 40.73772946859903
