molecularweight : 33002.695900000035
pI : 9.493372535705568
netcharge : 12.13587102604395
aromaticity : 0.10839160839160839
gravy : -0.4402097902097908
instability : 36.66293706293707
