molecularweight : 48663.949100000114
pI : 4.925576210021972
netcharge : -19.81984162080643
aromaticity : 0.07999999999999999
gravy : -0.5216470588235295
instability : 53.788258823529425
