molecularweight : 42903.792000000045
pI : 6.705943870544433
netcharge : -1.280121198249546
aromaticity : 0.08042895442359249
gravy : -0.16621983914209143
instability : 46.715281501340485
