molecularweight : 57602.6590000001
pI : 6.834229469299316
netcharge : -0.5839055938224718
aromaticity : 0.103515625
gravy : -0.02890624999999994
instability : 35.63361328124999
