molecularweight : 22472.142599999966
pI : 4.291764640808106
netcharge : -26.986973441775202
aromaticity : 0.07500000000000001
gravy : -0.8680000000000002
instability : 55.30000000000001
