molecularweight : 86827.91210000045
pI : 4.582211875915529
netcharge : -60.3110468558757
aromaticity : 0.06544502617801047
gravy : -0.625130890052354
instability : 51.322120418848364
