molecularweight : 52557.15530000002
pI : 6.2251996994018555
netcharge : -2.8681979778103965
aromaticity : 0.07021276595744681
gravy : -0.31617021276595725
instability : 46.11808510638299
