molecularweight : 131923.9633000007
pI : 9.401634025573731
netcharge : 37.48575702418498
aromaticity : 0.055603079555175364
gravy : -0.7207014542343873
instability : 57.968357570573446
