molecularweight : 26006.31690000002
pI : 6.597551918029786
netcharge : -1.515177612388655
aromaticity : 0.06550218340611354
gravy : -0.4305676855895202
instability : 34.827947598253274
