molecularweight : 28815.150700000006
pI : 4.918755531311034
netcharge : -11.932397599789951
aromaticity : 0.08365019011406843
gravy : -0.11787072243346024
instability : 38.0874524714829
