molecularweight : 111153.741000001
pI : 9.107980537414551
netcharge : 14.41241131630801
aromaticity : 0.06979062811565304
gravy : -0.6491525423728784
instability : 41.53070787637112
