molecularweight : 27516.230999999996
pI : 10.275696372985838
netcharge : 16.857475962527936
aromaticity : 0.0942622950819672
gravy : -0.41393442622950843
instability : 37.34098360655738
