molecularweight : 54899.55590000002
pI : 9.000060462951662
netcharge : 11.421209672455163
aromaticity : 0.11158798283261803
gravy : -0.4645922746781109
instability : 44.52319742489269
