molecularweight : 43441.58790000002
pI : 4.72345676422119
netcharge : -23.10832655410867
aromaticity : 0.05852417302798982
gravy : -0.39160305343511437
instability : 40.4292875318066
