molecularweight : 15797.94719999999
pI : 8.557936286926271
netcharge : 3.1471999963891193
aromaticity : 0.12318840579710144
gravy : -0.16231884057971013
instability : 59.90869565217392
