molecularweight : 13719.439199999993
pI : 8.8324426651001
netcharge : 4.129587403860709
aromaticity : 0.12931034482758622
gravy : -0.7672413793103452
instability : 45.88965517241377
