molecularweight : 162018.1427000003
pI : 5.393986320495605
netcharge : -26.806807826683496
aromaticity : 0.10681658468025299
gravy : -0.24434293745607782
instability : 37.55280393534806
