molecularweight : 78693.8249000005
pI : 5.024987602233887
netcharge : -34.16121306039324
aromaticity : 0.06871345029239766
gravy : -1.012280701754387
instability : 61.67722222222252
