molecularweight : 34418.04710000004
pI : 6.1536962509155275
netcharge : -2.9366042538969985
aromaticity : 0.11688311688311687
gravy : 0.18733766233766225
instability : 41.4262987012987
