molecularweight : 26873.548200000027
pI : 5.324472236633301
netcharge : -7.079707726052316
aromaticity : 0.075
gravy : -0.17416666666666666
instability : 50.04629166666664
