molecularweight : 107336.08900000088
pI : 6.928411674499511
netcharge : -0.2947258945282556
aromaticity : 0.08499475341028331
gravy : -0.6033578174186767
instability : 48.12320041972741
