molecularweight : 73771.42400000029
pI : 9.145694541931153
netcharge : 14.661413662986902
aromaticity : 0.06790123456790123
gravy : -0.5143518518518516
instability : 40.11049382716051
