molecularweight : 15642.974299999985
pI : 5.839262962341309
netcharge : -4.896768670839492
aromaticity : 0.1079136690647482
gravy : 0.09352517985611493
instability : 52.08705035971222
