molecularweight : 44419.4969000001
pI : 8.5518762588501
netcharge : 2.7795524526636086
aromaticity : 0.08515815085158152
gravy : -0.5690997566909978
instability : 38.93873479318735
