molecularweight : 35295.11220000003
pI : 6.362750053405762
netcharge : -1.255310804664596
aromaticity : 0.089171974522293
gravy : -0.24426751592356688
instability : 31.44140127388535
