molecularweight : 11139.129999999988
pI : 4.0500284194946286
netcharge : -37.419314033917
aromaticity : 0.0
gravy : 0.32427184466019415
instability : 32.20388349514563
