molecularweight : 77487.34250000044
pI : 5.242396736145018
netcharge : -23.00036448572851
aromaticity : 0.11061946902654868
gravy : -0.38967551622418845
instability : 37.59219764011804
