molecularweight : 74212.77980000037
pI : 4.775748634338378
netcharge : -32.840183481302645
aromaticity : 0.0663716814159292
gravy : -0.3564896755162241
instability : 30.106047197640095
