molecularweight : 14315.203299999992
pI : 4.872659111022949
netcharge : -9.059455678062001
aromaticity : 0.13114754098360656
gravy : -0.32131147540983596
instability : 48.56901639344261
