molecularweight : 25446.895700000023
pI : 5.0477800369262695
netcharge : -9.042938326234573
aromaticity : 0.05106382978723404
gravy : 0.09829787234042561
instability : 15.556170212765952
