molecularweight : 34383.95310000003
pI : 9.62308292388916
netcharge : 20.187387551547964
aromaticity : 0.0756578947368421
gravy : -0.11052631578947364
instability : 43.1440789473684
