molecularweight : 41795.93660000003
pI : 5.942027854919433
netcharge : -9.009151373663705
aromaticity : 0.0797872340425532
gravy : -0.442021276595745
instability : 36.19656914893618
