molecularweight : 47331.81350000006
pI : 5.1991991043090815
netcharge : -11.094749597675793
aromaticity : 0.07511737089201878
gravy : -0.5720657276995305
instability : 39.65586854460095
