molecularweight : 51990.73910000005
pI : 5.622820091247559
netcharge : -7.854734615138341
aromaticity : 0.09576837416481068
gravy : -0.4351893095768374
instability : 37.82561247216034
