molecularweight : 118125.09450000049
pI : 8.332554817199707
netcharge : 10.095855880135701
aromaticity : 0.07536231884057971
gravy : -0.6211594202898563
instability : 47.400405797101755
