molecularweight : 45589.95730000005
pI : 5.91843967437744
netcharge : -4.807634426311175
aromaticity : 0.06175771971496437
gravy : -0.15819477434679377
instability : 33.41092636579573
