molecularweight : 38675.86850000002
pI : 8.571732521057132
netcharge : 4.7935523228208865
aromaticity : 0.06376811594202898
gravy : -0.3701449275362324
instability : 42.27971014492753
