molecularweight : 70669.80570000023
pI : 8.8412748336792
netcharge : 8.844756209506059
aromaticity : 0.15823817292006526
gravy : 0.34926590538336066
instability : 45.91213703099518
