molecularweight : 75294.30970000043
pI : 8.81174831390381
netcharge : 6.978454880621754
aromaticity : 0.045925925925925926
gravy : -0.8454814814814808
instability : 58.89779259259283
