molecularweight : 25520.483100000027
pI : 7.724043846130371
netcharge : 0.7510902482783735
aromaticity : 0.022321428571428572
gravy : -1.3491071428571428
instability : 52.81651785714284
