molecularweight : 30472.051800000005
pI : 8.83998546600342
netcharge : 8.813977310474954
aromaticity : 0.0749063670411985
gravy : -0.3872659176029966
instability : 55.403033707865156
