molecularweight : 92751.49960000075
pI : 4.848900413513182
netcharge : -49.4451718936823
aromaticity : 0.028402366863905324
gravy : -0.9153846153846141
instability : 42.909585798816735
