molecularweight : 57526.25340000006
pI : 5.536879539489745
netcharge : -12.444323423951587
aromaticity : 0.047709923664122134
gravy : -0.22595419847328255
instability : 45.87137404580156
