molecularweight : 67293.00750000014
pI : 4.932169532775878
netcharge : -22.61307783223289
aromaticity : 0.10906040268456374
gravy : -0.35939597315436245
instability : 33.32239932885905
