molecularweight : 15344.515299999992
pI : 10.195433235168458
netcharge : 10.927031937351465
aromaticity : 0.05263157894736842
gravy : -0.6639097744360903
instability : 52.621052631578934
