molecularweight : 53087.33060000003
pI : 5.996877479553221
netcharge : -5.623277010870169
aromaticity : 0.08096280087527352
gravy : -0.8603938730853384
instability : 53.44838074398251
