molecularweight : 80388.22550000041
pI : 4.549586296081543
netcharge : -57.22797233197322
aromaticity : 0.07670454545454546
gravy : -0.8987215909090899
instability : 45.79602272727285
