molecularweight : 51020.766200000035
pI : 8.19227161407471
netcharge : 2.846370942339977
aromaticity : 0.10256410256410256
gravy : 0.757692307692309
instability : 36.55237179487179
