molecularweight : 64098.75490000007
pI : 6.588059806823731
netcharge : -2.1523500661263455
aromaticity : 0.1103202846975089
gravy : -0.5209964412811379
instability : 43.37973309608551
