molecularweight : 25172.995600000006
pI : 7.887465095520018
netcharge : 1.137464458140542
aromaticity : 0.10762331838565023
gravy : -0.49730941704035936
instability : 43.92511210762333
