molecularweight : 34353.06590000002
pI : 6.553388023376464
netcharge : -1.6710614299766462
aromaticity : 0.11409395973154363
gravy : -0.44630872483221506
instability : 38.124865771812075
