molecularweight : 72999.06600000031
pI : 5.969310569763183
netcharge : -5.685156365087252
aromaticity : 0.14533965244865718
gravy : -0.03917851500789921
instability : 43.42925750394954
