molecularweight : 50092.41260000004
pI : 6.014270210266112
netcharge : -7.25327416826017
aromaticity : 0.09006928406466513
gravy : -0.8050808314087754
instability : 51.75568129330259
