molecularweight : 52405.92959999999
pI : 9.505428123474118
netcharge : 24.80187474717343
aromaticity : 0.10199556541019957
gravy : -0.34745011086474553
instability : 36.60913525498891
