molecularweight : 131670.277300001
pI : 5.306738471984862
netcharge : -33.21110661970562
aromaticity : 0.09399477806788512
gravy : -0.2700609225413398
instability : 39.481818973020246
