molecularweight : 52801.22300000007
pI : 4.9896337509155275
netcharge : -19.637322736763437
aromaticity : 0.06342494714587738
gravy : -0.23826638477801299
instability : 36.37357293868923
