molecularweight : 14332.335299999984
pI : 7.177821159362794
netcharge : 0.1962628343260011
aromaticity : 0.07200000000000001
gravy : -0.19119999999999998
instability : 32.9464
