molecularweight : 22075.42410000002
pI : 9.344772911071779
netcharge : 4.968081086926372
aromaticity : 0.0297029702970297
gravy : -0.7831683168316836
instability : 39.984653465346526
