molecularweight : 15273.461099999988
pI : 9.630174446105958
netcharge : 6.864419546544363
aromaticity : 0.1037037037037037
gravy : -0.32666666666666666
instability : 34.91185185185184
