molecularweight : 70685.46780000032
pI : 8.004990959167483
netcharge : 2.0068024540467135
aromaticity : 0.1453396524486572
gravy : 0.42385466034755226
instability : 37.00663507109009
