molecularweight : 64594.393200000086
pI : 8.889626121520998
netcharge : 8.878475316715253
aromaticity : 0.058419243986254296
gravy : -0.45309278350515464
instability : 46.445189003436525
