molecularweight : 24484.030900000012
pI : 5.089158821105956
netcharge : -7.22208818735707
aromaticity : 0.09545454545454546
gravy : -0.4240909090909094
instability : 33.258181818181804
