molecularweight : 27952.084800000022
pI : 9.479125022888184
netcharge : 9.91898538175645
aromaticity : 0.08097165991902834
gravy : -0.1445344129554656
instability : 45.823481781376515
