molecularweight : 11093.879599999987
pI : 4.0500284194946286
netcharge : -21.442091553833606
aromaticity : 0.037037037037037035
gravy : -0.2611111111111111
instability : 50.45740740740741
