molecularweight : 57820.11490000008
pI : 6.082476997375487
netcharge : -7.094041743709681
aromaticity : 0.11485148514851486
gravy : -0.22613861386138648
instability : 39.963801980198
