molecularweight : 19845.684400000013
pI : 10.219222068786618
netcharge : 19.78904010529191
aromaticity : 0.07926829268292684
gravy : -1.285975609756098
instability : 60.27500000000001
