molecularweight : 85352.2790000004
pI : 5.307420539855956
netcharge : -23.059271186408537
aromaticity : 0.08086253369272237
gravy : -0.6436657681940683
instability : 45.577520215633584
