molecularweight : 20815.427099999983
pI : 8.792085456848145
netcharge : 2.914553160364239
aromaticity : 0.034482758620689655
gravy : 0.06305418719211839
instability : 41.57487684729064
