molecularweight : 62904.17620000014
pI : 4.257092857360839
netcharge : -47.756395523586626
aromaticity : 0.09880749574105621
gravy : 0.019080068143100346
instability : 26.52795570698465
