molecularweight : 65082.669900000124
pI : 4.804395484924316
netcharge : -27.53804824089191
aromaticity : 0.08333333333333333
gravy : -0.7333333333333312
instability : 37.71737847222225
