molecularweight : 40828.0330000001
pI : 5.493738746643066
netcharge : -5.1631566895427525
aromaticity : 0.15384615384615385
gravy : 0.31709401709401697
instability : 43.05672364672365
