molecularweight : 31460.174200000012
pI : 4.402032279968262
netcharge : -22.111119577911804
aromaticity : 0.054421768707483
gravy : -0.4959183673469389
instability : 38.434013605442196
