molecularweight : 57163.484300000055
pI : 8.829928398132324
netcharge : 7.333469810992909
aromaticity : 0.11591355599214145
gravy : 0.03300589390962676
instability : 40.6819449901768
