molecularweight : 52903.61610000006
pI : 8.72233066558838
netcharge : 6.297742329587223
aromaticity : 0.08131868131868132
gravy : -0.7483516483516474
instability : 54.93714285714294
