molecularweight : 141657.25750000068
pI : 7.6948854446411135
netcharge : 3.2747607725655996
aromaticity : 0.09236947791164658
gravy : -0.15670682730923718
instability : 42.01881927710869
