molecularweight : 39410.982500000035
pI : 5.060796165466308
netcharge : -12.977978594614932
aromaticity : 0.06722689075630253
gravy : -0.7949579831932768
instability : 45.99355742296918
