molecularweight : 27469.286500000006
pI : 11.123971366882323
netcharge : 28.208975316888942
aromaticity : 0.046875
gravy : -0.43515625000000024
instability : 25.273046874999988
