molecularweight : 45165.329
pI : 6.693211936950684
netcharge : -0.8602090969285925
aromaticity : 0.08168316831683169
gravy : -0.41435643564356445
instability : 36.836138613861394
