molecularweight : 193895.22009999934
pI : 5.423997306823729
netcharge : -39.44844431959362
aromaticity : 0.07917383820998279
gravy : -0.43952954675846
instability : 55.53499713138289
