molecularweight : 33073.11220000002
pI : 9.272697257995606
netcharge : 9.06358956990265
aromaticity : 0.13513513513513514
gravy : 0.7689189189189187
instability : 34.55168918918919
