molecularweight : 135086.75930000073
pI : 9.387644386291505
netcharge : 34.465131725121964
aromaticity : 0.10436270316509838
gravy : -0.41488451668092247
instability : 44.53663815226714
