molecularweight : 181341.5162999968
pI : 4.0500284194946286
netcharge : -145.07371876966695
aromaticity : 0.11058263971462544
gravy : -0.38210463733650385
instability : 35.50672413793152
