molecularweight : 33854.57520000002
pI : 9.402343177795409
netcharge : 8.14032311753759
aromaticity : 0.09060402684563758
gravy : -0.4365771812080539
instability : 46.318120805369105
