molecularweight : 29211.803000000044
pI : 4.839351463317871
netcharge : -13.90948135227438
aromaticity : 0.12062256809338522
gravy : -0.072373540856031
instability : 32.141673151750986
