molecularweight : 146645.5563000004
pI : 6.144715690612792
netcharge : -11.15096853141685
aromaticity : 0.07169529499626587
gravy : -0.17550410754294252
instability : 35.90448842419739
