molecularweight : 57433.94580000009
pI : 8.437573814392092
netcharge : 3.1882313658685106
aromaticity : 0.16801619433198378
gravy : 0.2917004048583003
instability : 40.12801619433198
