molecularweight : 59934.64420000007
pI : 5.907640266418457
netcharge : -6.570825595041875
aromaticity : 0.12407407407407409
gravy : 0.32407407407407435
instability : 42.24872222222222
