molecularweight : 26815.06310000003
pI : 9.849109077453612
netcharge : 16.058660973527726
aromaticity : 0.07234042553191489
gravy : -1.002553191489361
instability : 42.729361702127655
