molecularweight : 59687.55110000014
pI : 6.142555809020995
netcharge : -3.8382879000423102
aromaticity : 0.15157116451016636
gravy : 0.5482439926062861
instability : 29.426839186691296
