molecularweight : 247129.96170000045
pI : 5.88933811187744
netcharge : -30.97231643571888
aromaticity : 0.10207852193995381
gravy : -0.15519630484988398
instability : 40.63351039261003
