molecularweight : 21336.129000000015
pI : 9.767427635192867
netcharge : 12.184310972809428
aromaticity : 0.11111111111111112
gravy : -0.7177777777777783
instability : 38.88555555555554
