molecularweight : 92543.23740000054
pI : 5.171802711486815
netcharge : -24.428587578474392
aromaticity : 0.08148148148148149
gravy : -0.5245679012345656
instability : 49.56939506172854
