molecularweight : 60907.949500000104
pI : 6.347744560241699
netcharge : -1.9671258354178107
aromaticity : 0.12271062271062272
gravy : 0.5692307692307698
instability : 40.26320512820514
