molecularweight : 69543.4412000002
pI : 4.936659812927245
netcharge : -33.79378863724555
aromaticity : 0.09344262295081968
gravy : -0.6690163934426225
instability : 57.54786885245915
