molecularweight : 44621.81740000001
pI : 8.97807674407959
netcharge : 7.123246811343009
aromaticity : 0.09302325581395349
gravy : -0.38294573643410856
instability : 35.9191472868217
