molecularweight : 41465.325200000014
pI : 9.496402549743653
netcharge : 13.242513555082006
aromaticity : 0.0847457627118644
gravy : -0.6062146892655368
instability : 39.96977401129943
