molecularweight : 99777.37060000068
pI : 5.139290809631347
netcharge : -24.31358597119558
aromaticity : 0.10508474576271187
gravy : -0.10621468926553695
instability : 30.86827118644073
