molecularweight : 40128.285200000035
pI : 9.134541511535648
netcharge : 12.108452569303026
aromaticity : 0.06744868035190617
gravy : -1.1387096774193535
instability : 50.54516129032256
