molecularweight : 52098.39070000007
pI : 6.432207298278808
netcharge : -3.1984178363873994
aromaticity : 0.09051724137931035
gravy : 0.06659482758620687
instability : 43.671573275862066
