molecularweight : 20647.75800000001
pI : 8.57031421661377
netcharge : 2.9030035473085007
aromaticity : 0.08152173913043478
gravy : -0.14293478260869602
instability : 36.892391304347825
