molecularweight : 148017.26210000057
pI : 4.98281307220459
netcharge : -54.364357420526176
aromaticity : 0.0837173579109063
gravy : -0.2877112135176647
instability : 44.44647465437815
