molecularweight : 20785.58659999998
pI : 9.047057914733887
netcharge : 1.765825314486742
aromaticity : 0.11398963730569947
gravy : -0.3580310880829021
instability : 11.293264248704658
