molecularweight : 84413.92590000045
pI : 6.204453468322753
netcharge : -6.063342924166889
aromaticity : 0.06258503401360545
gravy : -0.7410884353741488
instability : 44.6141496598641
