molecularweight : 60004.76480000015
pI : 7.967728233337402
netcharge : 2.797123367927
aromaticity : 0.06284658040665433
gravy : -0.3414048059149728
instability : 47.06600739371547
