molecularweight : 73897.39810000041
pI : 6.041780281066894
netcharge : -10.511200738982623
aromaticity : 0.10105580693815988
gravy : -0.4904977375565597
instability : 31.722488687782874
