molecularweight : 40170.700800000115
pI : 7.76019344329834
netcharge : 1.1596925520897443
aromaticity : 0.09302325581395349
gravy : -1.2040697674418603
instability : 75.37296511627916
