molecularweight : 84690.45180000059
pI : 7.841176795959473
netcharge : 2.3047378925936925
aromaticity : 0.1335978835978836
gravy : 0.17447089947089933
instability : 36.25731481481489
