molecularweight : 21318.592400000005
pI : 7.798692131042482
netcharge : 0.8347206823528861
aromaticity : 0.11398963730569948
gravy : 0.477720207253886
instability : 24.755440414507763
