molecularweight : 62011.27240000009
pI : 9.129641914367678
netcharge : 11.083008856665046
aromaticity : 0.13863216266173753
gravy : 0.08761552680221794
instability : 40.086155268022196
