molecularweight : 51719.74610000004
pI : 4.897781944274903
netcharge : -22.830176341382362
aromaticity : 0.08333333333333334
gravy : -0.6599099099099086
instability : 42.98986486486487
