molecularweight : 39478.451100000064
pI : 5.977211189270019
netcharge : -3.107403510231695
aromaticity : 0.1138888888888889
gravy : 0.4150000000000005
instability : 32.366972222222216
