molecularweight : 33782.795099999996
pI : 9.440637397766114
netcharge : 13.07447243466666
aromaticity : 0.09395973154362416
gravy : -0.3154362416107387
instability : 44.00204697986575
