molecularweight : 56099.90340000009
pI : 7.602692604064942
netcharge : 1.0121200060012185
aromaticity : 0.10196078431372549
gravy : 0.509607843137255
instability : 48.82021568627456
