molecularweight : 23501.895300000004
pI : 5.530229377746582
netcharge : -6.844302786498556
aromaticity : 0.06829268292682927
gravy : -0.8751219512195125
instability : 44.96878048780488
