molecularweight : 40027.71950000004
pI : 5.657548713684082
netcharge : -7.756108225914076
aromaticity : 0.10601719197707737
gravy : -0.11719197707736381
instability : 39.19601719197708
