molecularweight : 76574.81120000032
pI : 5.526250648498535
netcharge : -20.690583312094503
aromaticity : 0.08597285067873303
gravy : -0.8586726998491688
instability : 46.48764705882365
