molecularweight : 31490.49250000003
pI : 9.795149040222167
netcharge : 16.585334455485903
aromaticity : 0.10600706713780919
gravy : -0.009893992932862401
instability : 28.313780918727907
