molecularweight : 54092.00530000003
pI : 6.045759010314941
netcharge : -2.2724456047278068
aromaticity : 0.11561866125760649
gravy : 0.4020283975659228
instability : 34.03430020283974
