molecularweight : 17398.004699999994
pI : 5.803738594055175
netcharge : -3.1554800947757613
aromaticity : 0.13103448275862067
gravy : -0.11724137931034488
instability : 44.19937931034483
