molecularweight : 76531.50400000035
pI : 5.451564216613768
netcharge : -17.16742617653088
aromaticity : 0.07216494845360824
gravy : -0.47982326951399135
instability : 60.53683357879255
