molecularweight : 26721.12690000001
pI : 4.502466773986817
netcharge : -22.209453990812655
aromaticity : 0.07377049180327869
gravy : -0.6098360655737707
instability : 49.6635655737705
