molecularweight : 27962.8033
pI : 5.644987297058106
netcharge : -4.101673016832562
aromaticity : 0.14728682170542637
gravy : 0.45077519379844916
instability : 36.05240310077519
