molecularweight : 136131.09520000068
pI : 5.865579414367674
netcharge : -17.174519934465394
aromaticity : 0.0961380443714051
gravy : 0.015776499589153496
instability : 40.7718981101071
