molecularweight : 87771.60060000044
pI : 4.568968391418458
netcharge : -76.33478575494189
aromaticity : 0.05633802816901408
gravy : -0.8907810499359788
instability : 51.105761843790226
