molecularweight : 36632.17020000007
pI : 5.312024497985839
netcharge : -7.134859225006352
aromaticity : 0.07407407407407407
gravy : 0.1339506172839507
instability : 36.07283950617285
