molecularweight : 51186.65040000006
pI : 7.179640007019044
netcharge : 0.8946649729971838
aromaticity : 0.06623931623931624
gravy : -0.06495726495726518
instability : 31.75235042735042
