molecularweight : 49416.40820000013
pI : 5.989772605895996
netcharge : -6.401837909845739
aromaticity : 0.06726457399103139
gravy : -0.9334080717488789
instability : 49.563497757847564
