molecularweight : 62019.27320000019
pI : 5.173110008239745
netcharge : -25.96628872688278
aromaticity : 0.05018587360594795
gravy : -0.8355018587360575
instability : 54.36691449814138
