molecularweight : 16965.09429999999
pI : 6.912553596496582
netcharge : -0.13017538735515544
aromaticity : 0.05844155844155844
gravy : -0.16818181818181818
instability : 39.0168831168831
