molecularweight : 36905.28650000002
pI : 10.59197826385498
netcharge : 31.19484319913088
aromaticity : 0.05309734513274336
gravy : -0.263421828908555
instability : 34.70471976401178
