molecularweight : 59900.01980000004
pI : 6.182513618469237
netcharge : -5.301239648178324
aromaticity : 0.09057301293900186
gravy : -0.2781885397412206
instability : 36.49484288354899
