molecularweight : 76526.69780000031
pI : 8.804592323303225
netcharge : 8.805987391459624
aromaticity : 0.07602339181286549
gravy : -0.21988304093567268
instability : 51.51695906432763
