molecularweight : 18456.4009
pI : 7.730125617980956
netcharge : 0.9159892016266085
aromaticity : 0.1419753086419753
gravy : 0.23148148148148157
instability : 31.275925925925907
