molecularweight : 12541.352799999988
pI : 8.322304344177248
netcharge : 1.8436563601855873
aromaticity : 0.057692307692307696
gravy : -1.1730769230769238
instability : 56.27596153846154
