molecularweight : 58839.334500000055
pI : 8.778031349182129
netcharge : 6.710416909386794
aromaticity : 0.11478599221789884
gravy : -0.011284046692607075
instability : 36.39046692607003
