molecularweight : 140849.8297000005
pI : 5.007538032531738
netcharge : -59.346880340491225
aromaticity : 0.11754966887417218
gravy : -0.47996688741721805
instability : 46.52807947019897
