molecularweight : 61912.48660000004
pI : 6.450054740905761
netcharge : -3.815093337368225
aromaticity : 0.13670411985018727
gravy : -0.3876404494382022
instability : 25.50322097378276
