molecularweight : 109523.71390000092
pI : 8.319725608825685
netcharge : 7.136931979512468
aromaticity : 0.08977035490605428
gravy : -0.4902922755741103
instability : 34.21851774530281
