molecularweight : 43485.68510000001
pI : 4.0500284194946286
netcharge : -68.31191149517713
aromaticity : 0.05378973105134474
gravy : -0.6400977995110012
instability : 42.802689486552545
