molecularweight : 37604.27250000002
pI : 4.916595649719238
netcharge : -16.872224927080552
aromaticity : 0.1346153846153846
gravy : -0.466666666666667
instability : 42.544230769230765
