molecularweight : 16645.789000000004
pI : 6.403617286682128
netcharge : -1.149260363938307
aromaticity : 0.09790209790209792
gravy : -0.42657342657342673
instability : 38.561538461538454
