molecularweight : 20591.55590000001
pI : 9.957480430603027
netcharge : 13.953453935871888
aromaticity : 0.12209302325581395
gravy : -0.6930232558139535
instability : 56.99656976744185
