molecularweight : 22204.324500000006
pI : 7.91428394317627
netcharge : 1.2273263692184848
aromaticity : 0.05583756345177665
gravy : -1.1060913705583755
instability : 76.2148730964467
