molecularweight : 53868.97920000006
pI : 6.220027351379394
netcharge : -4.395427546266241
aromaticity : 0.08297872340425533
gravy : -0.24914893617021305
instability : 43.32172340425531
