molecularweight : 63646.33580000018
pI : 5.6087240219116214
netcharge : -10.553867350276064
aromaticity : 0.08756567425569177
gravy : -0.3259194395796853
instability : 36.10140105078809
