molecularweight : 17740.766599999995
pI : 4.711236381530762
netcharge : -8.371209653947131
aromaticity : 0.09615384615384615
gravy : -0.4576923076923079
instability : 33.08846153846152
