molecularweight : 60268.627300000066
pI : 8.614797401428223
netcharge : 6.975677302497601
aromaticity : 0.05904059040590406
gravy : -0.5601476014760141
instability : 50.92677121771228
