molecularweight : 98880.8200000007
pI : 5.973175621032715
netcharge : -14.1529099821596
aromaticity : 0.08651685393258426
gravy : -0.14247191011236002
instability : 40.89640449438219
