molecularweight : 26370.2711
pI : 5.066025352478026
netcharge : -8.189036633536908
aromaticity : 0.07659574468085106
gravy : -0.46510638297872364
instability : 49.07148936170211
