molecularweight : 27252.590100000016
pI : 6.302841758728028
netcharge : -2.000243138419549
aromaticity : 0.11666666666666667
gravy : -0.20875000000000005
instability : 41.642916666666665
