molecularweight : 51143.40790000003
pI : 9.363726615905762
netcharge : 16.498541897888543
aromaticity : 0.060737527114967466
gravy : -0.25357917570498983
instability : 38.614989154013024
