molecularweight : 107281.6364000007
pI : 7.096086692810059
netcharge : 0.5727763554234571
aromaticity : 0.08125
gravy : -0.2720833333333335
instability : 33.719895833333425
