molecularweight : 50302.82230000004
pI : 8.131091117858887
netcharge : 2.383844636855166
aromaticity : 0.08658008658008658
gravy : -0.161904761904762
instability : 29.10413419913419
