molecularweight : 39123.20949999998
pI : 6.263566017150879
netcharge : -2.0520837055176955
aromaticity : 0.08169014084507042
gravy : -0.2785915492957753
instability : 20.26366197183098
