molecularweight : 28314.301300000014
pI : 5.053179740905762
netcharge : -8.273874522938769
aromaticity : 0.046875
gravy : -0.7726562500000006
instability : 21.944921874999995
