molecularweight : 40444.553300000014
pI : 6.196609687805175
netcharge : -4.444450387935873
aromaticity : 0.051771117166212535
gravy : -0.35912806539509595
instability : 27.389645776566756
