molecularweight : 24227.88050000002
pI : 9.728553199768069
netcharge : 10.866360965283238
aromaticity : 0.0784313725490196
gravy : -0.5250000000000002
instability : 65.34857843137254
