molecularweight : 22994.192200000016
pI : 6.10919132232666
netcharge : -2.144847186576442
aromaticity : 0.08415841584158416
gravy : -0.250990099009901
instability : 30.488613861386124
