molecularweight : 91458.6823000006
pI : 6.265498542785645
netcharge : -7.4176605318973685
aromaticity : 0.085
gravy : -0.07337500000000033
instability : 33.02826250000009
