molecularweight : 47897.51490000005
pI : 8.915026664733887
netcharge : 6.146674454052935
aromaticity : 0.06146572104018913
gravy : -0.6638297872340413
instability : 36.32789598108747
