molecularweight : 44669.30550000002
pI : 8.560772895812988
netcharge : 3.0482653965622006
aromaticity : 0.03598971722365039
gravy : -1.0676092544987126
instability : 59.24267352185093
