molecularweight : 62201.728800000215
pI : 6.128800773620605
netcharge : -8.573800096583824
aromaticity : 0.0802919708029197
gravy : -0.6985401459854013
instability : 52.214981751824936
