molecularweight : 24714.02070000001
pI : 5.196243476867674
netcharge : -7.287038643377478
aromaticity : 0.05092592592592592
gravy : -0.6055555555555558
instability : 54.31805555555553
