molecularweight : 42701.558700000074
pI : 5.869842338562011
netcharge : -8.232778453312044
aromaticity : 0.08121827411167512
gravy : -0.13629441624365507
instability : 35.7497461928934
