molecularweight : 81116.60240000054
pI : 5.196470832824706
netcharge : -12.233219608319942
aromaticity : 0.08690012970168612
gravy : -0.895719844357977
instability : 24.38417639429313
