molecularweight : 92219.68710000074
pI : 5.228357505798338
netcharge : -22.237129749011615
aromaticity : 0.10630407911001236
gravy : -0.1771322620519161
instability : 39.615871446230074
