molecularweight : 82619.83210000036
pI : 6.324383735656738
netcharge : -5.013578426244777
aromaticity : 0.07448275862068965
gravy : -0.21213793103448297
instability : 47.64994482758635
