molecularweight : 30468.516600000035
pI : 8.637361335754395
netcharge : 3.444489932342698
aromaticity : 0.06545454545454546
gravy : -0.04327272727272727
instability : 43.37527272727272
