molecularweight : 36204.13080000004
pI : 6.21621913909912
netcharge : -4.383105298296218
aromaticity : 0.10835913312693499
gravy : -0.0377708978328173
instability : 40.97526315789473
