molecularweight : 19036.683299999986
pI : 9.258256340026854
netcharge : 9.417437558172876
aromaticity : 0.11764705882352941
gravy : -0.7952941176470584
instability : 72.4035882352941
