molecularweight : 81323.39790000035
pI : 5.89871654510498
netcharge : -12.540785369289623
aromaticity : 0.090014064697609
gravy : -0.6126582278481012
instability : 54.983980309423515
