molecularweight : 61458.1330000001
pI : 5.889508628845214
netcharge : -8.338306776347196
aromaticity : 0.09433962264150944
gravy : -0.5235849056603775
instability : 32.64475471698113
