molecularweight : 44631.91439999998
pI : 5.80282917022705
netcharge : -10.110392960808824
aromaticity : 0.08928571428571429
gravy : -1.0058673469387749
instability : 65.88214285714297
