molecularweight : 44048.6091
pI : 8.050634574890136
netcharge : 2.021457266923292
aromaticity : 0.10353535353535354
gravy : -0.4199494949494949
instability : 44.595732323232305
