molecularweight : 31451.39859999998
pI : 4.273746681213379
netcharge : -23.98724765583453
aromaticity : 0.10847457627118644
gravy : -0.3461016949152545
instability : 42.41050847457627
