molecularweight : 66741.6975000003
pI : 5.530058860778809
netcharge : -9.04863377407679
aromaticity : 0.08404802744425387
gravy : -0.7483704974271005
instability : 45.78493996569474
