molecularweight : 39603.16510000003
pI : 5.927249717712402
netcharge : -6.534656247224369
aromaticity : 0.09510086455331412
gravy : -0.5354466858789628
instability : 39.06887608069163
