molecularweight : 96841.80150000066
pI : 8.458654975891115
netcharge : 8.778123891968121
aromaticity : 0.09619952494061758
gravy : -0.402494061757718
instability : 44.38433491686477
