molecularweight : 41577.89020000007
pI : 4.926826667785644
netcharge : -19.67862845577848
aromaticity : 0.06451612903225806
gravy : -0.20349462365591417
instability : 30.703494623655917
