molecularweight : 97303.53290000069
pI : 8.911223030090333
netcharge : 9.226785792918491
aromaticity : 0.054871220604703244
gravy : -0.5269876819708846
instability : 54.83695408734632
