molecularweight : 98772.97830000069
pI : 5.7142740249633786
netcharge : -18.258763694697294
aromaticity : 0.11569301260022909
gravy : -0.3680412371134007
instability : 35.283871706758404
