molecularweight : 18232.724800000007
pI : 6.165689277648925
netcharge : -1.3298609150036285
aromaticity : 0.11801242236024845
gravy : -0.4173913043478261
instability : 36.45223602484469
