molecularweight : 19134.741799999993
pI : 4.490303230285644
netcharge : -10.337363159021303
aromaticity : 0.08571428571428572
gravy : 0.12914285714285714
instability : 34.51771428571427
