molecularweight : 19342.4324
pI : 9.395638465881348
netcharge : 4.776235655170122
aromaticity : 0.07602339181286549
gravy : 0.003508771929824653
instability : 23.217543859649115
