molecularweight : 50754.63770000003
pI : 6.952284049987793
netcharge : -0.09395520203438679
aromaticity : 0.12808988764044943
gravy : -0.4168539325842694
instability : 39.713101123595486
