molecularweight : 15839.363899999984
pI : 10.030329704284668
netcharge : 13.7159044017913
aromaticity : 0.1111111111111111
gravy : -0.39777777777777773
instability : 33.29637037037036
