molecularweight : 117582.77050000086
pI : 7.995643043518066
netcharge : 4.670742960996307
aromaticity : 0.08300395256916995
gravy : -0.6447628458498013
instability : 43.020563241106885
