molecularweight : 59447.12220000001
pI : 4.762164115905762
netcharge : -24.667799942262576
aromaticity : 0.14340344168260039
gravy : -0.27112810707457013
instability : 37.77250478011473
