molecularweight : 47616.02860000002
pI : 5.715240287780762
netcharge : -5.106636688742682
aromaticity : 0.08029197080291971
gravy : -0.4798053527980535
instability : 41.05158150851581
