molecularweight : 20307.253900000003
pI : 6.513373374938964
netcharge : -1.0899341292763438
aromaticity : 0.08333333333333333
gravy : -0.17555555555555544
instability : 37.40277777777774
