molecularweight : 21795.0755
pI : 4.852424430847167
netcharge : -11.192422063215446
aromaticity : 0.0748663101604278
gravy : -0.9406417112299466
instability : 58.16256684491979
