molecularweight : 30778.14930000003
pI : 6.850826454162598
netcharge : -0.2198495460301828
aromaticity : 0.08363636363636363
gravy : -0.05599999999999996
instability : 34.548727272727255
