molecularweight : 42773.76700000003
pI : 5.5655832290649405
netcharge : -5.9492932323255765
aromaticity : 0.10282776349614395
gravy : -0.2079691516709514
instability : 39.09565552699228
