molecularweight : 10714.927399999993
pI : 5.039595222473144
netcharge : -3.413775552701715
aromaticity : 0.019801980198019802
gravy : -0.22871287128712867
instability : 49.96039603960396
