molecularweight : 47365.15970000001
pI : 5.756448554992676
netcharge : -7.671323301958758
aromaticity : 0.17424242424242425
gravy : -0.4654040404040404
instability : 44.49146464646463
