molecularweight : 11460.88839999999
pI : 6.269875144958497
netcharge : -1.239988996938866
aromaticity : 0.08910891089108912
gravy : -0.39009900990098995
instability : 36.66039603960396
