molecularweight : 82638.37540000048
pI : 5.176747703552246
netcharge : -17.696052503296613
aromaticity : 0.0871313672922252
gravy : -0.2264075067024127
instability : 33.82280160857917
