molecularweight : 59125.93050000003
pI : 5.848982429504394
netcharge : -10.148790274357395
aromaticity : 0.09430255402750491
gravy : -0.7569744597249496
instability : 40.56583497053046
