molecularweight : 24617.99010000001
pI : 9.318663215637208
netcharge : 5.779911715771071
aromaticity : 0.0497737556561086
gravy : -0.24932126696832568
instability : 39.71719457013574
