molecularweight : 60397.863100000075
pI : 8.537693214416507
netcharge : 4.2738363874778145
aromaticity : 0.12407407407407409
gravy : 0.33333333333333326
instability : 40.42244444444443
