molecularweight : 48748.786400000085
pI : 7.735297966003418
netcharge : 1.5862949988873893
aromaticity : 0.10256410256410256
gravy : -0.42540792540792516
instability : 54.639417249417306
