molecularweight : 40529.21530000007
pI : 6.348995018005371
netcharge : -1.963861912950776
aromaticity : 0.06149732620320855
gravy : -0.38449197860962575
instability : 36.43291443850268
