molecularweight : 39873.81710000002
pI : 8.199169731140138
netcharge : 2.2043850999602554
aromaticity : 0.10294117647058823
gravy : -0.7764705882352939
instability : 55.05473529411764
