molecularweight : 20176.601800000004
pI : 9.393768882751463
netcharge : 6.8215370279782945
aromaticity : 0.049723756906077346
gravy : -0.6828729281767958
instability : 32.53486187845304
