molecularweight : 14425.94799999998
pI : 11.999967765808105
netcharge : 27.669788559995073
aromaticity : 0.032520325203252036
gravy : -0.6227642276422765
instability : 66.00731707317074
