molecularweight : 111501.78400000093
pI : 5.81948299407959
netcharge : -12.110154811615757
aromaticity : 0.051587301587301584
gravy : -0.4293650793650784
instability : 40.033640873016104
