molecularweight : 92008.93790000056
pI : 8.847721672058107
netcharge : 9.949058705544346
aromaticity : 0.08178438661710036
gravy : -0.4261462205700119
instability : 40.89603469640656
