molecularweight : 36497.753899999996
pI : 9.327946662902832
netcharge : 7.950015646730307
aromaticity : 0.08562691131498472
gravy : -0.07186544342507638
instability : 39.77067278287462
