molecularweight : 47836.67750000006
pI : 4.525202369689941
netcharge : -30.635837105072234
aromaticity : 0.1473429951690821
gravy : -0.4483091787439615
instability : 31.811425120772956
