molecularweight : 30352.37500000003
pI : 6.555150032043457
netcharge : -1.064097614983055
aromaticity : 0.06766917293233082
gravy : -0.5894736842105266
instability : 38.918045112781954
