molecularweight : 66723.27840000023
pI : 6.62887020111084
netcharge : -2.5690520112588615
aromaticity : 0.07445008460236886
gravy : -0.6106598984771572
instability : 54.33419627749594
