molecularweight : 65049.123200000235
pI : 5.362611198425292
netcharge : -14.745904519236234
aromaticity : 0.044722719141323794
gravy : -0.7890876565295148
instability : 33.0785509838998
