molecularweight : 60421.96240000015
pI : 8.986393165588382
netcharge : 9.480031325746065
aromaticity : 0.14391143911439114
gravy : 0.5618081180811819
instability : 34.72824723247231
