molecularweight : 43204.35820000004
pI : 6.762271308898925
netcharge : -0.7385596440689071
aromaticity : 0.11590296495956873
gravy : -0.5692722371967657
instability : 48.73342318059301
