molecularweight : 66505.42190000034
pI : 5.088647270202636
netcharge : -16.969143441890907
aromaticity : 0.06199021207177814
gravy : -0.24290375203915182
instability : 38.020228384991874
