molecularweight : 28216.080100000047
pI : 6.3027849197387695
netcharge : -2.7329407707213207
aromaticity : 0.09387755102040816
gravy : -0.22040816326530616
instability : 48.26493877551019
