molecularweight : 47373.1233000002
pI : 4.379694557189941
netcharge : -51.991949159705285
aromaticity : 0.02927927927927928
gravy : -1.4340090090090098
instability : 92.77184684684727
