molecularweight : 67613.86590000022
pI : 6.374174690246583
netcharge : -4.105131198223589
aromaticity : 0.14335060449050085
gravy : -0.47063903281519853
instability : 41.87120898100177
