molecularweight : 61190.90000000014
pI : 6.339787101745605
netcharge : -4.114976143343853
aromaticity : 0.08043875685557586
gravy : -0.31444241316270555
instability : 38.5142778793419
