molecularweight : 29889.741400000024
pI : 8.756821250915529
netcharge : 4.016483634570822
aromaticity : 0.055762081784386616
gravy : -0.45018587360594836
instability : 45.05018587360594
