molecularweight : 42508.003600000025
pI : 7.693407630920411
netcharge : 1.1929402746742852
aromaticity : 0.09066666666666667
gravy : -0.20613333333333358
instability : 40.87946666666667
