molecularweight : 37950.83420000007
pI : 9.891916084289551
netcharge : 20.39012597167796
aromaticity : 0.0650887573964497
gravy : -0.6121301775147928
instability : 40.312455621301766
