molecularweight : 79498.08950000038
pI : 9.185149192810059
netcharge : 14.753059517089198
aromaticity : 0.09826589595375723
gravy : -0.6057803468208074
instability : 40.50047687861281
