molecularweight : 21402.57830000001
pI : 4.292389869689941
netcharge : -24.146430377216156
aromaticity : 0.05319148936170212
gravy : -0.4446808510638297
instability : 44.251595744680834
