molecularweight : 70847.15870000025
pI : 8.848624229431152
netcharge : 7.97488979452082
aromaticity : 0.12903225806451613
gravy : 0.12435483870967709
instability : 49.73264516129046
