molecularweight : 62863.464300000145
pI : 9.246716499328613
netcharge : 12.406517853271453
aromaticity : 0.06486486486486487
gravy : -0.4111711711711704
instability : 38.31657657657655
