molecularweight : 39068.858400000005
pI : 6.390657997131348
netcharge : -2.610668939389086
aromaticity : 0.08645533141210374
gravy : -0.5423631123919316
instability : 35.121325648414974
