molecularweight : 21236.989800000003
pI : 9.243686485290525
netcharge : 8.053944140918432
aromaticity : 0.03076923076923077
gravy : -0.3923076923076925
instability : 44.06102564102563
