molecularweight : 75156.99530000026
pI : 9.24123668670654
netcharge : 12.843942496728829
aromaticity : 0.09226190476190477
gravy : 0.004761904761904359
instability : 27.42040178571427
