molecularweight : 49583.52559999998
pI : 8.829992866516115
netcharge : 7.25813641042469
aromaticity : 0.07505518763796909
gravy : -0.8803532008830007
instability : 67.51282560706414
