molecularweight : 36689.26720000003
pI : 4.763698768615721
netcharge : -14.27548121153049
aromaticity : 0.04558404558404558
gravy : -0.5156695156695155
instability : 37.20142450142449
