molecularweight : 24850.80870000001
pI : 4.511731529235839
netcharge : -25.146277747413045
aromaticity : 0.08294930875576037
gravy : -1.1267281105990783
instability : 35.06870967741935
