molecularweight : 101098.92850000066
pI : 5.266439628601074
netcharge : -20.33018126133348
aromaticity : 0.07034632034632035
gravy : 0.003679653679653632
instability : 38.26409090909107
