molecularweight : 86140.35090000047
pI : 4.919494438171386
netcharge : -41.29876737313957
aromaticity : 0.026007802340702213
gravy : -0.897919375812743
instability : 52.859297789337
