molecularweight : 32439.690300000035
pI : 5.39904499053955
netcharge : -8.868422463022682
aromaticity : 0.08741258741258742
gravy : -0.29125874125874135
instability : 46.99160839160837
