molecularweight : 39810.100200000066
pI : 5.028795814514161
netcharge : -17.047641901690696
aromaticity : 0.08284023668639054
gravy : -1.0908284023668626
instability : 49.60207100591716
