molecularweight : 16707.6278
pI : 5.163447380065916
netcharge : -5.3094857557040385
aromaticity : 0.06164383561643835
gravy : -0.6993150684931512
instability : 40.66780821917806
