molecularweight : 76165.5309000003
pI : 9.155300331115722
netcharge : 15.466466443454152
aromaticity : 0.08651026392961877
gravy : -0.05689149560117315
instability : 42.81174486803527
