molecularweight : 53231.50150000007
pI : 5.058863639831542
netcharge : -17.765156166040562
aromaticity : 0.062231759656652355
gravy : -0.7030042918454924
instability : 47.64656652360518
