molecularweight : 51255.75530000005
pI : 5.139233970642089
netcharge : -14.823210644844522
aromaticity : 0.045064377682403435
gravy : -0.20085836909871255
instability : 43.044420600858366
