molecularweight : 55424.438700000064
pI : 5.745933341979981
netcharge : -11.172899658412433
aromaticity : 0.046464646464646465
gravy : -0.7220202020202005
instability : 48.68242424242433
