molecularweight : 71014.92690000036
pI : 6.65410671234131
netcharge : -1.5139379495057597
aromaticity : 0.09433962264150944
gravy : -0.11415094339622643
instability : 36.46589622641512
