molecularweight : 29251.01050000002
pI : 6.542702293395997
netcharge : -1.0668660125838016
aromaticity : 0.05303030303030303
gravy : -0.46022727272727276
instability : 27.61136363636363
