molecularweight : 44540.551600000064
pI : 6.078270912170409
netcharge : -9.469325091947237
aromaticity : 0.10776942355889724
gravy : 0.14711779448621534
instability : 26.409799498746853
