molecularweight : 57629.098400000104
pI : 4.778931617736816
netcharge : -27.10155167844519
aromaticity : 0.08431372549019608
gravy : -0.5378431372549024
instability : 35.871588235294105
