molecularweight : 48778.5101000001
pI : 8.710984230041504
netcharge : 4.227358279528005
aromaticity : 0.07441860465116279
gravy : -0.5258139534883729
instability : 40.36604651162791
