molecularweight : 41931.88890000005
pI : 8.868931770324707
netcharge : 6.894425776655403
aromaticity : 0.1022099447513812
gravy : -0.41823204419889554
instability : 43.49944751381214
