molecularweight : 56384.6268000001
pI : 8.87163944244385
netcharge : 5.9926042501810315
aromaticity : 0.032504780114722756
gravy : -0.7917782026768627
instability : 52.0579349904399
