molecularweight : 39341.743800000026
pI : 8.30418872833252
netcharge : 2.8624978022970105
aromaticity : 0.1452991452991453
gravy : 0.5125356125356128
instability : 25.031652421652417
