molecularweight : 22205.948500000006
pI : 5.64407787322998
netcharge : -4.131770454681689
aromaticity : 0.08421052631578947
gravy : -0.6468421052631582
instability : 45.144210526315774
