molecularweight : 65921.5019000002
pI : 8.7581750869751
netcharge : 10.700347736353244
aromaticity : 0.1054481546572935
gravy : -0.13128295254833042
instability : 47.316010544815576
