molecularweight : 54033.60560000006
pI : 4.959622764587402
netcharge : -18.63909585313769
aromaticity : 0.075
gravy : 0.1154166666666665
instability : 39.52566666666664
