molecularweight : 116519.90150000087
pI : 5.007310676574707
netcharge : -41.92641551198625
aromaticity : 0.09632571996027806
gravy : -0.4310824230387271
instability : 42.01886792452849
