molecularweight : 74068.4271000003
pI : 5.296223258972168
netcharge : -20.143594769409134
aromaticity : 0.07441860465116279
gravy : -0.11860465116279109
instability : 43.160310077519476
