molecularweight : 160035.29800000065
pI : 8.582369804382324
netcharge : 13.938384990908219
aromaticity : 0.07006369426751592
gravy : -0.41040339702759937
instability : 49.4721372965325
