molecularweight : 28460.177600000003
pI : 5.913892555236816
netcharge : -3.947189231178676
aromaticity : 0.07392996108949416
gravy : -0.2167315175097281
instability : 28.91906614785992
