molecularweight : 107469.93470000078
pI : 6.606361961364747
netcharge : -3.236776898098114
aromaticity : 0.125129265770424
gravy : 0.27507755946225615
instability : 31.17550155118934
