molecularweight : 47964.68720000005
pI : 7.991194725036622
netcharge : 1.9319979941856644
aromaticity : 0.08788598574821853
gravy : -0.6548693586698335
instability : 54.07914489311169
