molecularweight : 76969.67430000035
pI : 8.395411491394043
netcharge : 5.353209364686904
aromaticity : 0.06766917293233082
gravy : -0.4115789473684207
instability : 42.078827067669295
