molecularweight : 67186.84280000032
pI : 9.096247291564943
netcharge : 9.820042759694438
aromaticity : 0.05691056910569106
gravy : -0.8282926829268284
instability : 42.85252032520336
