molecularweight : 48344.49270000007
pI : 4.647519874572754
netcharge : -24.85541625354638
aromaticity : 0.10377358490566038
gravy : -0.059905660377358505
instability : 48.13044811320754
