molecularweight : 14759.82979999999
pI : 9.89488162994385
netcharge : 8.758358823760556
aromaticity : 0.13114754098360656
gravy : -0.702459016393443
instability : 32.82622950819671
