molecularweight : 86221.22120000055
pI : 5.703701972961426
netcharge : -13.938800484531512
aromaticity : 0.0891218872870249
gravy : -0.590825688073393
instability : 56.349043250327895
