molecularweight : 26756.948900000018
pI : 5.267860603332519
netcharge : -7.11408658142247
aromaticity : 0.06722689075630252
gravy : -0.6277310924369747
instability : 41.918907563025215
