molecularweight : 33994.01830000006
pI : 5.425247764587401
netcharge : -10.609412851581478
aromaticity : 0.10333333333333333
gravy : -0.32800000000000007
instability : 48.54166666666666
