molecularweight : 43832.2419000001
pI : 5.450029563903808
netcharge : -11.437693618048698
aromaticity : 0.14814814814814814
gravy : -0.09576719576719599
instability : 45.769603174603176
