molecularweight : 121410.34010000099
pI : 4.560726737976076
netcharge : -66.27269989449476
aromaticity : 0.08356545961002786
gravy : 0.02098421541318461
instability : 40.00316620241433
