molecularweight : 91640.25970000045
pI : 9.629594230651854
netcharge : 40.55861365369455
aromaticity : 0.11469072164948453
gravy : -0.23234536082474233
instability : 45.668453608247596
