molecularweight : 21047.210999999996
pI : 9.85903720855713
netcharge : 11.605220124011819
aromaticity : 0.043010752688172046
gravy : -1.1951612903225812
instability : 56.34354838709675
