molecularweight : 12277.015699999989
pI : 5.857906150817871
netcharge : -2.244553941028393
aromaticity : 0.12380952380952381
gravy : -0.2999999999999999
instability : 38.141904761904755
