molecularweight : 66962.35010000019
pI : 5.702167320251465
netcharge : -8.645640172267747
aromaticity : 0.09401709401709402
gravy : -0.3711111111111112
instability : 37.180547008547045
