molecularweight : 78607.74670000032
pI : 5.475777626037597
netcharge : -13.64315677549402
aromaticity : 0.11259259259259259
gravy : -0.11037037037037044
instability : 45.10063703703714
