molecularweight : 27553.33520000002
pI : 7.61678867340088
netcharge : 1.2295218533199055
aromaticity : 0.08606557377049179
gravy : -0.8627049180327867
instability : 33.54795081967214
