molecularweight : 27613.174400000004
pI : 5.864840507507323
netcharge : -2.294717323495778
aromaticity : 0.0967741935483871
gravy : -0.25241935483870964
instability : 35.497580645161285
