molecularweight : 52098.21360000009
pI : 5.493852424621582
netcharge : -9.859480667334651
aromaticity : 0.078125
gravy : -0.7629464285714278
instability : 52.727008928571465
