molecularweight : 54601.37640000008
pI : 6.248844718933106
netcharge : -5.10678552584568
aromaticity : 0.06611570247933884
gravy : -0.08409090909090938
instability : 39.725661157024774
