molecularweight : 87485.6152000005
pI : 5.225913429260252
netcharge : -25.962506783682883
aromaticity : 0.0847457627118644
gravy : -0.5391134289439364
instability : 48.12113428943951
