molecularweight : 47512.758200000055
pI : 9.35328273773193
netcharge : 14.253359031716926
aromaticity : 0.06175771971496437
gravy : -0.44584323040380036
instability : 51.924038004750635
