molecularweight : 74384.5088000003
pI : 8.29129505157471
netcharge : 5.548623449614865
aromaticity : 0.1292834890965732
gravy : -0.2771028037383178
instability : 43.54660436137079
