molecularweight : 23324.72509999998
pI : 9.48892421722412
netcharge : 9.969716140380491
aromaticity : 0.12254901960784315
gravy : -0.2539215686274509
instability : 55.63529411764705
