molecularweight : 67128.37660000016
pI : 8.743025016784667
netcharge : 9.602940723629317
aromaticity : 0.11478260869565217
gravy : -0.3773913043478267
instability : 43.35046956521744
