molecularweight : 48797.04570000011
pI : 4.561579322814942
netcharge : -37.18614728659375
aromaticity : 0.08510638297872342
gravy : -1.1706855791962154
instability : 46.69999999999998
