molecularweight : 39459.79150000002
pI : 8.507328605651857
netcharge : 3.538586741957232
aromaticity : 0.06779661016949153
gravy : -0.22429378531073457
instability : 43.49293785310734
