molecularweight : 91042.49190000062
pI : 5.899284934997559
netcharge : -10.923096053722986
aromaticity : 0.08830845771144279
gravy : -0.5789800995024877
instability : 49.129402985074826
