molecularweight : 86375.95310000039
pI : 5.872513771057128
netcharge : -14.344666061601586
aromaticity : 0.07612903225806453
gravy : -0.2289032258064515
instability : 40.49212903225816
