molecularweight : 18649.131199999985
pI : 6.301818656921387
netcharge : -1.2270689463572069
aromaticity : 0.05952380952380952
gravy : -0.3589285714285713
instability : 18.198809523809523
