molecularweight : 39731.511800000015
pI : 6.019954109191894
netcharge : -5.521513185719499
aromaticity : 0.09141274238227146
gravy : -0.32160664819944607
instability : 32.58227146814405
