molecularweight : 18015.11430000001
pI : 4.5473127365112305
netcharge : -14.28878585885682
aromaticity : 0.07741935483870968
gravy : -0.5922580645161294
instability : 49.28645161290323
