molecularweight : 58661.05280000011
pI : 5.39154224395752
netcharge : -15.18564334780686
aromaticity : 0.07400379506641366
gravy : -0.4354838709677418
instability : 44.65730550284635
