molecularweight : 32893.20740000003
pI : 8.644194984436037
netcharge : 3.1264947642873295
aromaticity : 0.10472972972972973
gravy : -0.34087837837837853
instability : 27.663209459459456
