molecularweight : 56107.0031
pI : 6.341662788391113
netcharge : -2.7167395057310486
aromaticity : 0.12955465587044535
gravy : -0.40546558704453456
instability : 34.462408906882594
