molecularweight : 49241.35970000013
pI : 5.1972665786743155
netcharge : -19.175486803893563
aromaticity : 0.10328638497652581
gravy : -0.3615023474178403
instability : 45.431924882629104
