molecularweight : 70150.44350000018
pI : 5.5818391799926745
netcharge : -15.884045121742474
aromaticity : 0.10231023102310231
gravy : -0.21831683168316868
instability : 40.8280858085809
