molecularweight : 24248.79860000003
pI : 11.314926719665529
netcharge : 40.08790455949788
aromaticity : 0.10784313725490197
gravy : -1.0186274509803925
instability : 33.46862745098038
