molecularweight : 58199.43940000003
pI : 5.534492301940917
netcharge : -11.542212420949298
aromaticity : 0.09177820267686423
gravy : -0.23594646271510533
instability : 33.30671128107075
