molecularweight : 13001.936699999975
pI : 7.780254173278809
netcharge : 0.6842621831810725
aromaticity : 0.08333333333333333
gravy : -0.5046296296296297
instability : 51.19999999999998
