molecularweight : 42486.81460000006
pI : 5.091716575622558
netcharge : -16.529666137258346
aromaticity : 0.07142857142857142
gravy : -0.5544973544973544
instability : 48.282539682539664
