molecularweight : 97875.53260000066
pI : 4.963999366760253
netcharge : -33.12467648091224
aromaticity : 0.08258928571428571
gravy : 0.14341517857142833
instability : 39.457600446428735
