molecularweight : 36277.35640000006
pI : 9.451597023010255
netcharge : 13.873689401653806
aromaticity : 0.0935483870967742
gravy : -0.8112903225806449
instability : 43.402903225806455
