molecularweight : 107847.90470000081
pI : 6.220709419250488
netcharge : -9.16615526678629
aromaticity : 0.07755946225439503
gravy : -0.3413650465356771
instability : 42.81386763185127
