molecularweight : 164847.51879999976
pI : 5.3557336807250975
netcharge : -31.29358912123304
aromaticity : 0.1211708645336964
gravy : 0.020422055820285685
instability : 33.440864533696576
