molecularweight : 69813.74710000033
pI : 5.218581199645995
netcharge : -23.090428122918425
aromaticity : 0.06774193548387097
gravy : -0.8170967741935471
instability : 50.0819677419356
