molecularweight : 84960.49270000038
pI : 6.346721458435058
netcharge : -6.285092466971008
aromaticity : 0.09825033647375506
gravy : -0.6246298788694462
instability : 47.689663526245134
