molecularweight : 49850.204100000105
pI : 9.554939842224119
netcharge : 13.78201793838074
aromaticity : 0.051224944320712694
gravy : -1.203563474387526
instability : 62.755011135857565
