molecularweight : 19684.001099999987
pI : 11.511813163757324
netcharge : 27.752460114581133
aromaticity : 0.06818181818181818
gravy : -0.33693181818181805
instability : 32.809659090909086
