molecularweight : 81545.72190000043
pI : 5.577860450744628
netcharge : -12.62789358030544
aromaticity : 0.04526166902404526
gravy : -0.7487977369165467
instability : 32.59844413012733
