molecularweight : 21122.678900000014
pI : 5.077734184265136
netcharge : -6.268436030314316
aromaticity : 0.11538461538461539
gravy : -0.2857142857142856
instability : 50.29730769230769
