molecularweight : 83536.71440000042
pI : 6.12737979888916
netcharge : -6.219976900693268
aromaticity : 0.08232118758434548
gravy : -0.6462887989203767
instability : 44.09933873144418
