molecularweight : 32918.11700000007
pI : 9.428775215148928
netcharge : 14.202772452081796
aromaticity : 0.04123711340206186
gravy : -1.0553264604811
instability : 51.99862542955326
