molecularweight : 59323.500800000256
pI : 6.113965797424315
netcharge : -3.8368742007553323
aromaticity : 0.06049149338374291
gravy : -0.7629489603024565
instability : 48.248393194707084
