molecularweight : 162235.43740000023
pI : 8.331329917907716
netcharge : 9.918128168321772
aromaticity : 0.06780821917808219
gravy : -0.27575342465753233
instability : 39.16358904109614
