molecularweight : 88852.69010000052
pI : 5.998071098327636
netcharge : -10.811050905274016
aromaticity : 0.11826544021024966
gravy : -0.6348226018396834
instability : 47.38699080157701
