molecularweight : 60125.97700000009
pI : 5.3660783767700195
netcharge : -9.875905107865478
aromaticity : 0.09888059701492537
gravy : -0.02593283582089551
instability : 47.534738805970186
