molecularweight : 55994.004200000054
pI : 9.069235038757324
netcharge : 7.259407989195694
aromaticity : 0.08653846153846154
gravy : -0.9113461538461531
instability : 53.760788461538645
