molecularweight : 48391.01519999997
pI : 7.1085912704467775
netcharge : 0.2855584286786339
aromaticity : 0.075
gravy : -0.22068181818181884
instability : 33.34272727272727
