molecularweight : 94178.40010000054
pI : 5.308045768737792
netcharge : -21.210872384480552
aromaticity : 0.05861244019138756
gravy : -0.4966507177033485
instability : 51.28528708133996
