molecularweight : 206143.6375999996
pI : 5.2923582077026365
netcharge : -44.94945631463494
aromaticity : 0.07982969664715274
gravy : -0.31261309207024884
instability : 39.35860031931918
