molecularweight : 14396.918599999986
pI : 4.674575233459472
netcharge : -11.218102043271763
aromaticity : 0.12605042016806722
gravy : -0.8504201680672272
instability : 48.74285714285711
