molecularweight : 68902.70250000028
pI : 5.285878562927246
netcharge : -17.636655204028855
aromaticity : 0.06589785831960461
gravy : -0.6795716639209208
instability : 57.070181219110545
