molecularweight : 21693.96370000001
pI : 5.863305854797362
netcharge : -3.1238103477334818
aromaticity : 0.0736842105263158
gravy : -0.13473684210526313
instability : 36.57210526315789
