molecularweight : 90816.09380000045
pI : 5.144178962707519
netcharge : -30.169044811385533
aromaticity : 0.04975124378109452
gravy : -0.9461442786069654
instability : 48.98557213930376
