molecularweight : 81241.23120000034
pI : 8.595456886291508
netcharge : 9.548195446395042
aromaticity : 0.10875706214689265
gravy : -0.5346045197740105
instability : 44.569646892655506
