molecularweight : 61130.251600000156
pI : 7.7555326461792
netcharge : 1.9429458179834
aromaticity : 0.08288288288288288
gravy : -0.10108108108108099
instability : 39.79387387387386
