molecularweight : 49867.74559999998
pI : 5.669200706481934
netcharge : -6.918636063572919
aromaticity : 0.04824561403508772
gravy : -0.21469298245614066
instability : 42.80087719298245
