molecularweight : 38954.390600000086
pI : 6.280276679992675
netcharge : -1.2847039793623551
aromaticity : 0.08069164265129683
gravy : -0.6187319884726226
instability : 38.998587896253596
