molecularweight : 39985.684700000034
pI : 5.745080757141113
netcharge : -5.03989381577842
aromaticity : 0.08659217877094973
gravy : -0.9089385474860331
instability : 42.431005586592185
