molecularweight : 18548.5365
pI : 4.396518898010254
netcharge : -15.29712684299085
aromaticity : 0.10778443113772454
gravy : -0.31377245508982027
instability : 17.23239520958084
