molecularweight : 87085.78040000048
pI : 4.904091072082519
netcharge : -43.41766520771341
aromaticity : 0.09652509652509653
gravy : -0.5227799227799226
instability : 36.969240669240726
