molecularweight : 65766.41830000012
pI : 9.166195487976076
netcharge : 15.10834516964593
aromaticity : 0.11985688729874776
gravy : -0.34329159212880106
instability : 32.66173524150268
