molecularweight : 56398.57360000015
pI : 9.075424003601075
netcharge : 11.926940314865199
aromaticity : 0.07602339181286549
gravy : -0.3148148148148151
instability : 21.800974658869393
