molecularweight : 13844.478299999972
pI : 6.5607202529907225
netcharge : -1.0044994944790089
aromaticity : 0.05925925925925926
gravy : 0.2044444444444446
instability : 26.69481481481481
