molecularweight : 200296.83909999975
pI : 5.036753273010253
netcharge : -66.339180303002
aromaticity : 0.09085778781038376
gravy : -0.16551918735891558
instability : 46.542330699774595
