molecularweight : 34164.88430000007
pI : 5.2151708602905265
netcharge : -12.764911577161612
aromaticity : 0.08741258741258742
gravy : -1.057692307692308
instability : 65.99300699300699
