molecularweight : 50805.844300000084
pI : 4.828324699401855
netcharge : -18.032773970616816
aromaticity : 0.09911894273127753
gravy : -0.18656387665198246
instability : 37.82535242290749
