molecularweight : 29183.36770000003
pI : 5.345843696594237
netcharge : -6.157361687834012
aromaticity : 0.06766917293233082
gravy : 0.013533834586466198
instability : 34.268045112781955
