molecularweight : 87664.0759000005
pI : 5.962319374084472
netcharge : -8.309527913722945
aromaticity : 0.09948320413436693
gravy : -0.2556847545219638
instability : 46.650426356589264
