molecularweight : 97871.8548000008
pI : 4.718852806091308
netcharge : -56.79343856654825
aromaticity : 0.06098964326812428
gravy : -0.765477560414271
instability : 66.59080552359067
