molecularweight : 103746.6978000007
pI : 5.486747550964354
netcharge : -26.008639526236976
aromaticity : 0.1309655937846837
gravy : -0.38168701442841196
instability : 41.46207547169831
