molecularweight : 58190.54990000018
pI : 6.634951972961426
netcharge : -4.069602971615872
aromaticity : 0.053742802303262956
gravy : -0.9222648752399226
instability : 68.98140115163167
