molecularweight : 31155.918700000035
pI : 9.450243186950683
netcharge : 15.060704319859674
aromaticity : 0.07272727272727272
gravy : -0.846545454545455
instability : 52.458181818181814
