molecularweight : 50978.863800000065
pI : 5.511586189270018
netcharge : -15.864843589048249
aromaticity : 0.06458797327394208
gravy : -0.8850779510022256
instability : 49.431648106904284
