molecularweight : 17450.530399999996
pI : 6.907438087463379
netcharge : -0.14006637755416307
aromaticity : 0.08333333333333334
gravy : -0.3076923076923073
instability : 47.23461538461537
