molecularweight : 89747.85140000065
pI : 6.7165727615356445
netcharge : -2.1742705462393275
aromaticity : 0.07858048162230671
gravy : -0.46362484157160844
instability : 47.035120405576855
