molecularweight : 35150.474500000055
pI : 6.560606575012207
netcharge : -1.598336076825845
aromaticity : 0.07096774193548387
gravy : -0.4254838709677419
instability : 39.4525806451613
