molecularweight : 11650.126499999988
pI : 9.695416450500488
netcharge : 6.507579708771017
aromaticity : 0.09803921568627452
gravy : -1.2705882352941176
instability : 73.11872549019608
