molecularweight : 46444.62610000009
pI : 5.538925743103026
netcharge : -6.973503789614725
aromaticity : 0.05339805825242719
gravy : -0.2941747572815536
instability : 40.51992718446601
