molecularweight : 4994.7005
pI : 6.53429012298584
netcharge : -0.41332480933203275
aromaticity : 0.08695652173913043
gravy : 0.0804347826086956
instability : 44.382608695652166
