molecularweight : 16200.29359999999
pI : 6.4983110427856445
netcharge : -1.073107926722571
aromaticity : 0.11971830985915494
gravy : -0.3246478873239438
instability : 29.214084507042237
