molecularweight : 39218.60510000001
pI : 6.321712303161622
netcharge : -1.2393511603911094
aromaticity : 0.08967391304347826
gravy : -0.1872282608695654
instability : 29.710054347826066
