molecularweight : 49817.83430000009
pI : 9.211258888244629
netcharge : 8.48363588273208
aromaticity : 0.08314087759815242
gravy : -0.2558891454965358
instability : 40.93859122401847
