molecularweight : 84205.62980000046
pI : 6.442836189270018
netcharge : -3.9201874188953383
aromaticity : 0.11475409836065573
gravy : -0.46721311475409744
instability : 34.24986338797816
