molecularweight : 22349.925500000027
pI : 6.794214820861816
netcharge : -0.27609522945176224
aromaticity : 0.03664921465968586
gravy : -1.3408376963350785
instability : 55.87434554973821
