molecularweight : 39112.18090000001
pI : 6.031208229064941
netcharge : -3.853225539860226
aromaticity : 0.07062146892655367
gravy : -0.2135593220338984
instability : 28.393220338983053
