molecularweight : 49666.351500000055
pI : 4.5459486007690435
netcharge : -43.42929428052288
aromaticity : 0.0776255707762557
gravy : -0.6881278538812781
instability : 43.2390410958904
