molecularweight : 275936.5218000014
pI : 6.463411903381346
netcharge : -11.353726892679276
aromaticity : 0.08522962350020687
gravy : -0.1908564335953653
instability : 41.025585436491795
