molecularweight : 88898.78390000056
pI : 5.996536445617674
netcharge : -9.038876310896555
aromaticity : 0.0639386189258312
gravy : -0.7138107416879785
instability : 57.22557544757056
