molecularweight : 35718.57690000007
pI : 10.149854087829588
netcharge : 20.66509184189107
aromaticity : 0.10032362459546926
gravy : -0.4090614886731397
instability : 58.4330420711974
