molecularweight : 51557.77650000005
pI : 6.533323860168457
netcharge : -1.69684714718678
aromaticity : 0.10067114093959731
gravy : -0.20156599552572743
instability : 30.992617449664422
