molecularweight : 77277.6112000003
pI : 6.4538061141967775
netcharge : -3.2318567049607196
aromaticity : 0.10029069767441862
gravy : -0.11598837209302336
instability : 43.84492732558152
