molecularweight : 53826.16480000008
pI : 9.19282093048096
netcharge : 10.417355268048226
aromaticity : 0.07547169811320754
gravy : -0.8199161425576518
instability : 57.70379454926643
