molecularweight : 20999.050100000004
pI : 5.037321662902832
netcharge : -6.269330250630368
aromaticity : 0.09944751381215469
gravy : -0.06850828729281773
instability : 41.6828729281768
