molecularweight : 41500.7217000001
pI : 4.934727287292478
netcharge : -15.904837801989842
aromaticity : 0.05333333333333333
gravy : -0.5351999999999999
instability : 55.8416
