molecularweight : 33307.31090000004
pI : 5.490385246276855
netcharge : -9.61359555675303
aromaticity : 0.08754208754208753
gravy : -0.18484848484848487
instability : 46.84242424242424
