molecularweight : 98613.46560000058
pI : 5.0826223373413075
netcharge : -32.88727474744306
aromaticity : 0.06356413166855845
gravy : -0.5278093076049942
instability : 48.6603972758231
