molecularweight : 21840.1596
pI : 6.975133323669434
netcharge : -0.04373668750469406
aromaticity : 0.07253886010362695
gravy : -1.0378238341968917
instability : 59.91139896373056
