molecularweight : 31831.26430000002
pI : 5.146509361267088
netcharge : -9.96780147367696
aromaticity : 0.14181818181818182
gravy : -0.4741818181818188
instability : 31.790581818181806
