molecularweight : 49573.78280000014
pI : 4.0500284194946286
netcharge : -79.37866364737027
aromaticity : 0.0405982905982906
gravy : -0.5636752136752123
instability : 73.34252136752163
