molecularweight : 61494.42940000006
pI : 5.57678050994873
netcharge : -15.858040666133583
aromaticity : 0.09403254972875226
gravy : -0.10397830018083176
instability : 40.374520795660075
