molecularweight : 38219.223000000035
pI : 8.402116203308108
netcharge : 4.30183240131489
aromaticity : 0.14067278287461774
gravy : -0.34678899082568876
instability : 33.53397553516819
