molecularweight : 39380.630100000024
pI : 4.690205955505371
netcharge : -14.8759235950473
aromaticity : 0.10857142857142857
gravy : 0.23885714285714277
instability : 43.61142857142857
