molecularweight : 43406.44940000002
pI : 8.559547996520998
netcharge : 5.041680421153167
aromaticity : 0.11609498680738786
gravy : -0.24722955145118733
instability : 26.434300791556737
