molecularweight : 79572.1671000003
pI : 5.348344612121582
netcharge : -13.868733493712213
aromaticity : 0.08309037900874636
gravy : -0.6586005830903781
instability : 49.81590379008761
