molecularweight : 53829.54750000011
pI : 6.7000326156616214
netcharge : -1.344002224036096
aromaticity : 0.09832635983263599
gravy : -0.21799163179916323
instability : 51.67638075313813
