molecularweight : 50652.90890000005
pI : 5.954816627502441
netcharge : -6.5312052051496465
aromaticity : 0.09153318077803203
gravy : -0.5256292906178481
instability : 44.002059496567504
