molecularweight : 59122.16980000012
pI : 5.929125404357909
netcharge : -12.381935599418341
aromaticity : 0.07334525939177103
gravy : -0.27960644007155644
instability : 25.994096601073338
