molecularweight : 31781.31920000003
pI : 8.652704811096193
netcharge : 3.470540250892853
aromaticity : 0.09090909090909091
gravy : -0.33272727272727276
instability : 37.0589818181818
