molecularweight : 109548.75890000086
pI : 6.019669914245605
netcharge : -13.851289121201816
aromaticity : 0.10942249240121579
gravy : 0.19908814589665702
instability : 39.11826747720389
