molecularweight : 66480.9396000002
pI : 6.186947059631348
netcharge : -5.292953202788624
aromaticity : 0.08006814310051108
gravy : -0.45383304940374725
instability : 47.34173764906315
