molecularweight : 32301.908900000017
pI : 8.010728645324708
netcharge : 1.896187207254954
aromaticity : 0.09285714285714286
gravy : -0.3750000000000003
instability : 49.21607142857143
