molecularweight : 62616.54060000025
pI : 8.766555976867675
netcharge : 6.705634206321193
aromaticity : 0.0636042402826855
gravy : -0.9173144876325091
instability : 64.34787985865748
