molecularweight : 57643.998900000086
pI : 7.728249931335449
netcharge : 2.2428127068252124
aromaticity : 0.07326732673267326
gravy : -0.03920792079207924
instability : 39.28120792079206
