molecularweight : 37959.8555999999
pI : 4.0500284194946286
netcharge : -35.209718318760565
aromaticity : 0.03827751196172249
gravy : -0.4339712918660296
instability : 49.50909090909083
