molecularweight : 57128.51720000003
pI : 6.3242700576782225
netcharge : -2.709255790104436
aromaticity : 0.0550098231827112
gravy : -0.3056974459724952
instability : 33.543634577603136
