molecularweight : 19689.228599999995
pI : 6.7581789016723635
netcharge : -0.29466111836527276
aromaticity : 0.06857142857142857
gravy : -0.44571428571428595
instability : 27.423485714285704
