molecularweight : 97348.35560000055
pI : 8.391930198669435
netcharge : 5.2383087167618925
aromaticity : 0.13028169014084506
gravy : 0.09002347417840388
instability : 41.41552816901419
