molecularweight : 4837.442100000001
pI : 4.682589530944824
netcharge : -1.507379561660926
aromaticity : 0.08695652173913043
gravy : 0.21521739130434783
instability : 24.59347826086957
