molecularweight : 39319.785100000016
pI : 8.770230674743651
netcharge : 5.11431376750572
aromaticity : 0.11869436201780417
gravy : -1.0445103857566769
instability : 46.75581602373886
