molecularweight : 43414.59130000004
pI : 5.833238029479981
netcharge : -5.0106708855107485
aromaticity : 0.05970149253731343
gravy : -0.5109452736318416
instability : 35.12786069651741
