molecularweight : 51174.46380000006
pI : 5.8878602981567365
netcharge : -7.460376609281646
aromaticity : 0.12053571428571427
gravy : -0.30066964285714304
instability : 43.80785714285714
