molecularweight : 82016.8247000003
pI : 5.597526741027831
netcharge : -18.605060070287266
aromaticity : 0.08356940509915015
gravy : -0.3318696883852692
instability : 44.86162889518424
