molecularweight : 54870.25060000009
pI : 6.685652351379395
netcharge : -1.3901256020387294
aromaticity : 0.10251046025104603
gravy : -0.33138075313807586
instability : 50.99018828451886
