molecularweight : 34392.74150000003
pI : 5.445084571838378
netcharge : -5.183763733986424
aromaticity : 0.08306709265175719
gravy : -0.17859424920127862
instability : 38.850798722044715
