molecularweight : 52286.634700000155
pI : 9.433803749084472
netcharge : 15.363537245332118
aromaticity : 0.0975609756097561
gravy : -0.7995565410199561
instability : 55.15764966740581
