molecularweight : 56852.555200000104
pI : 4.8110456466674805
netcharge : -28.764694617887244
aromaticity : 0.0721442885771543
gravy : -1.0212424849699382
instability : 49.27356713426861
