molecularweight : 51662.822500000046
pI : 5.581327629089355
netcharge : -13.983239125726499
aromaticity : 0.09030837004405287
gravy : -0.4057268722466955
instability : 46.135044052863456
