molecularweight : 30833.239700000056
pI : 5.3437406539916985
netcharge : -6.251135949129811
aromaticity : 0.058823529411764705
gravy : -0.7452205882352942
instability : 45.87613970588234
