molecularweight : 49685.47610000006
pI : 5.424906730651855
netcharge : -10.733894305380616
aromaticity : 0.1536643026004728
gravy : -0.5200945626477542
instability : 39.763215130023625
