molecularweight : 83810.85660000046
pI : 8.687711143493651
netcharge : 6.44771662117784
aromaticity : 0.14824797843665768
gravy : 0.3969002695417808
instability : 30.836239892183315
