molecularweight : 62599.1837000002
pI : 8.24294376373291
netcharge : 4.208727475531063
aromaticity : 0.1051693404634581
gravy : -0.18270944741533027
instability : 34.47151515151513
