molecularweight : 72303.05420000032
pI : 6.308980369567872
netcharge : -5.050010603908078
aromaticity : 0.06677265500794913
gravy : -0.806836248012717
instability : 46.337678855326025
