molecularweight : 38784.588900000024
pI : 4.884197425842285
netcharge : -16.865959599179803
aromaticity : 0.07848837209302326
gravy : -0.36686046511627934
instability : 42.41947674418605
