molecularweight : 22167.212499999994
pI : 7.9439393997192385
netcharge : 1.2155142227768785
aromaticity : 0.14871794871794872
gravy : -0.8528205128205127
instability : 37.410871794871795
