molecularweight : 17318.255499999992
pI : 4.667243003845214
netcharge : -9.457757647081603
aromaticity : 0.13605442176870747
gravy : -0.6925170068027214
instability : 46.4129931972789
