molecularweight : 14069.89189999999
pI : 5.012596702575683
netcharge : -8.05178197093463
aromaticity : 0.09090909090909091
gravy : -0.4231404958677686
instability : 26.366942148760327
