molecularweight : 39767.48900000008
pI : 9.110752677917482
netcharge : 5.059871972824503
aromaticity : 0.06666666666666667
gravy : -0.7625000000000002
instability : 81.387777777778
