molecularweight : 36762.801300000065
pI : 6.118058204650878
netcharge : -4.634679354391434
aromaticity : 0.0741839762611276
gravy : 0.027002967359050556
instability : 48.14483679525222
