molecularweight : 43518.37190000004
pI : 9.720301246643068
netcharge : 12.165728458813902
aromaticity : 0.04134366925064599
gravy : -0.8968992248062004
instability : 56.82222222222223
