molecularweight : 33058.20940000005
pI : 9.034293174743652
netcharge : 6.802450998229318
aromaticity : 0.05263157894736842
gravy : -0.9901754385964912
instability : 56.15614035087717
