molecularweight : 133846.42880000095
pI : 6.194051933288574
netcharge : -7.859323352771952
aromaticity : 0.08517887563884156
gravy : -0.09795570698466811
instability : 39.53443781942101
