molecularweight : 168841.33770000061
pI : 5.959818458557129
netcharge : -16.897755063916946
aromaticity : 0.10572987721691679
gravy : -0.05238744884038235
instability : 45.31658935879977
