molecularweight : 53657.91180000008
pI : 6.062071800231934
netcharge : -3.8482818999072848
aromaticity : 0.0709812108559499
gravy : -0.21628392484342399
instability : 29.3438413361169
