molecularweight : 52839.304600000054
pI : 5.738089561462403
netcharge : -5.964564224770932
aromaticity : 0.090146750524109
gravy : -0.33920335429769444
instability : 39.85723270440251
