molecularweight : 43218.28220000005
pI : 9.768394660949706
netcharge : 18.108551330162197
aromaticity : 0.1142857142857143
gravy : -0.08545454545454545
instability : 37.41794805194803
