molecularweight : 45998.86550000006
pI : 6.142271614074706
netcharge : -4.5576573421632105
aromaticity : 0.10344827586206898
gravy : -0.28349753694581314
instability : 42.02046798029555
