molecularweight : 86815.61980000052
pI : 4.409762382507325
netcharge : -72.27877170778899
aromaticity : 0.07870967741935483
gravy : -0.6763870967741933
instability : 45.675496774193654
