molecularweight : 18470.6282
pI : 8.51596736907959
netcharge : 1.656393421094906
aromaticity : 0.2064516129032258
gravy : 0.5819354838709677
instability : 35.68651612903225
