molecularweight : 31215.682800000024
pI : 5.57103977203369
netcharge : -6.848784553386494
aromaticity : 0.08058608058608058
gravy : -0.5245421245421242
instability : 47.93483516483514
