molecularweight : 46804.762500000084
pI : 5.030159950256347
netcharge : -13.165012126702656
aromaticity : 0.04728132387706856
gravy : -0.3754137115839247
instability : 36.475437352245855
