molecularweight : 20143.816500000008
pI : 5.335669517517089
netcharge : -4.2696251284673075
aromaticity : 0.12571428571428572
gravy : -0.1394285714285715
instability : 37.57257142857143
