molecularweight : 57010.072
pI : 7.05499210357666
netcharge : 0.14426065021996948
aromaticity : 0.08627450980392157
gravy : -0.184901960784314
instability : 39.542588235294104
