molecularweight : 44015.90140000004
pI : 4.8731706619262685
netcharge : -21.476525927250634
aromaticity : 0.11794871794871795
gravy : -0.33948717948717977
instability : 25.404897435897436
