molecularweight : 29920.04660000002
pI : 5.932592582702637
netcharge : -5.606993426845854
aromaticity : 0.0898876404494382
gravy : -0.21460674157303375
instability : 37.99213483146067
