molecularweight : 125735.79750000064
pI : 5.1960161209106435
netcharge : -34.574935408841355
aromaticity : 0.03961267605633803
gravy : -0.7180457746478871
instability : 51.73653169014114
