molecularweight : 52356.78900000012
pI : 5.2806493759155275
netcharge : -14.549269546309866
aromaticity : 0.08387096774193549
gravy : -0.3496774193548386
instability : 35.79225806451612
