molecularweight : 51146.425700000036
pI : 8.76907024383545
netcharge : 4.903363393444877
aromaticity : 0.11990950226244343
gravy : -0.1581447963800907
instability : 38.32307692307692
