molecularweight : 69859.37850000025
pI : 8.519513130187988
netcharge : 4.430137790810292
aromaticity : 0.07817589576547232
gravy : -0.3570032573289904
instability : 37.788615635179156
