molecularweight : 83933.15190000046
pI : 7.923631858825685
netcharge : 2.393803404214907
aromaticity : 0.09226594301221167
gravy : -0.546811397557665
instability : 40.84289009497974
