molecularweight : 32161.140300000017
pI : 9.56925182342529
netcharge : 10.580460257865997
aromaticity : 0.1054421768707483
gravy : 0.17585034013605447
instability : 34.26227891156463
