molecularweight : 36998.84140000001
pI : 5.843753242492675
netcharge : -4.912292497125449
aromaticity : 0.07428571428571429
gravy : 0.06685714285714295
instability : 19.252571428571414
