molecularweight : 114753.58070000085
pI : 6.987353706359863
netcharge : -0.057110014366571704
aromaticity : 0.07447864945382324
gravy : -0.6940417080436924
instability : 45.51957298907671
