molecularweight : 55166.19220000002
pI : 7.68823528289795
netcharge : 1.8276179969109592
aromaticity : 0.09591836734693877
gravy : -0.6583673469387742
instability : 39.40346938775509
