molecularweight : 55458.29050000022
pI : 8.927662467956544
netcharge : 5.8965772756472425
aromaticity : 0.10018552875695733
gravy : -0.48441558441558413
instability : 43.40727272727277
