molecularweight : 28336.95260000001
pI : 4.0500284194946286
netcharge : -37.28072125807742
aromaticity : 0.06827309236947791
gravy : -1.0172690763052215
instability : 50.150642570281114
