molecularweight : 21026.89249999999
pI : 6.960468864440918
netcharge : -0.06938680785031792
aromaticity : 0.08602150537634409
gravy : -0.3134408602150539
instability : 18.199462365591387
