molecularweight : 90331.65650000035
pI : 6.424590873718262
netcharge : -4.721843243887463
aromaticity : 0.08816120906801009
gravy : -0.3783375314861456
instability : 45.16248110831252
