molecularweight : 16118.316399999987
pI : 6.138918113708496
netcharge : -1.296224137785547
aromaticity : 0.057971014492753624
gravy : -0.41594202898550725
instability : 59.41956521739131
