molecularweight : 59288.599100000094
pI : 6.924205589294433
netcharge : -0.2892276704877048
aromaticity : 0.07592592592592592
gravy : -0.1938888888888893
instability : 38.415925925925926
