molecularweight : 23530.949000000004
pI : 10.062048149108886
netcharge : 20.75613783018213
aromaticity : 0.07035175879396985
gravy : -0.9959798994974878
instability : 55.160351758793965
