molecularweight : 48421.51170000006
pI : 8.392639350891116
netcharge : 3.3694672860235286
aromaticity : 0.09669811320754718
gravy : -0.6655660377358487
instability : 41.79061320754716
