molecularweight : 11745.459799999984
pI : 9.276371955871582
netcharge : 5.803974612438112
aromaticity : 0.1262135922330097
gravy : -0.2359223300970874
instability : 46.05922330097086
