molecularweight : 50592.08970000007
pI : 6.320177650451661
netcharge : -4.148878350853138
aromaticity : 0.08425720620842572
gravy : -0.17760532150776065
instability : 45.61179600886918
