molecularweight : 28951.357200000013
pI : 5.392394828796387
netcharge : -6.108562635933943
aromaticity : 0.049429657794676805
gravy : -0.45703422053231946
instability : 60.009505703422015
