molecularweight : 30181.13080000003
pI : 8.90793514251709
netcharge : 5.942238813920035
aromaticity : 0.07662835249042145
gravy : -0.7693486590038318
instability : 52.01992337164751
