molecularweight : 40712.67520000004
pI : 8.438154029846196
netcharge : 3.2056988386068994
aromaticity : 0.05994550408719346
gravy : -0.2008174386920981
instability : 31.309809264305176
