molecularweight : 72076.65040000032
pI : 9.016306495666505
netcharge : 15.297948678987837
aromaticity : 0.056661562021439515
gravy : -0.684379785604899
instability : 51.925574272588236
