molecularweight : 41730.132900000004
pI : 6.100438117980955
netcharge : -3.7998977065421684
aromaticity : 0.05223880597014925
gravy : 0.09303482587064676
instability : 25.091044776119407
