molecularweight : 65196.960900000224
pI : 8.614990806579591
netcharge : 6.431362520462642
aromaticity : 0.0975609756097561
gravy : -0.2710801393728228
instability : 42.29391986062728
