molecularweight : 65682.39249999996
pI : 8.605062675476077
netcharge : 6.721279406001294
aromaticity : 0.07993197278911565
gravy : -0.3920068027210885
instability : 37.199506802721125
