molecularweight : 91726.02340000065
pI : 4.761027336120605
netcharge : -48.2404543774698
aromaticity : 0.1
gravy : -0.3249367088607588
instability : 45.46405063291154
