molecularweight : 63163.1572000001
pI : 6.495355415344237
netcharge : -3.1073149890652942
aromaticity : 0.11304347826086956
gravy : 0.17791304347826062
instability : 38.445252173913076
