molecularweight : 57417.08690000008
pI : 9.657315635681151
netcharge : 19.20771490521257
aromaticity : 0.0821917808219178
gravy : -0.3569471624266146
instability : 44.041682974559706
