molecularweight : 45218.21369999999
pI : 9.231695365905761
netcharge : 10.051019999577044
aromaticity : 0.07397959183673469
gravy : -0.5653061224489793
instability : 39.68344387755103
