molecularweight : 14779.828099999984
pI : 5.108881950378417
netcharge : -6.14315090178396
aromaticity : 0.08270676691729323
gravy : 0.22481203007518802
instability : 57.633082706766906
