molecularweight : 38665.89580000006
pI : 6.627733421325684
netcharge : -1.557928117371489
aromaticity : 0.09649122807017543
gravy : -0.20000000000000032
instability : 31.88511695906432
