molecularweight : 75322.13200000033
pI : 5.898659706115722
netcharge : -10.991793654579553
aromaticity : 0.08801213960546282
gravy : -0.3388467374810315
instability : 55.93628224582721
