molecularweight : 54404.47480000009
pI : 8.745216941833494
netcharge : 5.503081210378703
aromaticity : 0.07368421052631578
gravy : -0.8330526315789463
instability : 57.31368421052641
