molecularweight : 57746.33800000005
pI : 9.119971656799319
netcharge : 12.557248342840566
aromaticity : 0.07630522088353414
gravy : -0.9339357429718864
instability : 44.542771084337346
