molecularweight : 72394.34520000036
pI : 5.287356376647948
netcharge : -14.6728517970229
aromaticity : 0.08062015503875969
gravy : -0.2727131782945739
instability : 34.14342635658921
