molecularweight : 82631.60700000051
pI : 5.893032646179199
netcharge : -6.727882484185898
aromaticity : 0.1002673796791444
gravy : 0.4068181818181825
instability : 31.082219251336895
