molecularweight : 18161.61249999998
pI : 7.7296140670776365
netcharge : 0.48863799037326316
aromaticity : 0.12068965517241378
gravy : 0.41954022988505746
instability : 30.25925287356321
