molecularweight : 52926.62770000009
pI : 8.274984550476077
netcharge : 3.4738895186530954
aromaticity : 0.09890109890109891
gravy : -0.6894505494505494
instability : 52.1123076923077
