molecularweight : 104992.41180000051
pI : 9.58781871795654
netcharge : 35.82941755161502
aromaticity : 0.0412796697626419
gravy : -0.6755417956656347
instability : 48.984014447884704
