molecularweight : 54010.953200000054
pI : 9.147564125061038
netcharge : 12.326373685403823
aromaticity : 0.10706638115631692
gravy : -0.12248394004282676
instability : 40.9576017130621
