molecularweight : 58640.33040000013
pI : 8.9237943649292
netcharge : 8.104204673977328
aromaticity : 0.08566108007448789
gravy : -0.5327746741154561
instability : 34.93875232774671
