molecularweight : 15697.577999999976
pI : 6.2810155868530275
netcharge : -1.2306099679754823
aromaticity : 0.08450704225352113
gravy : -0.27183098591549276
instability : 31.078169014084498
