molecularweight : 38806.69960000001
pI : 5.556659507751465
netcharge : -4.242108749611994
aromaticity : 0.11403508771929824
gravy : -0.2295321637426901
instability : 46.2319005847953
