molecularweight : 16208.930099999987
pI : 9.43941249847412
netcharge : 4.774669072532845
aromaticity : 0.0684931506849315
gravy : -0.7979452054794525
instability : 50.30349315068492
