molecularweight : 74073.7482000005
pI : 6.242819786071778
netcharge : -5.176131108580265
aromaticity : 0.06676783004552353
gravy : -0.6830045523520476
instability : 62.671790591806015
