molecularweight : 22171.849900000012
pI : 9.652222633361816
netcharge : 8.771560871726344
aromaticity : 0.09523809523809523
gravy : -0.7947089947089949
instability : 59.08730158730158
