molecularweight : 81395.27730000051
pI : 5.7207536697387695
netcharge : -9.612084582860106
aromaticity : 0.10224089635854341
gravy : -0.47282913165266044
instability : 46.249607843137376
