molecularweight : 73593.12620000019
pI : 5.968230628967285
netcharge : -7.379424332973258
aromaticity : 0.07435508345978756
gravy : -0.23490136570561476
instability : 39.61289833080431
