molecularweight : 78290.74820000038
pI : 5.058011054992675
netcharge : -28.11894569118199
aromaticity : 0.10089020771513353
gravy : -0.3845697329376852
instability : 37.98412462908021
