molecularweight : 20793.37810000001
pI : 6.3027849197387695
netcharge : -2.026740227231528
aromaticity : 0.07065217391304347
gravy : -0.5690217391304352
instability : 25.32826086956521
