molecularweight : 28267.73940000001
pI : 4.857198905944824
netcharge : -12.050246893528715
aromaticity : 0.16182572614107882
gravy : -0.25394190871369293
instability : 23.424896265560143
