molecularweight : 76348.39190000024
pI : 9.416655158996583
netcharge : 24.948602603053445
aromaticity : 0.046686746987951805
gravy : -1.3905120481927697
instability : 49.07710843373507
