molecularweight : 63825.22880000024
pI : 5.645442008972168
netcharge : -13.14834062272309
aromaticity : 0.09298245614035087
gravy : -0.3691228070175434
instability : 38.19843859649124
