molecularweight : 78938.0845000004
pI : 5.915484046936036
netcharge : -8.308583813336966
aromaticity : 0.07464788732394366
gravy : -0.17112676056338053
instability : 29.065352112676067
