molecularweight : 162864.93580000012
pI : 5.11013240814209
netcharge : -56.676208612319584
aromaticity : 0.06089965397923875
gravy : -0.7237370242214544
instability : 49.81820069204186
