molecularweight : 82874.7239000004
pI : 5.672895240783691
netcharge : -14.131974614775288
aromaticity : 0.13592233009708737
gravy : -0.2657420249653265
instability : 33.05547850208048
