molecularweight : 42754.014600000024
pI : 9.63752384185791
netcharge : 18.311024459807175
aromaticity : 0.13736263736263737
gravy : 0.2656593406593405
instability : 47.91678571428571
