molecularweight : 40596.19600000003
pI : 5.583601188659667
netcharge : -6.041550093884069
aromaticity : 0.0733695652173913
gravy : -0.40190217391304367
instability : 38.743749999999984
