molecularweight : 26144.110000000015
pI : 5.50141201019287
netcharge : -4.257538623224303
aromaticity : 0.0851063829787234
gravy : -0.007234042553191374
instability : 39.421787234042554
