molecularweight : 24938.895
pI : 5.102515983581542
netcharge : -8.973274054123422
aromaticity : 0.09649122807017543
gravy : -0.19078947368421062
instability : 33.29912280701754
