molecularweight : 57777.89250000015
pI : 8.488568305969238
netcharge : 4.383783651159341
aromaticity : 0.09941520467836257
gravy : -0.3941520467836255
instability : 46.71890838206629
