molecularweight : 23649.908799999983
pI : 6.249924659729005
netcharge : -1.250905564609182
aromaticity : 0.1415525114155251
gravy : 0.5771689497716894
instability : 52.50136986301367
