molecularweight : 94591.4167000005
pI : 6.739365196228028
netcharge : -1.6334026882660169
aromaticity : 0.08752997601918464
gravy : -0.21534772182254228
instability : 43.84484412470044
