molecularweight : 25767.843400000027
pI : 8.24984188079834
netcharge : 1.811605595968171
aromaticity : 0.14035087719298245
gravy : 0.39122807017543826
instability : 34.35618421052631
