molecularweight : 58036.65360000005
pI : 5.213636207580565
netcharge : -13.794803016255834
aromaticity : 0.09055118110236221
gravy : -0.1383858267716536
instability : 34.34076771653543
