molecularweight : 61771.559300000146
pI : 6.324383735656738
netcharge : -3.4486642911109158
aromaticity : 0.12862318840579712
gravy : 0.13894927536231858
instability : 30.371739130434786
