molecularweight : 44349.48300000006
pI : 6.361158561706542
netcharge : -2.651303170268747
aromaticity : 0.15897435897435896
gravy : 0.45333333333333364
instability : 33.950820512820506
