molecularweight : 113581.93300000108
pI : 6.188879585266113
netcharge : -8.477101683321678
aromaticity : 0.11630218687872762
gravy : 0.2973161033797222
instability : 31.14534791252496
