molecularweight : 84459.79340000046
pI : 6.001481437683105
netcharge : -7.465631711614961
aromaticity : 0.10354223433242506
gravy : -0.10340599455040898
instability : 46.43025885558599
