molecularweight : 70232.93580000022
pI : 8.334682273864747
netcharge : 7.462590978015527
aromaticity : 0.07592891760904685
gravy : -0.5418416801292394
instability : 29.484329563812583
