molecularweight : 19148.343900000003
pI : 9.847368431091308
netcharge : 8.861898604201723
aromaticity : 0.07058823529411765
gravy : -0.754117647058824
instability : 58.36823529411764
