molecularweight : 13195.985599999989
pI : 5.432977867126463
netcharge : -4.131613766281781
aromaticity : 0.12389380530973451
gravy : 0.007964601769911523
instability : 45.39557522123895
