molecularweight : 33456.71410000006
pI : 5.161742210388182
netcharge : -11.764928549332687
aromaticity : 0.07876712328767123
gravy : -0.758904109589041
instability : 51.01681506849315
