molecularweight : 30228.18560000003
pI : 6.289484596252441
netcharge : -1.9637783630033923
aromaticity : 0.10108303249097472
gravy : 0.7097472924187729
instability : 35.453790613718404
