molecularweight : 16151.12579999999
pI : 6.016543769836424
netcharge : -1.358308773425156
aromaticity : 0.09493670886075949
gravy : 1.0943037974683543
instability : 34.193670886075935
