molecularweight : 26917.22010000001
pI : 8.774227714538572
netcharge : 2.654784937727488
aromaticity : 0.12704918032786885
gravy : 0.4844262295081964
instability : 44.99139344262296
