molecularweight : 109594.42770000076
pI : 7.575580406188965
netcharge : 1.9669340273259905
aromaticity : 0.07916666666666666
gravy : -0.28802083333333267
instability : 42.31700000000018
