molecularweight : 48085.94310000002
pI : 7.705286979675294
netcharge : 0.7643517191207536
aromaticity : 0.052154195011337875
gravy : -0.28526077097505653
instability : 43.1222222222222
