molecularweight : 60088.016700000066
pI : 5.406263542175293
netcharge : -10.08683990708684
aromaticity : 0.04914933837429111
gravy : -0.8512287334593563
instability : 65.0941398865786
