molecularweight : 47267.39450000005
pI : 7.986166191101074
netcharge : 2.4906765717232986
aromaticity : 0.12315270935960591
gravy : -0.2874384236453206
instability : 38.133054187192116
