molecularweight : 23413.105199999995
pI : 4.8915864944458
netcharge : -10.083967925307398
aromaticity : 0.12437810945273631
gravy : -0.5701492537313433
instability : 58.452338308457726
