molecularweight : 57787.01550000006
pI : 4.606993675231934
netcharge : -44.27883975455413
aromaticity : 0.08704061895551257
gravy : -0.4218568665377177
instability : 45.96793036750485
