molecularweight : 52198.110300000124
pI : 5.828406715393067
netcharge : -4.101308980759988
aromaticity : 0.09623430962343096
gravy : -0.474058577405857
instability : 47.24857740585774
