molecularweight : 57679.92400000013
pI : 9.567317771911618
netcharge : 18.883252668661292
aromaticity : 0.0784313725490196
gravy : -0.8715686274509803
instability : 55.07511764705897
