molecularweight : 32164.125200000028
pI : 5.85244960784912
netcharge : -4.87053099950878
aromaticity : 0.08503401360544217
gravy : -0.13129251700680264
instability : 33.72585034013604
