molecularweight : 132337.93360000022
pI : 7.3541357040405275
netcharge : 1.7042211860836858
aromaticity : 0.08826049700085689
gravy : -0.8348757497857757
instability : 63.78347900599862
