molecularweight : 37912.69640000005
pI : 5.434569358825683
netcharge : -8.792975078095402
aromaticity : 0.09482758620689655
gravy : -0.13275862068965513
instability : 20.437385057471268
