molecularweight : 33303.296800000026
pI : 8.343836784362793
netcharge : 2.641474531688111
aromaticity : 0.0821917808219178
gravy : -0.21061643835616434
instability : 48.951027397260276
