molecularweight : 15066.143199999988
pI : 9.011600303649903
netcharge : 6.956861300329088
aromaticity : 0.09090909090909091
gravy : -0.6848484848484848
instability : 54.38939393939393
