molecularweight : 25425.259199999982
pI : 5.806012153625488
netcharge : -4.894610158219766
aromaticity : 0.06808510638297872
gravy : -0.006382978723404195
instability : 29.551914893617017
