molecularweight : 48543.95199999999
pI : 5.518179512023924
netcharge : -11.501975551133569
aromaticity : 0.08695652173913043
gravy : -0.14942791762013732
instability : 33.499107551487405
