molecularweight : 21112.382400000017
pI : 9.493372535705568
netcharge : 7.676400689920705
aromaticity : 0.08695652173913043
gravy : -0.13586956521739144
instability : 45.955543478260864
