molecularweight : 34066.15410000004
pI : 9.311055946350098
netcharge : 11.327761372900511
aromaticity : 0.076158940397351
gravy : -0.6261589403973511
instability : 47.446026490066224
