molecularweight : 58909.44660000013
pI : 5.837273597717284
netcharge : -10.156590142947437
aromaticity : 0.08382066276803118
gravy : -0.5514619883040934
instability : 49.17875243664725
