molecularweight : 38332.12820000001
pI : 9.851494407653806
netcharge : 16.919900144547398
aromaticity : 0.11527377521613834
gravy : 0.1703170028818443
instability : 29.316138328530254
