molecularweight : 28387.86640000002
pI : 5.5552385330200185
netcharge : -5.986739768847013
aromaticity : 0.07874015748031496
gravy : -0.19724409448818933
instability : 26.76933070866141
