molecularweight : 44088.91220000004
pI : 8.915993690490723
netcharge : 6.312100981651419
aromaticity : 0.042821158690176324
gravy : -0.22090680100755694
instability : 40.826952141057916
