molecularweight : 66832.0200000002
pI : 8.545493888854981
netcharge : 4.8778097697611
aromaticity : 0.16306156405990016
gravy : 0.33943427620632266
instability : 37.80399334442596
