molecularweight : 23354.681300000007
pI : 9.607997322082518
netcharge : 9.106269413297394
aromaticity : 0.057692307692307696
gravy : -0.3125000000000005
instability : 43.62697115384615
