molecularweight : 60374.837500000125
pI : 6.297726249694825
netcharge : -3.5496827406974845
aromaticity : 0.10586011342155009
gravy : -0.3665406427221172
instability : 42.971304347826106
