molecularweight : 43152.83250000001
pI : 5.657662391662597
netcharge : -6.651892595841495
aromaticity : 0.08136482939632546
gravy : -0.2569553805774284
instability : 42.55829396325459
