molecularweight : 27841.211600000024
pI : 5.751560401916504
netcharge : -4.141090174209744
aromaticity : 0.1059322033898305
gravy : -0.8483050847457625
instability : 48.42292372881356
