molecularweight : 28998.14980000001
pI : 5.829202461242676
netcharge : -1.4270966273453212
aromaticity : 0.13432835820895522
gravy : 0.44589552238805924
instability : 35.83962686567164
