molecularweight : 28809.09150000001
pI : 6.73254451751709
netcharge : -0.323172243072662
aromaticity : 0.15175097276264593
gravy : 0.33891050583657534
instability : 36.50315175097277
