molecularweight : 26291.508500000004
pI : 6.939211082458496
netcharge : -0.09942701350620808
aromaticity : 0.060085836909871244
gravy : -0.6596566523605154
instability : 49.247210300429174
