molecularweight : 18824.154500000015
pI : 4.82457332611084
netcharge : -9.351466561037622
aromaticity : 0.12345679012345678
gravy : -0.44197530864197554
instability : 48.77722222222221
