molecularweight : 43819.13010000001
pI : 6.358771324157714
netcharge : -1.9884003001343515
aromaticity : 0.06735751295336788
gravy : -0.780051813471503
instability : 49.6694559585492
