molecularweight : 37933.681700000045
pI : 5.677385520935059
netcharge : -6.7782785044779885
aromaticity : 0.0927536231884058
gravy : -0.1394202898550725
instability : 28.665217391304356
