molecularweight : 25597.44260000004
pI : 9.448889350891115
netcharge : 11.539629233963254
aromaticity : 0.06696428571428571
gravy : -1.0616071428571432
instability : 80.75937500000003
