molecularweight : 22280.008800000003
pI : 5.62225170135498
netcharge : -5.015826673016505
aromaticity : 0.07960199004975124
gravy : -0.2716417910447763
instability : 27.88059701492536
