molecularweight : 15703.179099999987
pI : 8.46439266204834
netcharge : 1.8211981287607024
aromaticity : 0.053691275167785234
gravy : -0.5550335570469803
instability : 70.04429530201341
