molecularweight : 58736.940000000024
pI : 5.172086906433104
netcharge : -12.027102348153633
aromaticity : 0.11025145067698258
gravy : -0.3504835589941976
instability : 32.62442940038684
