molecularweight : 20751.789900000003
pI : 4.448242378234863
netcharge : -21.842365128180653
aromaticity : 0.06521739130434782
gravy : -0.49402173913043496
instability : 24.493478260869566
