molecularweight : 35045.314600000056
pI : 5.860918617248534
netcharge : -4.947442055006867
aromaticity : 0.07961783439490447
gravy : -0.42675159235668836
instability : 40.73216560509553
