molecularweight : 58305.24750000018
pI : 4.0500284194946286
netcharge : -54.18979403683114
aromaticity : 0.11401869158878505
gravy : -0.20504672897196263
instability : 48.631439252336584
