molecularweight : 103264.4018000009
pI : 9.241687965393066
netcharge : 15.549256084908563
aromaticity : 0.08577405857740586
gravy : -0.9198744769874486
instability : 50.00428870292919
