molecularweight : 62680.95620000026
pI : 4.18405475616455
netcharge : -68.86818279430331
aromaticity : 0.06060606060606061
gravy : -0.6520499108734392
instability : 50.280392156862845
