molecularweight : 47277.85120000012
pI : 8.478898048400882
netcharge : 4.056488894800729
aromaticity : 0.10238095238095238
gravy : -0.018095238095238282
instability : 37.57976190476191
