molecularweight : 18263.793299999983
pI : 9.181861305236819
netcharge : 2.5672766949031205
aromaticity : 0.15204678362573099
gravy : 0.7473684210526309
instability : 19.936315789473678
