molecularweight : 14693.689299999985
pI : 9.667759513854982
netcharge : 5.502064783973488
aromaticity : 0.12698412698412698
gravy : -0.40317460317460313
instability : 45.06111111111109
