molecularweight : 35603.07980000006
pI : 6.244411277770996
netcharge : -2.049447314006315
aromaticity : 0.07507507507507508
gravy : -0.026426426426426446
instability : 31.214114114114114
