molecularweight : 13430.501599999985
pI : 9.86329212188721
netcharge : 7.632018538240464
aromaticity : 0.10256410256410257
gravy : -0.0076923076923076684
instability : 53.50170940170941
