molecularweight : 22959.416300000026
pI : 9.412851524353027
netcharge : 6.949908808361709
aromaticity : 0.11764705882352941
gravy : -0.5267379679144385
instability : 66.4797860962567
