molecularweight : 22813.472200000004
pI : 4.943253135681151
netcharge : -6.421690046234083
aromaticity : 0.08374384236453203
gravy : -0.3950738916256158
instability : 30.09458128078817
