molecularweight : 43020.96920000008
pI : 8.388577842712404
netcharge : 3.137504584257435
aromaticity : 0.164021164021164
gravy : 0.4891534391534398
instability : 53.117222222222225
