molecularweight : 17967.381799999992
pI : 5.127979850769043
netcharge : -3.501822586664563
aromaticity : 0.10828025477707007
gravy : -0.3082802547770702
instability : 27.972038216560485
