molecularweight : 91672.5175000007
pI : 5.441503715515137
netcharge : -13.739065056765838
aromaticity : 0.060240963855421686
gravy : -0.31662650602409614
instability : 53.07349397590391
