molecularweight : 34496.23520000005
pI : 5.975790214538574
netcharge : -3.9296265822722205
aromaticity : 0.10101010101010102
gravy : -0.49696969696969695
instability : 28.045117845117844
