molecularweight : 73847.32330000027
pI : 6.332056999206543
netcharge : -4.201896825990374
aromaticity : 0.0765625
gravy : -0.5667187499999987
instability : 41.96968750000006
