molecularweight : 18394.966399999976
pI : 9.477126502990725
netcharge : 4.853154818512369
aromaticity : 0.08235294117647059
gravy : -0.04352941176470576
instability : 30.171176470588225
