molecularweight : 41671.76480000008
pI : 10.46484661102295
netcharge : 32.315472694720675
aromaticity : 0.03773584905660377
gravy : -0.9622641509433958
instability : 54.96091644204849
