molecularweight : 36903.43860000007
pI : 5.17947597503662
netcharge : -10.950248141792635
aromaticity : 0.08359133126934984
gravy : -0.44767801857585166
instability : 49.1173684210526
