molecularweight : 190112.93889999972
pI : 5.613384819030761
netcharge : -27.096519506553307
aromaticity : 0.07792207792207792
gravy : -0.34740259740259666
instability : 34.63005903187747
