molecularweight : 53063.2496000001
pI : 4.825369071960449
netcharge : -26.720790591005603
aromaticity : 0.06779661016949153
gravy : -0.5444915254237284
instability : 43.11716101694913
