molecularweight : 46693.25440000005
pI : 9.20223331451416
netcharge : 12.323783160037614
aromaticity : 0.03676470588235294
gravy : -0.7906862745098047
instability : 51.24142156862745
