molecularweight : 13759.890599999988
pI : 5.745876502990723
netcharge : -3.181183497859781
aromaticity : 0.08547008547008547
gravy : 0.04700854700854707
instability : 41.117094017094004
