molecularweight : 28812.907900000035
pI : 5.643793678283691
netcharge : -5.069387385074954
aromaticity : 0.032388663967611336
gravy : -1.0445344129554652
instability : 54.98987854251011
