molecularweight : 63174.84180000013
pI : 8.759464454650882
netcharge : 6.002847132314905
aromaticity : 0.13708260105448156
gravy : 0.4087873462214416
instability : 32.330404217926194
