molecularweight : 23936.805800000006
pI : 5.908094978332519
netcharge : -1.4307778936936906
aromaticity : 0.1380952380952381
gravy : -0.25428571428571434
instability : 36.766714285714286
