molecularweight : 12603.80809999998
pI : 10.827997016906739
netcharge : 12.810408305668354
aromaticity : 0.11009174311926606
gravy : 0.050458715596330465
instability : 32.23761467889908
