molecularweight : 155791.54609999992
pI : 5.94833698272705
netcharge : -15.292277641682688
aromaticity : 0.0936834634492548
gravy : -0.26600425833924624
instability : 40.180454222853314
