molecularweight : 149418.67580000087
pI : 7.332366371154786
netcharge : 1.6723002657021198
aromaticity : 0.08384146341463414
gravy : -0.5538109756097548
instability : 43.475777439024654
