molecularweight : 116621.95260000098
pI : 5.5658674240112305
netcharge : -20.731793569079713
aromaticity : 0.0675547098001903
gravy : -0.2628924833491911
instability : 34.561750713606244
