molecularweight : 15455.844799999986
pI : 4.871351814270019
netcharge : -5.388372788346583
aromaticity : 0.10370370370370371
gravy : -1.0518518518518523
instability : 64.74518518518519
