molecularweight : 29533.545800000036
pI : 9.347609519958496
netcharge : 11.42555437043567
aromaticity : 0.08235294117647059
gravy : -0.5627450980392161
instability : 42.26117647058824
