molecularweight : 58714.51250000013
pI : 5.125024223327636
netcharge : -12.062324778587403
aromaticity : 0.09980430528375733
gravy : -0.23013698630137
instability : 49.92430528375739
