molecularweight : 21002.861000000004
pI : 5.959363746643067
netcharge : -3.0567499967717424
aromaticity : 0.09574468085106383
gravy : -0.24627659574468072
instability : 49.58728723404254
