molecularweight : 38283.85410000001
pI : 4.6684366226196286
netcharge : -12.946416864180453
aromaticity : 0.05234159779614325
gravy : -0.54793388429752
instability : 42.0248209366391
