molecularweight : 47767.07799999996
pI : 6.171486854553222
netcharge : -4.54766802213787
aromaticity : 0.08878504672897196
gravy : -0.30023364485981363
instability : 31.29789719626167
