molecularweight : 291909.9019999965
pI : 4.0500284194946286
netcharge : -384.83317496275686
aromaticity : 0.0732574679943101
gravy : -0.3038762446657196
instability : 21.903922475107034
