molecularweight : 47080.18010000007
pI : 5.85063076019287
netcharge : -4.971884330415179
aromaticity : 0.0821256038647343
gravy : -0.3681159420289854
instability : 64.78115942028995
