molecularweight : 26604.775900000008
pI : 7.796371269226074
netcharge : 1.0380395346538123
aromaticity : 0.05761316872427984
gravy : 0.171604938271605
instability : 39.61069958847735
