molecularweight : 29232.15890000004
pI : 9.566866493225099
netcharge : 14.15624660758558
aromaticity : 0.06504065040650406
gravy : -1.1922764227642264
instability : 30.162601626016265
