molecularweight : 67636.12040000017
pI : 6.0572404861450195
netcharge : -9.58567360158186
aromaticity : 0.09106529209621994
gravy : -0.5099656357388302
instability : 48.90876288659803
