molecularweight : 70470.86200000034
pI : 4.846740531921386
netcharge : -36.43203527794813
aromaticity : 0.10576923076923075
gravy : -0.1604166666666669
instability : 31.892467948717943
