molecularweight : 16625.846699999987
pI : 9.997773170471191
netcharge : 11.851751517299844
aromaticity : 0.06622516556291391
gravy : -0.6516556291390736
instability : 29.741721854304622
