molecularweight : 101101.80050000058
pI : 5.640610694885253
netcharge : -21.151482279944588
aromaticity : 0.06607929515418502
gravy : -0.7190528634361217
instability : 33.37721365638784
