molecularweight : 34788.26580000004
pI : 5.241714668273924
netcharge : -11.713151677849268
aromaticity : 0.08223684210526316
gravy : -0.3095394736842108
instability : 40.40921052631578
