molecularweight : 27138.747100000004
pI : 6.510247230529784
netcharge : -1.6940239542294577
aromaticity : 0.06147540983606558
gravy : -0.7385245901639356
instability : 49.55327868852457
