molecularweight : 45491.62230000004
pI : 6.911985206604004
netcharge : -0.15829440703141984
aromaticity : 0.07281553398058252
gravy : -0.16796116504854405
instability : 33.55558252427184
