molecularweight : 62584.16930000023
pI : 4.604094886779785
netcharge : -44.06531092821649
aromaticity : 0.0481283422459893
gravy : -0.7386809269162203
instability : 54.69037433155095
