molecularweight : 53486.40490000001
pI : 8.621695518493652
netcharge : 5.298936581234095
aromaticity : 0.0879120879120879
gravy : -0.6545054945054946
instability : 55.07340659340669
