molecularweight : 20282.876500000002
pI : 4.843614387512206
netcharge : -11.260675637778515
aromaticity : 0.0446927374301676
gravy : -1.1452513966480433
instability : 50.14972067039107
