molecularweight : 48903.484700000176
pI : 4.329676246643068
netcharge : -61.68485055500726
aromaticity : 0.053613053613053616
gravy : -1.3310023310023305
instability : 67.53076923076931
