molecularweight : 176681.75720000057
pI : 5.2253450393676735
netcharge : -33.82975459619786
aromaticity : 0.09496124031007752
gravy : 0.01989664082687308
instability : 42.41785529715791
