molecularweight : 20187.9052
pI : 9.695158576965333
netcharge : 8.684887286352136
aromaticity : 0.07692307692307693
gravy : -0.5131868131868135
instability : 45.752197802197784
