molecularweight : 56474.32850000015
pI : 9.120165061950683
netcharge : 6.669877490446318
aromaticity : 0.04669260700389105
gravy : -0.2852140077821016
instability : 56.37140077821023
