molecularweight : 34814.14640000007
pI : 9.679170417785645
netcharge : 16.00878009860741
aromaticity : 0.10561056105610561
gravy : -1.1135313531353137
instability : 53.285148514851485
