molecularweight : 44956.30860000005
pI : 7.05368480682373
netcharge : 0.12093626958598236
aromaticity : 0.07575757575757576
gravy : -0.28888888888888903
instability : 38.0464898989899
