molecularweight : 23667.830300000023
pI : 5.241430473327636
netcharge : -6.289756662231987
aromaticity : 0.043689320388349516
gravy : -0.5058252427184469
instability : 44.92427184466019
