molecularweight : 68219.17810000018
pI : 4.820821952819824
netcharge : -22.61523380876796
aromaticity : 0.10929853181076671
gravy : 0.36231647634584074
instability : 39.03233278955959
