molecularweight : 89221.23390000062
pI : 9.38854694366455
netcharge : 33.6689069759187
aromaticity : 0.11695137976346912
gravy : -0.3408672798948743
instability : 50.76455978975052
