molecularweight : 94950.49190000062
pI : 5.03425235748291
netcharge : -34.947954295512545
aromaticity : 0.12237330037082819
gravy : -0.29060568603213843
instability : 41.839097651421675
