molecularweight : 25984.089500000024
pI : 5.9974458694458
netcharge : -3.943611366681907
aromaticity : 0.1036036036036036
gravy : -0.6972972972972978
instability : 49.38198198198198
