molecularweight : 55821.61350000008
pI : 6.500016212463378
netcharge : -3.019429340324592
aromaticity : 0.10429447852760737
gravy : -0.14008179959100228
instability : 26.927648261758684
