molecularweight : 26444.05380000002
pI : 8.601001167297365
netcharge : 2.0643025801520025
aromaticity : 0.09401709401709402
gravy : -0.2863247863247863
instability : 39.73807692307693
