molecularweight : 47928.08920000004
pI : 4.660251808166504
netcharge : -26.819238138373215
aromaticity : 0.07432432432432431
gravy : -0.2119369369369368
instability : 30.082680180180176
