molecularweight : 186967.35170000017
pI : 4.899146080017089
netcharge : -67.94882562192407
aromaticity : 0.08158368326334733
gravy : -0.3070785842831422
instability : 45.91908218356362
