molecularweight : 80488.88060000044
pI : 5.612930107116699
netcharge : -15.0549278956085
aromaticity : 0.09410112359550561
gravy : -0.21039325842696646
instability : 43.86574438202258
