molecularweight : 151886.03330000062
pI : 6.043428611755371
netcharge : -13.943421480077063
aromaticity : 0.09701492537313433
gravy : -0.0688805970149255
instability : 38.58951492537341
