molecularweight : 23040.630199999996
pI : 9.274695777893069
netcharge : 7.619598826211899
aromaticity : 0.049019607843137254
gravy : -1.2740196078431372
instability : 45.90931372549018
