molecularweight : 40114.12710000008
pI : 4.824175453186036
netcharge : -20.584373872200587
aromaticity : 0.07449856733524356
gravy : -0.582234957020057
instability : 60.00174785100289
