molecularweight : 80858.34490000045
pI : 5.898887062072753
netcharge : -10.098647763483271
aromaticity : 0.11432706222865413
gravy : -0.4561505065122998
instability : 39.560824891461756
