molecularweight : 41094.189800000066
pI : 8.96937351226807
netcharge : 4.905065818589215
aromaticity : 0.050666666666666665
gravy : -0.6943999999999998
instability : 45.92400000000001
