molecularweight : 42831.36100000005
pI : 5.273430824279784
netcharge : -12.655937153375675
aromaticity : 0.08947368421052632
gravy : -0.4831578947368424
instability : 48.948999999999984
