molecularweight : 27754.396900000003
pI : 8.846625709533694
netcharge : 3.674626770449386
aromaticity : 0.10655737704918032
gravy : -0.46680327868852484
instability : 46.45614754098361
