molecularweight : 16931.70789999998
pI : 5.727346992492676
netcharge : -1.4129225504516096
aromaticity : 0.1917808219178082
gravy : 0.5753424657534241
instability : 21.67260273972602
