molecularweight : 223294.26900000058
pI : 5.878254508972168
netcharge : -27.556831950825142
aromaticity : 0.0864509605662285
gravy : -0.35707785642062706
instability : 52.96710819009136
