molecularweight : 49662.46350000006
pI : 5.759233665466309
netcharge : -8.555910692798115
aromaticity : 0.06651376146788991
gravy : -0.2211009174311931
instability : 46.99541284403669
