molecularweight : 40419.31810000003
pI : 6.419020652770995
netcharge : -1.8768582667887088
aromaticity : 0.11988304093567251
gravy : -0.18947368421052643
instability : 50.00795321637426
