molecularweight : 23127.863500000025
pI : 5.583544349670409
netcharge : -3.310940718289782
aromaticity : 0.07281553398058252
gravy : -0.41213592233009705
instability : 37.372815533980585
