molecularweight : 104955.12110000082
pI : 8.532084465026855
netcharge : 9.523414772531467
aromaticity : 0.07708779443254818
gravy : -0.2620985010706635
instability : 41.75375802997876
