molecularweight : 63538.82150000024
pI : 5.435080909729003
netcharge : -11.659152858648753
aromaticity : 0.06643356643356643
gravy : -0.44300699300699264
instability : 49.74215034965047
