molecularweight : 49606.85990000011
pI : 4.6505323410034185
netcharge : -30.804742211571494
aromaticity : 0.05855855855855856
gravy : -0.6371621621621624
instability : 44.46533783783782
