molecularweight : 99178.52030000069
pI : 6.089866065979003
netcharge : -8.825901975605234
aromaticity : 0.09090909090909091
gravy : -0.3506818181818175
instability : 29.676022727272784
