molecularweight : 92032.70720000062
pI : 4.27687282562256
netcharge : -112.16998475161347
aromaticity : 0.09554140127388536
gravy : -0.794140127388534
instability : 47.030573248407805
