molecularweight : 84526.55620000043
pI : 9.208809089660644
netcharge : 13.62156805659005
aromaticity : 0.07114624505928854
gravy : -0.1418972332015811
instability : 40.973280632411154
