molecularweight : 49202.3308
pI : 5.216591835021972
netcharge : -10.929464962720672
aromaticity : 0.09360730593607305
gravy : -0.22694063926940708
instability : 30.481735159817344
