molecularweight : 64171.86750000015
pI : 5.514200782775878
netcharge : -12.504719587920519
aromaticity : 0.06560283687943262
gravy : -0.32216312056737606
instability : 38.0255319148936
