molecularweight : 36029.98820000005
pI : 6.723620796203614
netcharge : -0.8023934310814056
aromaticity : 0.07987220447284345
gravy : -0.36932907348242844
instability : 49.720479233226825
