molecularweight : 45333.00850000017
pI : 5.179191780090331
netcharge : -12.067492895092897
aromaticity : 0.051597051597051594
gravy : -0.8980343980343977
instability : 51.27594594594592
