molecularweight : 24821.64020000002
pI : 9.252325248718261
netcharge : 8.923189441373335
aromaticity : 0.08372093023255814
gravy : -0.4637209302325583
instability : 19.660930232558126
