molecularweight : 50004.68320000005
pI : 5.609690284729004
netcharge : -6.139591676453037
aromaticity : 0.08744394618834081
gravy : -0.25986547085201805
instability : 35.95271300448431
