molecularweight : 92302.8890000007
pI : 4.8276994705200185
netcharge : -40.255930121250856
aromaticity : 0.0845771144278607
gravy : -0.42537313432835666
instability : 43.34829601990062
