molecularweight : 39639.35990000002
pI : 5.215227699279784
netcharge : -8.220698835594597
aromaticity : 0.054441260744985676
gravy : -0.3816618911174788
instability : 42.02578796561605
