molecularweight : 53198.68910000012
pI : 5.135198402404785
netcharge : -22.013764583148017
aromaticity : 0.09409190371991247
gravy : -0.6967177242888388
instability : 62.70133479212266
