molecularweight : 87791.31000000048
pI : 5.886723518371581
netcharge : -10.919305547983129
aromaticity : 0.10430247718383312
gravy : -0.6417209908735312
instability : 46.4584354628424
