molecularweight : 38854.19700000004
pI : 5.423485755920409
netcharge : -6.190039880630771
aromaticity : 0.09117647058823529
gravy : -0.19058823529411797
instability : 48.69676470588236
