molecularweight : 62106.14470000018
pI : 9.27598514556885
netcharge : 13.371893307380248
aromaticity : 0.16159695817490494
gravy : 0.07585551330798455
instability : 43.293022813688275
