molecularweight : 50989.61170000008
pI : 5.094501686096191
netcharge : -15.701485916489602
aromaticity : 0.12814645308924483
gravy : -0.21189931350114427
instability : 39.59153318077802
