molecularweight : 90445.9425000005
pI : 5.8917253494262685
netcharge : -6.668379598768823
aromaticity : 0.12254901960784315
gravy : 0.22426470588235412
instability : 33.874166666666774
