molecularweight : 51863.988400000046
pI : 4.984631919860839
netcharge : -16.85556103382934
aromaticity : 0.11764705882352941
gravy : -0.14185520361990978
instability : 43.20090497737556
