molecularweight : 33936.83800000004
pI : 4.999637413024902
netcharge : -12.854856080713297
aromaticity : 0.1040268456375839
gravy : -0.3661073825503358
instability : 29.63624161073825
