molecularweight : 66620.60140000023
pI : 9.850720787048338
netcharge : 17.84047406550537
aromaticity : 0.02627257799671593
gravy : -0.906239737274219
instability : 66.45615763546827
