molecularweight : 35734.9833
pI : 4.898805046081542
netcharge : -9.235523059351046
aromaticity : 0.0838150289017341
gravy : -0.15115606936416176
instability : 27.821416184971103
