molecularweight : 28292.21170000002
pI : 4.790640449523925
netcharge : -17.831750022106387
aromaticity : 0.06640625
gravy : -0.4921875000000002
instability : 43.16214843750001
