molecularweight : 50131.245900000045
pI : 9.115136528015139
netcharge : 12.444008112975283
aromaticity : 0.06535947712418301
gravy : -0.31132897603485865
instability : 31.755773420479287
