molecularweight : 42341.71690000004
pI : 6.025808525085449
netcharge : -4.675612401877984
aromaticity : 0.08205128205128205
gravy : -0.051282051282051155
instability : 31.993076923076934
