molecularweight : 60750.10360000019
pI : 5.122636985778808
netcharge : -18.59986170170089
aromaticity : 0.03571428571428571
gravy : -0.09589285714285728
instability : 33.82107142857142
