molecularweight : 40278.46400000001
pI : 6.32773723602295
netcharge : -2.7018935264895703
aromaticity : 0.0821917808219178
gravy : -0.09369863013698627
instability : 51.13479452054793
