molecularweight : 58790.83620000018
pI : 5.116271018981934
netcharge : -17.93540461528768
aromaticity : 0.07003891050583658
gravy : -0.9356031128404657
instability : 46.49186770428022
