molecularweight : 47706.8035000001
pI : 5.837046241760253
netcharge : -6.701731095062826
aromaticity : 0.05995203836930455
gravy : -0.7544364508393279
instability : 37.98105515587527
