molecularweight : 27577.327300000023
pI : 6.10788402557373
netcharge : -3.0192325257398736
aromaticity : 0.09205020920502091
gravy : -0.8836820083682005
instability : 55.970753138075295
