molecularweight : 39465.299400000076
pI : 7.21686954498291
netcharge : 0.6274937506549279
aromaticity : 0.05337078651685393
gravy : -0.7896067415730335
instability : 59.87893258426966
