molecularweight : 18140.341999999997
pI : 8.537112998962403
netcharge : 2.109500076265377
aromaticity : 0.06962025316455697
gravy : -0.6132911392405063
instability : 42.01962025316456
