molecularweight : 21433.515200000023
pI : 8.613894844055178
netcharge : 2.9094128324113804
aromaticity : 0.10160427807486631
gravy : -0.13368983957219233
instability : 44.71016042780747
