molecularweight : 37109.5163
pI : 5.012880897521971
netcharge : -11.910313952038901
aromaticity : 0.12883435582822086
gravy : -0.2671779141104298
instability : 40.62822085889571
