molecularweight : 38418.75240000004
pI : 6.040927696228027
netcharge : -4.633160586654856
aromaticity : 0.11976047904191617
gravy : -0.05359281437125764
instability : 40.30182634730541
