molecularweight : 229738.74059999912
pI : 6.212581443786621
netcharge : -14.77264571150647
aromaticity : 0.09279845335911069
gravy : -0.18815853069115415
instability : 37.12622522957985
