molecularweight : 36315.153199999964
pI : 8.367238807678223
netcharge : 1.6173459459769646
aromaticity : 0.0982142857142857
gravy : -0.028273809523809527
instability : 28.057142857142846
