molecularweight : 33229.199599999985
pI : 9.793666267395018
netcharge : 16.48273478176363
aromaticity : 0.13157894736842105
gravy : 0.057565789473684306
instability : 14.253947368421047
