molecularweight : 30259.168900000026
pI : 5.565526390075683
netcharge : -5.964100207528592
aromaticity : 0.05017921146953405
gravy : -0.07777777777777782
instability : 36.79892473118279
