molecularweight : 59701.78000000008
pI : 4.630922889709471
netcharge : -41.43968889414439
aromaticity : 0.05747126436781609
gravy : -0.5065134099616863
instability : 46.61762452107283
