molecularweight : 20788.33589999993
pI : 11.084839057922363
netcharge : 21.582112543307353
aromaticity : 0.08955223880597016
gravy : -0.638308457711444
instability : 37.210000000000015
