molecularweight : 87570.2353000005
pI : 5.508914756774902
netcharge : -15.246230749602177
aromaticity : 0.09868421052631579
gravy : -0.23723684210526336
instability : 42.305921052631746
