molecularweight : 32284.561800000025
pI : 9.170837211608887
netcharge : 8.526421892514279
aromaticity : 0.08865248226950354
gravy : -0.489716312056738
instability : 34.65567375886525
