molecularweight : 13714.781099999977
pI : 7.763149070739748
netcharge : 0.5812742235862256
aromaticity : 0.03968253968253968
gravy : 0.05714285714285723
instability : 45.831746031746015
