molecularweight : 120207.84110000057
pI : 4.879877662658691
netcharge : -62.924870536265914
aromaticity : 0.047619047619047616
gravy : -0.9072344322344329
instability : 65.20202380952422
