molecularweight : 33726.58590000003
pI : 4.080266761779785
netcharge : -45.3089148981881
aromaticity : 0.05
gravy : -0.8929999999999997
instability : 47.55133333333332
