molecularweight : 48495.76780000007
pI : 9.349865913391113
netcharge : 13.312215482042099
aromaticity : 0.06872037914691943
gravy : -0.3414691943127965
instability : 45.13011848341231
