molecularweight : 50471.75850000005
pI : 6.4366975784301745
netcharge : -2.5507780372765225
aromaticity : 0.12100456621004566
gravy : -0.4632420091324206
instability : 32.713242009132415
