molecularweight : 25162.669500000007
pI : 5.117237281799316
netcharge : -7.419610444142222
aromaticity : 0.0410958904109589
gravy : -1.1771689497716897
instability : 67.42100456621002
