molecularweight : 97183.35670000053
pI : 6.8438920974731445
netcharge : -1.188481578218557
aromaticity : 0.08554913294797688
gravy : -0.3499421965317918
instability : 47.77483236994235
