molecularweight : 53028.67560000009
pI : 7.10825023651123
netcharge : 0.25825038231410247
aromaticity : 0.15268817204301077
gravy : 0.5735483870967754
instability : 44.13118279569895
