molecularweight : 15911.11249999999
pI : 6.816666221618653
netcharge : -0.2655920054241001
aromaticity : 0.027210884353741496
gravy : -0.12721088435374153
instability : 36.595238095238095
