molecularweight : 14976.091099999992
pI : 10.413594245910645
netcharge : 11.586509052129765
aromaticity : 0.0916030534351145
gravy : -0.33129770992366425
instability : 42.73358778625954
