molecularweight : 44619.96970000006
pI : 5.355904197692872
netcharge : -7.134549971475977
aromaticity : 0.11369509043927647
gravy : -0.005684754521963953
instability : 25.8702842377261
