molecularweight : 79669.64300000052
pI : 5.790836143493652
netcharge : -9.430553364412702
aromaticity : 0.11142454160789844
gravy : -0.2232722143864598
instability : 39.04132581100149
