molecularweight : 64721.85010000011
pI : 8.8542329788208
netcharge : 10.315444363310021
aromaticity : 0.06620209059233449
gravy : -0.5790940766550507
instability : 44.775801393728315
