molecularweight : 38548.66500000006
pI : 4.443524742126464
netcharge : -42.81603981347071
aromaticity : 0.03614457831325302
gravy : -1.133734939759036
instability : 56.223795180722846
