molecularweight : 32763.193700000065
pI : 10.081517601013182
netcharge : 28.977138104518332
aromaticity : 0.042105263157894736
gravy : -1.2007017543859642
instability : 43.163157894736834
