molecularweight : 38594.18080000005
pI : 4.494452476501464
netcharge : -26.729492079268063
aromaticity : 0.0963172804532578
gravy : -0.3515580736543913
instability : 35.09405099150141
