molecularweight : 37459.431600000076
pI : 4.807464790344238
netcharge : -15.123892797825341
aromaticity : 0.047619047619047616
gravy : -0.6279761904761907
instability : 54.349999999999994
