molecularweight : 52554.109100000096
pI : 9.635074043273924
netcharge : 18.4549410975537
aromaticity : 0.07991360691144708
gravy : -0.29352051835853143
instability : 50.285529157667455
