molecularweight : 15667.044399999995
pI : 10.768686103820801
netcharge : 15.820226649594488
aromaticity : 0.08333333333333334
gravy : -0.5628787878787879
instability : 54.04924242424242
