molecularweight : 46641.42040000002
pI : 6.811493873596191
netcharge : -0.9442011231249055
aromaticity : 0.06763285024154589
gravy : -0.545893719806763
instability : 48.025120772946856
