molecularweight : 63410.16370000015
pI : 9.066462898254393
netcharge : 15.662002810981122
aromaticity : 0.09352517985611511
gravy : -0.44640287769784176
instability : 31.371762589928046
