molecularweight : 124286.73240000103
pI : 7.199647331237793
netcharge : 0.9251069194920092
aromaticity : 0.09332113449222323
gravy : -0.367886550777675
instability : 38.43908508691692
