molecularweight : 95364.53590000069
pI : 4.922109031677246
netcharge : -34.3281302501901
aromaticity : 0.07259953161592506
gravy : -0.4097189695550341
instability : 32.58303278688532
