molecularweight : 55959.71680000008
pI : 5.772249794006346
netcharge : -9.389910559759485
aromaticity : 0.06163021868787276
gravy : -0.369582504970179
instability : 50.01292246520879
