molecularweight : 17933.655599999987
pI : 4.763585090637206
netcharge : -8.371417878137866
aromaticity : 0.062111801242236024
gravy : -0.7956521739130443
instability : 43.21552795031057
