molecularweight : 16127.717099999998
pI : 7.973530387878418
netcharge : 0.7955619735164632
aromaticity : 0.05405405405405406
gravy : -1.0283783783783786
instability : 50.26013513513513
