molecularweight : 71294.79350000032
pI : 6.906187629699708
netcharge : -0.36165429715013886
aromaticity : 0.10483870967741934
gravy : -0.41870967741935466
instability : 43.58569354838719
