molecularweight : 39599.81040000003
pI : 5.074778556823729
netcharge : -11.127066228600086
aromaticity : 0.0821917808219178
gravy : -0.054520547945205486
instability : 35.42575342465753
