molecularweight : 86705.97700000033
pI : 9.099664115905764
netcharge : 14.605171634963142
aromaticity : 0.06648936170212766
gravy : -0.8422872340425521
instability : 52.38151595744703
