molecularweight : 117583.57660000092
pI : 5.687900733947754
netcharge : -16.796200291840307
aromaticity : 0.09821428571428571
gravy : -0.4426587301587289
instability : 42.865396825397
