molecularweight : 45743.418900000055
pI : 5.181749534606933
netcharge : -12.801176810668323
aromaticity : 0.08706467661691543
gravy : -0.335074626865672
instability : 35.12114427860696
