molecularweight : 31977.73120000001
pI : 5.2051103591918935
netcharge : -8.036598477380693
aromaticity : 0.16117216117216118
gravy : 0.19523809523809507
instability : 48.62095238095238
