molecularweight : 32276.609499999977
pI : 5.807035255432129
netcharge : -4.053794358916804
aromaticity : 0.0808080808080808
gravy : -0.05723905723905715
instability : 40.34717171717172
