molecularweight : 61644.20320000012
pI : 6.324383735656738
netcharge : -3.5092819136659585
aromaticity : 0.0933572710951526
gravy : -0.016696588868940748
instability : 37.126588868940765
