molecularweight : 44082.56380000008
pI : 6.203600883483887
netcharge : -4.450596962145816
aromaticity : 0.08396946564885496
gravy : -0.24961832061068714
instability : 38.94557251908396
