molecularweight : 40139.88780000005
pI : 7.67055835723877
netcharge : 0.962221031361338
aromaticity : 0.11849710982658959
gravy : -0.1410404624277458
instability : 44.50147398843929
