molecularweight : 60632.7003000001
pI : 5.073016548156737
netcharge : -16.828524493379064
aromaticity : 0.042704626334519574
gravy : -0.010676156583629857
instability : 36.88683274021354
