molecularweight : 79317.66470000045
pI : 5.09740047454834
netcharge : -26.371554891924276
aromaticity : 0.06896551724137931
gravy : -0.47428160919540113
instability : 34.81206896551728
