molecularweight : 57940.34530000003
pI : 5.83636417388916
netcharge : -4.123904572552242
aromaticity : 0.12213740458015267
gravy : 0.5553435114503822
instability : 29.55866412213739
