molecularweight : 38609.04100000004
pI : 8.967246055603027
netcharge : 6.114055169709943
aromaticity : 0.07042253521126761
gravy : -0.1123943661971831
instability : 36.972704225352096
