molecularweight : 72562.52340000028
pI : 9.544238090515137
netcharge : 27.35793512323071
aromaticity : 0.09807073954983922
gravy : -0.17475884244373002
instability : 40.77913183279745
