molecularweight : 68141.92380000034
pI : 9.122099113464355
netcharge : 14.533944934734777
aromaticity : 0.09385113268608414
gravy : -0.5255663430420711
instability : 43.569595469255745
