molecularweight : 75399.54550000034
pI : 8.353313636779788
netcharge : 4.561572500525074
aromaticity : 0.061855670103092786
gravy : -0.3539027982326949
instability : 38.04594992636239
