molecularweight : 56789.413800000046
pI : 5.867568778991698
netcharge : -9.174705562084277
aromaticity : 0.08383233532934131
gravy : -0.16187624750499036
instability : 40.81399201596805
