molecularweight : 78075.40880000034
pI : 8.497980690002443
netcharge : 4.7714997136756665
aromaticity : 0.07604017216642754
gravy : -0.819081779053083
instability : 49.39972740315659
