molecularweight : 24606.11009999999
pI : 6.511611366271972
netcharge : -1.0721134681495883
aromaticity : 0.039647577092511016
gravy : -0.5938325991189429
instability : 69.98898678414096
