molecularweight : 34875.09040000002
pI : 9.727779579162597
netcharge : 15.91987248251165
aromaticity : 0.11464968152866242
gravy : -0.021656050955413956
instability : 32.056050955414
