molecularweight : 22474.1529
pI : 10.276276588439938
netcharge : 18.94279882311081
aromaticity : 0.07500000000000001
gravy : -0.8485000000000005
instability : 53.44555
