molecularweight : 110058.42380000079
pI : 6.832012748718263
netcharge : -0.9420169773132727
aromaticity : 0.09653725078698847
gravy : -0.24585519412381934
instability : 42.16540398740834
