molecularweight : 30125.477300000006
pI : 5.048859977722167
netcharge : -8.246532772966717
aromaticity : 0.1
gravy : -0.35407407407407443
instability : 38.42333333333332
