molecularweight : 12533.12029999999
pI : 5.540005683898924
netcharge : -2.3906825145369197
aromaticity : 0.05714285714285715
gravy : -0.9552380952380954
instability : 47.31523809523808
