molecularweight : 20495.98030000001
pI : 8.135474967956544
netcharge : 1.636000592786413
aromaticity : 0.111731843575419
gravy : -0.968715083798883
instability : 57.49944134078212
