molecularweight : 58588.45820000005
pI : 5.564162254333495
netcharge : -13.21399439531794
aromaticity : 0.0855513307984791
gravy : -0.11159695817490504
instability : 26.58041825095057
