molecularweight : 29283.27490000002
pI : 5.707282829284668
netcharge : -4.116544644025957
aromaticity : 0.10546875
gravy : -0.2871093750000001
instability : 37.07578124999999
