molecularweight : 21006.227100000004
pI : 9.221380424499511
netcharge : 3.693161568716633
aromaticity : 0.07936507936507936
gravy : -0.019047619047618997
instability : 46.96142857142856
