molecularweight : 38998.49790000001
pI : 8.866868782043458
netcharge : 6.088064683927215
aromaticity : 0.07042253521126761
gravy : -0.02197183098591535
instability : 37.339464788732386
