molecularweight : 118883.3643000009
pI : 4.967637062072753
netcharge : -36.311129162610555
aromaticity : 0.11531007751937986
gravy : -0.3356589147286814
instability : 45.472790697674654
