molecularweight : 21487.289800000017
pI : 9.199074363708494
netcharge : 6.99990164164975
aromaticity : 0.11764705882352941
gravy : -0.37914438502673814
instability : 27.624598930481273
