molecularweight : 13957.572099999976
pI : 8.387159538269042
netcharge : 1.6520904748031668
aromaticity : 0.05691056910569106
gravy : -0.6463414634146345
instability : 53.94959349593496
