molecularweight : 64606.017800000234
pI : 8.127932167053224
netcharge : 3.103391439505586
aromaticity : 0.06920415224913495
gravy : -0.525951557093426
instability : 49.60674740484443
