molecularweight : 18645.380699999987
pI : 6.252937126159668
netcharge : -1.797321592124156
aromaticity : 0.09493670886075949
gravy : -0.1518987341772151
instability : 50.794303797468345
