molecularweight : 95057.80300000061
pI : 5.476004981994628
netcharge : -15.407625165223891
aromaticity : 0.07226107226107226
gravy : -0.38706293706293615
instability : 47.44312354312381
