molecularweight : 45670.106800000016
pI : 5.213977241516112
netcharge : -9.99500942977555
aromaticity : 0.06746987951807229
gravy : -0.48240963855421676
instability : 55.78942168674701
