molecularweight : 13443.176499999985
pI : 4.461713218688964
netcharge : -9.316760916423016
aromaticity : 0.08264462809917356
gravy : 0.2297520661157025
instability : 39.790082644628086
