molecularweight : 88965.92230000066
pI : 8.533373832702637
netcharge : 6.915669807648868
aromaticity : 0.07663316582914573
gravy : -0.3559045226130653
instability : 43.02802763819111
