molecularweight : 112471.47050000087
pI : 6.039620399475097
netcharge : -10.628019824548389
aromaticity : 0.09927611168562564
gravy : -0.38231644260599673
instability : 43.497952430196655
