molecularweight : 27904.054800000016
pI : 9.694965171813966
netcharge : 10.777999314319267
aromaticity : 0.08032128514056225
gravy : 0.01084337349397593
instability : 27.313694779116453
