molecularweight : 55112.15040000003
pI : 5.927590751647949
netcharge : -5.7443742354731455
aromaticity : 0.0934959349593496
gravy : -0.01768292682926871
instability : 34.19536585365852
