molecularweight : 174830.6165000004
pI : 5.595139503479003
netcharge : -29.66933549690694
aromaticity : 0.10980392156862745
gravy : -0.21163398692810462
instability : 40.776437908497
