molecularweight : 110693.30520000086
pI : 4.999239540100096
netcharge : -32.24435231057127
aromaticity : 0.09240246406570841
gravy : -0.001129363449692121
instability : 40.15289527720755
