molecularweight : 11125.238699999989
pI : 4.1433012008666985
netcharge : -9.38897856750869
aromaticity : 0.06930693069306931
gravy : -0.21980198019801975
instability : 47.54356435643563
