molecularweight : 56549.85189999994
pI : 9.337359046936037
netcharge : 8.864056317320653
aromaticity : 0.0633147113594041
gravy : -0.7378026070763485
instability : 24.000949720670395
