molecularweight : 26174.95810000001
pI : 4.501784706115722
netcharge : -17.201452388714934
aromaticity : 0.0663716814159292
gravy : -0.5849557522123886
instability : 43.84424778761063
