molecularweight : 69316.5016000002
pI : 9.269989585876463
netcharge : 17.17641808472368
aromaticity : 0.15166666666666667
gravy : -0.06200000000000016
instability : 35.95671666666668
