molecularweight : 62665.9479000001
pI : 7.046295738220214
netcharge : 0.2254818116380477
aromaticity : 0.09140767824497258
gravy : -0.4946983546617914
instability : 39.27385740402194
