molecularweight : 47293.591900000094
pI : 4.928929710388182
netcharge : -21.84830288207474
aromaticity : 0.09397590361445783
gravy : -0.62722891566265
instability : 56.75253012048201
