molecularweight : 44766.22750000005
pI : 8.133992195129395
netcharge : 3.1266264188234345
aromaticity : 0.15364583333333334
gravy : -0.053906250000000204
instability : 35.06979166666666
