molecularweight : 81715.02030000053
pI : 6.620287513732911
netcharge : -2.6456674038064847
aromaticity : 0.09735744089012517
gravy : -0.35299026425591046
instability : 51.178595271210106
