molecularweight : 63230.35010000017
pI : 6.571860694885253
netcharge : -1.6186771447071635
aromaticity : 0.12142857142857143
gravy : 0.19678571428571406
instability : 39.98580357142859
