molecularweight : 57509.535300000105
pI : 8.057855033874514
netcharge : 2.823499413310863
aromaticity : 0.11871227364185111
gravy : -0.2653923541247486
instability : 49.129577464788746
