molecularweight : 121615.53260000097
pI : 5.374092674255372
netcharge : -24.703015670274482
aromaticity : 0.044923629829290206
gravy : -0.07574123989218334
instability : 32.76594788858951
