molecularweight : 24344.35320000002
pI : 8.235529899597168
netcharge : 2.004628861525415
aromaticity : 0.06451612903225806
gravy : -0.5400921658986177
instability : 55.602304147465425
