molecularweight : 51577.402100000094
pI : 6.038426780700683
netcharge : -6.366653853836887
aromaticity : 0.15315315315315314
gravy : -0.4770270270270269
instability : 40.10925675675675
