molecularweight : 48876.03620000013
pI : 4.297903251647949
netcharge : -53.08578351064461
aromaticity : 0.0794392523364486
gravy : -0.897663551401869
instability : 54.29605140186917
