molecularweight : 30605.970000000027
pI : 6.05485324859619
netcharge : -4.580869576423311
aromaticity : 0.0898876404494382
gravy : -0.4629213483146071
instability : 42.8928838951311
