molecularweight : 108091.04600000077
pI : 5.167994499206541
netcharge : -34.51388381461109
aromaticity : 0.09639830508474576
gravy : -0.2565677966101694
instability : 43.76038135593233
