molecularweight : 42186.21750000004
pI : 7.114047813415527
netcharge : 0.27572961609333646
aromaticity : 0.12054794520547946
gravy : -0.14027397260273977
instability : 48.91424657534245
