molecularweight : 59980.718300000175
pI : 5.223412513732909
netcharge : -24.493371037723286
aromaticity : 0.12104283054003726
gravy : -0.38733705772811955
instability : 29.98828677839851
