molecularweight : 38846.222900000095
pI : 5.13838138580322
netcharge : -15.267107686028325
aromaticity : 0.10355029585798817
gravy : -0.4923076923076922
instability : 51.30656804733727
