molecularweight : 36056.03220000003
pI : 9.683231925964353
netcharge : 12.397315519594763
aromaticity : 0.08544303797468356
gravy : -0.35411392405063313
instability : 37.11708860759494
