molecularweight : 38171.2782
pI : 7.975013160705566
netcharge : 2.0485530266605707
aromaticity : 0.06214689265536723
gravy : -0.1081920903954802
instability : 36.43305084745761
