molecularweight : 31672.959800000037
pI : 9.113202476501463
netcharge : 4.348042843366194
aromaticity : 0.028169014084507043
gravy : -0.913380281690141
instability : 49.64190140845071
