molecularweight : 14419.630999999988
pI : 8.547492408752444
netcharge : 1.6651631076791773
aromaticity : 0.07692307692307693
gravy : 0.09692307692307696
instability : 25.969999999999988
