molecularweight : 25054.84580000001
pI : 5.19584560394287
netcharge : -13.40913304898583
aromaticity : 0.05676855895196506
gravy : -0.2877729257641923
instability : 29.506113537117905
