molecularweight : 33924.61910000007
pI : 6.292894935607911
netcharge : -4.249797359765925
aromaticity : 0.08250825082508251
gravy : -0.34620462046204653
instability : 35.572937293729375
