molecularweight : 41327.30940000007
pI : 6.277775764465332
netcharge : -3.537575702245313
aromaticity : 0.1457142857142857
gravy : -0.590857142857143
instability : 45.89117142857142
