molecularweight : 53971.02450000006
pI : 5.777251625061035
netcharge : -5.920241123712657
aromaticity : 0.05601659751037344
gravy : -0.41804979253112073
instability : 38.476556016597506
