molecularweight : 18816.7299
pI : 9.001865577697757
netcharge : 1.6816004673934088
aromaticity : 0.15151515151515152
gravy : 0.6115151515151515
instability : 37.75521212121211
