molecularweight : 28290.92570000001
pI : 4.708564949035644
netcharge : -16.107706077339987
aromaticity : 0.08230452674897121
gravy : -1.0530864197530858
instability : 33.52432098765432
