molecularweight : 23731.556300000022
pI : 6.247594261169434
netcharge : -1.2907127832918377
aromaticity : 0.04433497536945813
gravy : -0.9428571428571428
instability : 52.33054187192116
