molecularweight : 21058.579500000003
pI : 9.674979972839356
netcharge : 10.880916215693919
aromaticity : 0.06741573033707865
gravy : -1.3949438202247193
instability : 42.37752808988763
