molecularweight : 50869.329200000066
pI : 7.126381874084472
netcharge : 0.30437563588895955
aromaticity : 0.08968609865470853
gravy : -0.9728699551569482
instability : 48.25047085201796
