molecularweight : 29599.744000000035
pI : 5.28678798675537
netcharge : -8.890910534601804
aromaticity : 0.08778625954198473
gravy : -0.5297709923664125
instability : 55.47633587786261
