molecularweight : 28992.515900000006
pI : 6.238727378845215
netcharge : -2.7763845931982587
aromaticity : 0.10646387832699619
gravy : -0.21863117870722443
instability : 28.03273764258554
