molecularweight : 44902.16010000007
pI : 5.575416374206542
netcharge : -7.820224555677889
aromaticity : 0.0594059405940594
gravy : -0.9698019801980183
instability : 72.1400990099012
