molecularweight : 129015.02900000081
pI : 8.287298011779786
netcharge : 9.797478683828672
aromaticity : 0.08112874779541446
gravy : -0.4216931216931206
instability : 46.95318342151699
