molecularweight : 45564.74450000003
pI : 9.297001838684082
netcharge : 9.492719327541309
aromaticity : 0.07088607594936709
gravy : -0.7334177215189872
instability : 54.57217721518986
