molecularweight : 84766.19190000057
pI : 5.963910865783691
netcharge : -11.638882572047592
aromaticity : 0.08322147651006712
gravy : -0.3877852348993281
instability : 51.362966442953194
