molecularweight : 98197.44730000074
pI : 7.9893896102905275
netcharge : 4.076797275966669
aromaticity : 0.08783783783783784
gravy : -0.5627252252252242
instability : 51.53963963963982
