molecularweight : 27020.92280000002
pI : 4.84117031097412
netcharge : -12.208506480671396
aromaticity : 0.07983193277310924
gravy : -0.6579831932773107
instability : 67.47941176470589
