molecularweight : 17335.621
pI : 5.363009071350096
netcharge : -5.138275459054849
aromaticity : 0.025477707006369428
gravy : -0.29936305732484075
instability : 38.747770700636934
