molecularweight : 70316.27070000028
pI : 5.979484748840332
netcharge : -11.502938907528431
aromaticity : 0.07592891760904685
gravy : -0.9555735056542802
instability : 54.619402261712644
