molecularweight : 28974.262100000036
pI : 8.53872470855713
netcharge : 3.35284201756453
aromaticity : 0.05725190839694656
gravy : -0.6080152671755729
instability : 52.51530534351144
