molecularweight : 41493.88350000008
pI : 9.410853004455568
netcharge : 11.433793583532143
aromaticity : 0.04189944134078212
gravy : -1.2497206703910608
instability : 60.19162011173188
