molecularweight : 24999.457800000007
pI : 6.117262458801269
netcharge : -3.722527136508827
aromaticity : 0.09009009009009009
gravy : -0.05090090090090089
instability : 39.818918918918925
