molecularweight : 10770.90689999999
pI : 6.0378015518188475
netcharge : -2.1658716807683316
aromaticity : 0.08695652173913043
gravy : -0.9
instability : 48.66521739130434
