molecularweight : 19803.973999999995
pI : 10.73645191192627
netcharge : 11.850488017410143
aromaticity : 0.07777777777777778
gravy : 0.05722222222222231
instability : 34.222222222222214
