molecularweight : 41849.65290000003
pI : 9.354572105407716
netcharge : 12.140601446051487
aromaticity : 0.17955801104972374
gravy : 0.3455801104972376
instability : 42.98104972375689
