molecularweight : 23926.758300000038
pI : 5.789415168762207
netcharge : -4.917805787299038
aromaticity : 0.06829268292682927
gravy : -1.5931707317073167
instability : 56.138585365853636
