molecularweight : 26873.241000000027
pI : 5.103027534484862
netcharge : -8.139503724674949
aromaticity : 0.1148936170212766
gravy : -0.22553191489361707
instability : 36.294893617021266
