molecularweight : 102303.30290000066
pI : 9.361212348937986
netcharge : 30.11157727068681
aromaticity : 0.1198208286674132
gravy : 0.11791713325867857
instability : 43.50628219484899
