molecularweight : 39174.53580000005
pI : 6.2014978408813475
netcharge : -2.9159286029446463
aromaticity : 0.06179775280898876
gravy : -0.48820224719101124
instability : 64.31432584269666
