molecularweight : 17281.39619999999
pI : 6.510417747497558
netcharge : -1.0536676702168926
aromaticity : 0.08496732026143791
gravy : -0.469281045751634
instability : 32.44640522875817
