molecularweight : 173445.36320000023
pI : 7.9311101913452156
netcharge : 5.85924557054426
aromaticity : 0.095703125
gravy : -0.24062499999999873
instability : 32.4440169270836
