molecularweight : 105333.04730000062
pI : 7.457014274597168
netcharge : 2.700261108515093
aromaticity : 0.06349206349206349
gravy : -0.7187301587301588
instability : 50.06932275132294
