molecularweight : 138430.3931000007
pI : 6.23571491241455
netcharge : -6.8893965565377755
aromaticity : 0.058823529411764705
gravy : -0.6537696768848376
instability : 42.289080364540396
