molecularweight : 33445.88650000001
pI : 9.851107597351074
netcharge : 11.785617823286028
aromaticity : 0.0594059405940594
gravy : -0.24917491749174922
instability : 35.71023102310231
