molecularweight : 69708.10010000033
pI : 5.412004280090332
netcharge : -10.936497574202477
aromaticity : 0.04482225656877898
gravy : -0.29366306027820754
instability : 36.81885625965999
