molecularweight : 50650.14830000004
pI : 8.555035209655763
netcharge : 2.929452546528779
aromaticity : 0.05617977528089888
gravy : -1.056629213483144
instability : 53.45056179775283
