molecularweight : 77608.22700000032
pI : 9.497305107116702
netcharge : 22.17771857243784
aromaticity : 0.08541973490427099
gravy : -0.6550810014727529
instability : 49.96555228276892
