molecularweight : 41261.25899999999
pI : 9.468552207946779
netcharge : 16.09426138733574
aromaticity : 0.06868131868131869
gravy : -0.4126373626373628
instability : 25.59807692307692
