molecularweight : 15931.757499999998
pI : 8.688936042785645
netcharge : 1.8291974195285654
aromaticity : 0.20863309352517984
gravy : 1.0021582733812948
instability : 16.32309352517985
