molecularweight : 31744.13270000001
pI : 4.4563703536987305
netcharge : -26.817056328828123
aromaticity : 0.0695970695970696
gravy : -1.3065934065934062
instability : 76.15970695970695
