molecularweight : 45281.82540000005
pI : 8.702023124694826
netcharge : 7.266765590070129
aromaticity : 0.15803108808290156
gravy : 0.33160621761658077
instability : 34.35313471502591
