molecularweight : 131260.06600000075
pI : 8.595972633361818
netcharge : 10.351143293246011
aromaticity : 0.10387323943661972
gravy : -0.19401408450704194
instability : 44.57424295774669
