molecularweight : 26440.671600000016
pI : 9.223636817932128
netcharge : 7.897872000789707
aromaticity : 0.0326530612244898
gravy : 0.08571428571428573
instability : 26.11469387755102
