molecularweight : 32790.75150000008
pI : 5.003104591369628
netcharge : -8.065076741997729
aromaticity : 0.10402684563758388
gravy : 0.43120805369127535
instability : 22.931879194630874
