molecularweight : 45185.79240000001
pI : 5.625605201721191
netcharge : -5.156955450581371
aromaticity : 0.09278350515463918
gravy : -0.4561855670103094
instability : 48.963144329896906
