molecularweight : 35159.665300000044
pI : 4.79132251739502
netcharge : -19.584210887106984
aromaticity : 0.071875
gravy : -0.2831250000000002
instability : 39.63437499999999
