molecularweight : 64878.233000000175
pI : 5.0441991806030275
netcharge : -18.942965036466745
aromaticity : 0.070446735395189
gravy : -0.4895189003436425
instability : 35.862542955326475
