molecularweight : 43665.70640000007
pI : 10.192274284362792
netcharge : 35.80667949464903
aromaticity : 0.08505154639175258
gravy : -0.5497422680412375
instability : 28.4234793814433
