molecularweight : 32748.502200000006
pI : 9.811395072937014
netcharge : 14.665924745287214
aromaticity : 0.11295681063122924
gravy : 0.010963455149501857
instability : 26.814617940199344
