molecularweight : 63375.10300000014
pI : 7.900616645812989
netcharge : 2.417844205878538
aromaticity : 0.08288288288288288
gravy : -0.23351351351351382
instability : 46.429747747747804
