molecularweight : 32691.336199999972
pI : 5.244215583801269
netcharge : -8.124571596829561
aromaticity : 0.05944055944055944
gravy : -0.6597902097902092
instability : 45.807692307692314
