molecularweight : 37353.2747
pI : 5.608496665954591
netcharge : -6.9098238990338885
aromaticity : 0.13664596273291926
gravy : -0.31770186335403755
instability : 38.01987577639751
