molecularweight : 50025.47610000016
pI : 4.5758459091186525
netcharge : -28.846482390045843
aromaticity : 0.0979955456570156
gravy : -0.2910913140311806
instability : 35.1469933184855
