molecularweight : 70754.13210000035
pI : 5.9092317581176745
netcharge : -7.515005182064655
aromaticity : 0.05972434915773354
gravy : -0.23001531393568175
instability : 33.631546707503894
