molecularweight : 31655.829800000007
pI : 5.958568000793457
netcharge : -2.2410043434576714
aromaticity : 0.16487455197132617
gravy : 0.023655913978494328
instability : 25.640537634408595
