molecularweight : 11774.499799999987
pI : 7.986101722717286
netcharge : 0.6006561427787673
aromaticity : 0.10576923076923078
gravy : -0.02884615384615386
instability : 36.6653846153846
