molecularweight : 27777.0607
pI : 5.326745796203612
netcharge : -6.182551212805748
aromaticity : 0.05371900826446281
gravy : -0.7231404958677686
instability : 52.6855785123967
