molecularweight : 59561.70440000006
pI : 5.983122444152832
netcharge : -7.345992731132128
aromaticity : 0.10331384015594541
gravy : -0.3023391812865499
instability : 49.34522417153999
