molecularweight : 61836.34850000015
pI : 8.519771003723147
netcharge : 4.3217225856235615
aromaticity : 0.14336917562724016
gravy : 0.40537634408602197
instability : 32.22243727598564
