molecularweight : 177487.8560000009
pI : 5.65447940826416
netcharge : -28.88637427496181
aromaticity : 0.04153354632587859
gravy : -0.6630031948881796
instability : 46.89827476038365
