molecularweight : 106973.4767000008
pI : 4.870215034484862
netcharge : -49.253826434300265
aromaticity : 0.06203208556149732
gravy : -0.7432085561497347
instability : 49.284930481283716
