molecularweight : 48841.74030000002
pI : 9.441733360290527
netcharge : 15.085569362287224
aromaticity : 0.0839002267573696
gravy : -0.25986394557823134
instability : 34.540816326530624
