molecularweight : 15596.509999999991
pI : 4.546062278747559
netcharge : -12.325866432891527
aromaticity : 0.027777777777777776
gravy : -0.01944444444444442
instability : 37.11041666666666
