molecularweight : 68357.32090000024
pI : 8.824319648742676
netcharge : 9.770603964876457
aromaticity : 0.14261168384879724
gravy : -0.1479381443298971
instability : 33.65860824742269
