molecularweight : 48507.99530000012
pI : 7.731035041809082
netcharge : 1.2369696100071366
aromaticity : 0.08237986270022883
gravy : -0.2345537757437075
instability : 23.84096109839816
