molecularweight : 13691.21309999999
pI : 9.62301845550537
netcharge : 3.60606818823714
aromaticity : 0.05737704918032787
gravy : -0.8598360655737705
instability : 80.70991803278687
