molecularweight : 44715.53430000003
pI : 5.80987720489502
netcharge : -4.964447675960336
aromaticity : 0.10123456790123457
gravy : -0.232345679012346
instability : 28.645679012345674
