molecularweight : 20300.92029999999
pI : 4.510310554504395
netcharge : -10.339601687002142
aromaticity : 0.08333333333333334
gravy : -0.17760416666666665
instability : 41.46781250000001
