molecularweight : 93821.57970000083
pI : 4.0500284194946286
netcharge : -87.04729579907493
aromaticity : 0.04955947136563877
gravy : -0.2474669603524228
instability : 60.82457048458189
