molecularweight : 36544.29160000004
pI : 8.659538459777831
netcharge : 7.963834180608426
aromaticity : 0.103125
gravy : -0.5103124999999998
instability : 38.54159374999998
