molecularweight : 20018.9857
pI : 9.183924293518068
netcharge : 4.661882445211173
aromaticity : 0.14285714285714285
gravy : -0.28988095238095246
instability : 51.65720238095236
