molecularweight : 67334.53950000029
pI : 5.215114021301268
netcharge : -16.6685908015439
aromaticity : 0.08766233766233766
gravy : -0.18733766233766241
instability : 33.842889610389605
