molecularweight : 58512.547100000156
pI : 5.3930768966674805
netcharge : -14.396641292786
aromaticity : 0.11290322580645161
gravy : -0.6181451612903209
instability : 50.057883064516155
