molecularweight : 48374.69400000006
pI : 6.481202507019043
netcharge : -3.0272697140750324
aromaticity : 0.10046728971962615
gravy : -0.5719626168224295
instability : 42.44485981308409
