molecularweight : 92696.28660000052
pI : 5.002195167541504
netcharge : -45.1951874213196
aromaticity : 0.07326007326007325
gravy : -0.714652014652014
instability : 52.93638583638609
