molecularweight : 183845.80310000022
pI : 5.554840660095214
netcharge : -20.04271318498931
aromaticity : 0.10805860805860806
gravy : 0.036630036630036285
instability : 37.47006105006131
