molecularweight : 42703.70030000004
pI : 6.39736499786377
netcharge : -3.302912222877673
aromaticity : 0.09358288770053476
gravy : -0.535561497326203
instability : 44.896818181818155
