molecularweight : 32433.128700000067
pI : 5.7525835037231445
netcharge : -9.289566226761817
aromaticity : 0.09642857142857142
gravy : -0.5717857142857139
instability : 40.138571428571424
