molecularweight : 66535.3141000004
pI : 5.792086601257325
netcharge : -8.537524782027873
aromaticity : 0.07008547008547009
gravy : -1.0685470085470101
instability : 44.88035897435902
