molecularweight : 34674.63269999998
pI : 5.304294395446777
netcharge : -7.1131929039949675
aromaticity : 0.09904153354632587
gravy : -0.0003194888178913102
instability : 20.894568690095838
