molecularweight : 106386.76820000062
pI : 5.427635002136229
netcharge : -23.700747262634124
aromaticity : 0.10434782608695653
gravy : -0.38858695652173897
instability : 44.87326086956536
