molecularweight : 70912.54060000024
pI : 6.829682350158691
netcharge : -1.1621506275480016
aromaticity : 0.07928802588996764
gravy : -1.0781553398058255
instability : 46.24385113268618
