molecularweight : 43849.080300000045
pI : 8.365756034851074
netcharge : 2.0930969370620005
aromaticity : 0.05789473684210526
gravy : -0.7192105263157892
instability : 51.263157894736835
