molecularweight : 34370.83649999999
pI : 10.18911533355713
netcharge : 20.714186222941837
aromaticity : 0.16666666666666666
gravy : 0.4535256410256409
instability : 32.43945512820511
