molecularweight : 22115.361800000002
pI : 4.740963172912598
netcharge : -10.20690375110911
aromaticity : 0.07253886010362695
gravy : -0.6347150259067358
instability : 53.37202072538861
