molecularweight : 20599.317199999998
pI : 5.8149927139282225
netcharge : -3.1298806495075304
aromaticity : 0.09392265193370165
gravy : -0.18618784530386726
instability : 33.80110497237569
