molecularweight : 26378.18000000002
pI : 9.997192955017091
netcharge : 19.198112503243635
aromaticity : 0.12280701754385964
gravy : -0.4938596491228072
instability : 36.86451754385965
