molecularweight : 69083.60900000023
pI : 8.622340202331543
netcharge : 6.754674293267385
aromaticity : 0.06896551724137931
gravy : -0.824137931034481
instability : 50.232676518883565
