molecularweight : 33307.74080000003
pI : 4.65411319732666
netcharge : -18.969666900053774
aromaticity : 0.1
gravy : -0.1020689655172415
instability : 40.18037931034482
