molecularweight : 27986.910400000037
pI : 9.59755344390869
netcharge : 13.867770999509915
aromaticity : 0.05371900826446281
gravy : -0.7896694214876036
instability : 39.800826446280986
