molecularweight : 23724.22199999999
pI : 10.213162040710447
netcharge : 21.75470741690922
aromaticity : 0.07075471698113207
gravy : -0.57122641509434
instability : 51.70990566037735
