molecularweight : 20636.76690000001
pI : 6.608578681945801
netcharge : -0.396176057639849
aromaticity : 0.07734806629834254
gravy : -0.7977900552486192
instability : 56.303867403314925
