molecularweight : 13511.422499999986
pI : 4.10766315460205
netcharge : -19.206914855915354
aromaticity : 0.05042016806722689
gravy : -0.7848739495798324
instability : 28.809327731092427
