molecularweight : 25616.934700000016
pI : 4.966216087341309
netcharge : -8.286225899327103
aromaticity : 0.07623318385650224
gravy : -0.42914798206278015
instability : 34.910358744394614
