molecularweight : 29726.7845
pI : 4.83258762359619
netcharge : -13.173538006339783
aromaticity : 0.06976744186046512
gravy : -0.8612403100775193
instability : 56.056589147286815
