molecularweight : 45907.26570000003
pI : 9.408338737487792
netcharge : 8.330384450820311
aromaticity : 0.06601466992665037
gravy : -0.45745721271393636
instability : 47.29462102689484
