molecularweight : 93660.39650000064
pI : 5.409276008605956
netcharge : -19.122708478827903
aromaticity : 0.08088235294117647
gravy : -0.2827205882352935
instability : 40.352708333333474
