molecularweight : 56788.77540000003
pI : 5.948052787780762
netcharge : -5.67739867856519
aromaticity : 0.0838095238095238
gravy : -0.13333333333333328
instability : 32.913923809523794
