molecularweight : 49225.40280000004
pI : 5.436899757385253
netcharge : -9.877881618705729
aromaticity : 0.0779816513761468
gravy : -0.37729357798165136
instability : 40.43672018348623
