molecularweight : 13249.659199999987
pI : 10.209036064147949
netcharge : 14.65332520033196
aromaticity : 0.10434782608695653
gravy : -0.11913043478260871
instability : 33.04695652173912
