molecularweight : 44475.17649999999
pI : 5.140711784362792
netcharge : -11.95485362815706
aromaticity : 0.06553398058252427
gravy : -0.08616504854368953
instability : 39.73470873786406
