molecularweight : 67625.03930000025
pI : 5.395862007141113
netcharge : -10.977709181535587
aromaticity : 0.11912751677852348
gravy : -0.2869127516778521
instability : 39.86780201342287
