molecularweight : 82704.76020000034
pI : 5.178055000305174
netcharge : -25.92263013501838
aromaticity : 0.06002728512960437
gravy : -0.1422919508867667
instability : 46.922646657571725
