molecularweight : 36129.372600000075
pI : 9.258449745178222
netcharge : 14.64710735748433
aromaticity : 0.05454545454545454
gravy : -0.5963636363636364
instability : 78.40818181818192
