molecularweight : 80984.38300000044
pI : 5.006742286682129
netcharge : -30.162431718020656
aromaticity : 0.08519553072625699
gravy : -0.5554469273742997
instability : 46.8111731843577
