molecularweight : 75577.02250000031
pI : 6.950635719299316
netcharge : -0.2994381633162675
aromaticity : 0.10909090909090909
gravy : -0.368181818181818
instability : 35.69442424242427
