molecularweight : 25306.93240000001
pI : 5.785265922546387
netcharge : -2.3381393228164775
aromaticity : 0.09913793103448276
gravy : 0.021982758620689647
instability : 28.88706896551724
