molecularweight : 91836.3815000005
pI : 6.594312095642091
netcharge : -2.790832209524339
aromaticity : 0.08571428571428572
gravy : -0.5977639751552786
instability : 45.16336645962752
