molecularweight : 43340.55340000003
pI : 7.114332008361816
netcharge : 0.32882293492945536
aromaticity : 0.079155672823219
gravy : -0.4372031662269133
instability : 37.346965699208425
