molecularweight : 118182.51770000103
pI : 8.88040714263916
netcharge : 18.50427408533011
aromaticity : 0.10758885686839578
gravy : -0.312007684918348
instability : 45.31441882805018
