molecularweight : 95013.68630000041
pI : 6.375197792053222
netcharge : -7.661019705536461
aromaticity : 0.07193396226415094
gravy : -0.6899764150943389
instability : 46.55533018867946
