molecularweight : 39580.29920000003
pI : 7.653336143493653
netcharge : 0.8636112766510777
aromaticity : 0.0670391061452514
gravy : -0.11089385474860337
instability : 32.42430167597765
