molecularweight : 45523.158500000034
pI : 9.529023551940917
netcharge : 16.344377907733943
aromaticity : 0.08684863523573201
gravy : -0.07196029776674945
instability : 31.81042183622828
