molecularweight : 69461.26350000023
pI : 8.531246376037597
netcharge : 4.2034453747617135
aromaticity : 0.13930348258706465
gravy : -0.046268656716418215
instability : 47.174825870646856
