molecularweight : 35045.49000000003
pI : 6.0665620803833
netcharge : -3.8558909550442806
aromaticity : 0.0946372239747634
gravy : -0.06656151419558352
instability : 23.18264984227129
