molecularweight : 28440.10170000003
pI : 6.070540809631347
netcharge : -3.8029951041379526
aromaticity : 0.06792452830188679
gravy : -0.07962264150943395
instability : 17.847962264150937
