molecularweight : 19501.012999999995
pI : 4.75517292022705
netcharge : -9.218749320478423
aromaticity : 0.09467455621301776
gravy : -0.2792899408284025
instability : 25.921893491124255
