molecularweight : 42544.7006000001
pI : 5.700803184509279
netcharge : -12.81215536361428
aromaticity : 0.07792207792207792
gravy : -0.15740259740259738
instability : 42.0651948051948
