molecularweight : 16462.01189999999
pI : 4.571355628967285
netcharge : -13.34626571825913
aromaticity : 0.027972027972027972
gravy : -0.7993006993006996
instability : 63.64055944055944
