molecularweight : 28717.25140000001
pI : 5.638166618347167
netcharge : -5.982488351025999
aromaticity : 0.05645161290322581
gravy : -0.6822580645161287
instability : 47.01572580645159
