molecularweight : 63068.1466000002
pI : 5.555352210998534
netcharge : -6.0470563774505095
aromaticity : 0.1568627450980392
gravy : 0.3534759358288772
instability : 27.038360071301245
