molecularweight : 40055.258900000044
pI : 5.5789403915405265
netcharge : -10.45667232259116
aromaticity : 0.0893371757925072
gravy : -0.294812680115274
instability : 38.865129682997114
