molecularweight : 32559.232900000017
pI : 5.386767768859863
netcharge : -7.004491846416894
aromaticity : 0.13494809688581316
gravy : 0.2740484429065737
instability : 37.09031141868513
