molecularweight : 41358.73550000006
pI : 5.413141059875487
netcharge : -8.898084468802772
aromaticity : 0.13920454545454547
gravy : -0.279545454545455
instability : 48.92133522727272
