molecularweight : 65608.68110000022
pI : 8.061916542053222
netcharge : 2.999606629812334
aromaticity : 0.14871794871794872
gravy : 0.3711111111111116
instability : 35.840752136752144
