molecularweight : 34132.950100000045
pI : 5.22568607330322
netcharge : -10.805677131348013
aromaticity : 0.12374581939799331
gravy : -0.39197324414715773
instability : 38.10836120401338
