molecularweight : 37927.79180000004
pI : 6.529686164855956
netcharge : -1.7569941900007962
aromaticity : 0.06006006006006006
gravy : -0.6681681681681682
instability : 45.414414414414416
