molecularweight : 60728.05740000011
pI : 8.447373008728029
netcharge : 4.684779088430311
aromaticity : 0.13686131386861314
gravy : 0.35985401459854044
instability : 38.57852189781019
