molecularweight : 44204.880600000084
pI : 4.90664882659912
netcharge : -21.270823929413353
aromaticity : 0.07868020304568528
gravy : -0.3758883248730965
instability : 45.22137055837562
