molecularweight : 36981.97500000002
pI : 5.354710578918457
netcharge : -8.022769854834898
aromaticity : 0.051829268292682924
gravy : -0.704878048780488
instability : 56.23262195121949
