molecularweight : 48761.24400000008
pI : 6.29835147857666
netcharge : -3.5291759435628123
aromaticity : 0.15492957746478875
gravy : 0.32676056338028164
instability : 38.94838028169012
