molecularweight : 127976.51810000044
pI : 8.888723564147952
netcharge : 16.805708425709525
aromaticity : 0.07103825136612021
gravy : -0.6816939890710387
instability : 40.3461748633882
