molecularweight : 48225.55200000015
pI : 8.11851978302002
netcharge : 1.957134801927232
aromaticity : 0.0835214446952596
gravy : -0.770880361173814
instability : 46.37948081264107
