molecularweight : 63460.11740000021
pI : 5.232620429992674
netcharge : -17.359997492508477
aromaticity : 0.11310592459605026
gravy : -0.3025134649910234
instability : 37.13718132854579
