molecularweight : 27796.365300000016
pI : 4.366962623596191
netcharge : -22.96593509131684
aromaticity : 0.08333333333333333
gravy : -0.35357142857142876
instability : 52.8126984126984
