molecularweight : 30584.540900000025
pI : 5.523579216003417
netcharge : -8.707443092680741
aromaticity : 0.10408921933085502
gravy : -0.2821561338289966
instability : 47.2724907063197
