molecularweight : 33565.14280000001
pI : 4.500420570373536
netcharge : -16.810722226692555
aromaticity : 0.05572755417956656
gravy : 0.11207430340557267
instability : 35.19325077399381
