molecularweight : 125251.71840000106
pI : 7.1955549240112315
netcharge : 0.8543992503143443
aromaticity : 0.10987996306555864
gravy : -0.016435826408125753
instability : 35.309898430286374
