molecularweight : 32373.915399999998
pI : 4.0500284194946286
netcharge : -37.258474771306126
aromaticity : 0.06185567010309278
gravy : -0.6549828178694157
instability : 32.582508591065306
