molecularweight : 64819.73640000013
pI : 8.669595527648926
netcharge : 7.876813403319659
aromaticity : 0.08994708994708994
gravy : -0.6028218694885353
instability : 41.89206349206349
