molecularweight : 37574.845200000025
pI : 6.138179206848144
netcharge : -2.1739220402471062
aromaticity : 0.12578616352201258
gravy : -0.17232704402515728
instability : 32.61037735849057
