molecularweight : 66470.10950000031
pI : 4.847763633728026
netcharge : -22.467290432641327
aromaticity : 0.10294117647058823
gravy : -0.12009803921568636
instability : 34.31900326797386
