molecularweight : 24961.389300000013
pI : 8.574698066711427
netcharge : 1.864115344598467
aromaticity : 0.0867579908675799
gravy : -0.2232876712328771
instability : 38.82511415525113
