molecularweight : 29716.609500000035
pI : 4.882890129089356
netcharge : -13.9768882672169
aromaticity : 0.12062256809338522
gravy : -0.2571984435797666
instability : 54.57708171206222
