molecularweight : 94182.99820000063
pI : 9.337616920471191
netcharge : 28.58317635755853
aromaticity : 0.06801909307875895
gravy : -0.46682577565632305
instability : 39.415632458233986
