molecularweight : 70593.94830000024
pI : 5.596333122253417
netcharge : -13.188764702053177
aromaticity : 0.10243902439024391
gravy : -0.2113821138211388
instability : 37.58276422764229
