molecularweight : 33636.029900000016
pI : 10.164617347717282
netcharge : 17.137123376190722
aromaticity : 0.05919003115264797
gravy : -0.29096573208722765
instability : 33.72523364485982
