molecularweight : 26091.98230000001
pI : 4.643313789367675
netcharge : -15.242279553069526
aromaticity : 0.12719298245614036
gravy : -0.45219298245614103
instability : 42.010964912280706
