molecularweight : 94607.23970000051
pI : 6.44954319000244
netcharge : -9.772921472346937
aromaticity : 0.10859188544152745
gravy : -0.5689737470167043
instability : 24.24844868735084
