molecularweight : 135976.06520000086
pI : 6.566290473937988
netcharge : -3.547646495534025
aromaticity : 0.07963118189438391
gravy : -0.17082984073763605
instability : 38.60544844928769
