molecularweight : 38830.73490000004
pI : 8.279948616027834
netcharge : 2.647310948756349
aromaticity : 0.09495548961424333
gravy : -0.36261127596439224
instability : 54.88664688427299
