molecularweight : 46074.714200000046
pI : 9.010697746276854
netcharge : 9.130424591619718
aromaticity : 0.13846153846153847
gravy : 0.2823076923076918
instability : 48.762333333333316
