molecularweight : 44443.256400000035
pI : 8.511261177062988
netcharge : 5.189274492735521
aromaticity : 0.1693121693121693
gravy : 0.16481481481481472
instability : 44.31992063492062
