molecularweight : 36608.021500000024
pI : 9.631721687316894
netcharge : 17.822557035870965
aromaticity : 0.0804953560371517
gravy : -0.32507739938080527
instability : 46.96625386996903
