molecularweight : 115924.8120000009
pI : 5.920088005065917
netcharge : -12.656268542386812
aromaticity : 0.0913604766633565
gravy : -0.3997020854021836
instability : 39.68631578947383
