molecularweight : 20158.161000000015
pI : 7.097337150573731
netcharge : 0.2064712897163723
aromaticity : 0.06818181818181818
gravy : -0.9403409090909094
instability : 79.90681818181818
