molecularweight : 254742.53580000083
pI : 6.237761116027832
netcharge : -15.68117341381668
aromaticity : 0.10471441523118767
gravy : -0.4407071622846789
instability : 43.069927470535255
