molecularweight : 40753.01350000007
pI : 9.860971260070801
netcharge : 13.494466697397243
aromaticity : 0.04043126684636118
gravy : -0.8021563342318055
instability : 51.10646900269543
