molecularweight : 51413.63550000006
pI : 5.473447227478027
netcharge : -12.394318519117945
aromaticity : 0.11790393013100436
gravy : -0.2045851528384281
instability : 30.724061135371183
