molecularweight : 12857.112799999977
pI : 11.267864799499513
netcharge : 12.503300868171177
aromaticity : 0.02608695652173913
gravy : -0.2034782608695653
instability : 24.443478260869558
