molecularweight : 13077.31559999999
pI : 10.075264167785644
netcharge : 9.484331347748368
aromaticity : 0.04878048780487805
gravy : 0.052032520325203314
instability : 29.183739837398363
