molecularweight : 62592.23000000016
pI : 9.030940818786618
netcharge : 10.384987151649042
aromaticity : 0.09618874773139746
gravy : -0.3386569872958261
instability : 45.17664246823961
