molecularweight : 14404.074399999983
pI : 8.895363807678223
netcharge : 2.196646609571032
aromaticity : 0.1328125
gravy : -0.22343749999999998
instability : 40.440625
