molecularweight : 22870.89740000001
pI : 6.116864585876464
netcharge : -2.133563817199697
aromaticity : 0.11707317073170732
gravy : -0.15658536585365868
instability : 25.525853658536573
