molecularweight : 61776.09600000007
pI : 5.862623786926269
netcharge : -4.98685797913847
aromaticity : 0.11228070175438597
gravy : 0.48578947368421116
instability : 41.41531578947371
