molecularweight : 82008.33389999997
pI : 5.658742332458496
netcharge : -19.233870446023303
aromaticity : 0.07201086956521739
gravy : -0.4842391304347828
instability : 69.59349184782634
