molecularweight : 45915.223
pI : 9.287009239196777
netcharge : 8.949199080649535
aromaticity : 0.03773584905660377
gravy : -0.7124999999999995
instability : 50.56582547169814
