molecularweight : 57430.18510000012
pI : 6.056331062316894
netcharge : -6.297875730734852
aromaticity : 0.09001956947162426
gravy : -0.3902152641878667
instability : 41.77318982387477
