molecularweight : 37683.67660000008
pI : 6.464435005187987
netcharge : -1.781994165876256
aromaticity : 0.07602339181286549
gravy : -0.081578947368421
instability : 37.309122807017545
