molecularweight : 31708.188600000027
pI : 4.937341880798338
netcharge : -17.78199368209441
aromaticity : 0.03754266211604096
gravy : -0.9604095563139933
instability : 49.21433447098974
