molecularweight : 18640.108600000003
pI : 5.148271369934081
netcharge : -7.072585832684455
aromaticity : 0.1464968152866242
gravy : -0.07961783439490439
instability : 33.158089171974524
