molecularweight : 52693.72120000013
pI : 6.428910636901855
netcharge : -2.561107164199072
aromaticity : 0.08705357142857142
gravy : -0.9868303571428557
instability : 36.87256696428571
