molecularweight : 16951.119199999983
pI : 5.162367439270017
netcharge : -3.46912125491529
aromaticity : 0.06
gravy : -0.5353333333333335
instability : 39.48266666666667
