molecularweight : 27837.836000000025
pI : 8.462652015686036
netcharge : 3.087262906729869
aromaticity : 0.04819277108433735
gravy : -0.22329317269076335
instability : 38.58393574297189
