molecularweight : 69315.82880000041
pI : 5.708874320983887
netcharge : -9.52821668704189
aromaticity : 0.055999999999999994
gravy : -0.3492799999999997
instability : 39.73280000000004
