molecularweight : 60244.14580000011
pI : 4.781091499328612
netcharge : -26.74616571669136
aromaticity : 0.0687732342007435
gravy : -0.22881040892193327
instability : 43.01063197026026
