molecularweight : 14015.574399999989
pI : 9.395638465881348
netcharge : 4.213749318518529
aromaticity : 0.14049586776859505
gravy : -0.6661157024793387
instability : 24.576859504132226
