molecularweight : 42640.17820000006
pI : 7.674423408508302
netcharge : 0.9171295343968566
aromaticity : 0.08378378378378379
gravy : -0.4651351351351352
instability : 45.48081081081081
