molecularweight : 27909.94530000003
pI : 9.890691184997557
netcharge : 16.193338277980473
aromaticity : 0.07755102040816327
gravy : -0.39387755102040883
instability : 26.837142857142844
