molecularweight : 59914.836900000235
pI : 5.47543659210205
netcharge : -14.186515398110885
aromaticity : 0.06716417910447761
gravy : -0.8291044776119393
instability : 47.525559701492604
