molecularweight : 33122.10810000008
pI : 7.330661201477051
netcharge : 1.099325737567085
aromaticity : 0.050335570469798654
gravy : -1.0322147651006717
instability : 52.00436241610737
