molecularweight : 25082.825300000022
pI : 4.884993171691894
netcharge : -11.267965840716265
aromaticity : 0.06976744186046512
gravy : -0.9916279069767445
instability : 60.85627906976743
