molecularweight : 20905.548300000006
pI : 9.3576021194458
netcharge : 5.788898345764721
aromaticity : 0.06779661016949153
gravy : -0.9344632768361584
instability : 56.32429378531072
