molecularweight : 71652.55410000028
pI : 9.21802806854248
netcharge : 16.655761380885238
aromaticity : 0.08892355694227769
gravy : -0.541965678627144
instability : 33.428127925117025
