molecularweight : 45839.80420000003
pI : 8.958542823791507
netcharge : 6.453311535909641
aromaticity : 0.14503816793893132
gravy : 0.08167938931297684
instability : 30.65221374045801
