molecularweight : 17545.34369999999
pI : 4.488370704650879
netcharge : -14.311641820909731
aromaticity : 0.0967741935483871
gravy : -0.3858064516129032
instability : 37.51677419354838
