molecularweight : 26033.376200000028
pI : 9.07639102935791
netcharge : 3.8196204734498274
aromaticity : 0.10176991150442477
gravy : -0.27212389380530994
instability : 45.622566371681415
