molecularweight : 23444.539500000024
pI : 10.114138603210446
netcharge : 19.1566194276381
aromaticity : 0.06763285024154589
gravy : -0.6434782608695656
instability : 28.351207729468594
