molecularweight : 38808.53940000006
pI : 6.8312170028686525
netcharge : -0.556089014737644
aromaticity : 0.06876790830945559
gravy : -0.20802292263610317
instability : 51.871060171919765
