molecularweight : 24298.589099999997
pI : 10.356217384338379
netcharge : 19.67344381222094
aromaticity : 0.08920187793427231
gravy : -0.6568075117370895
instability : 40.26009389671362
