molecularweight : 16971.293499999996
pI : 6.148637580871582
netcharge : -1.2962325022419456
aromaticity : 0.09868421052631579
gravy : -0.1611842105263158
instability : 38.44605263157894
