molecularweight : 90739.29780000083
pI : 8.997094917297364
netcharge : 17.266178896361218
aromaticity : 0.15326633165829145
gravy : 0.24195979899497477
instability : 46.78939698492481
