molecularweight : 103850.48620000089
pI : 5.175667762756347
netcharge : -27.077134574314286
aromaticity : 0.06874328678839957
gravy : -0.14371643394199823
instability : 28.51633727175092
