molecularweight : 20692.07509999998
pI : 9.999513816833495
netcharge : 13.589518928279103
aromaticity : 0.09782608695652174
gravy : -0.04402173913043485
instability : 44.155978260869574
