molecularweight : 68249.46310000018
pI : 6.109816551208495
netcharge : -6.26385175947479
aromaticity : 0.07407407407407407
gravy : -0.11433172302737532
instability : 38.7985668276973
