molecularweight : 21068.52680000001
pI : 4.593693351745605
netcharge : -16.332531471118408
aromaticity : 0.010752688172043012
gravy : -0.7150537634408602
instability : 57.493010752688164
