molecularweight : 22486.258100000006
pI : 9.17012805938721
netcharge : 4.530532642195013
aromaticity : 0.05527638190954774
gravy : -0.9547738693467339
instability : 30.649748743718593
