molecularweight : 54247.19250000012
pI : 4.899543952941894
netcharge : -24.140916286469434
aromaticity : 0.08333333333333334
gravy : -0.6354166666666656
instability : 52.84129166666678
