molecularweight : 46272.56390000001
pI : 6.106349372863768
netcharge : -4.6321869242009726
aromaticity : 0.08436724565756823
gravy : -0.2558312655086852
instability : 51.39779156327543
