molecularweight : 44964.060400000075
pI : 7.275697898864746
netcharge : 0.8708531217060589
aromaticity : 0.125
gravy : 0.0517499999999997
instability : 31.64107499999999
