molecularweight : 134363.46350000097
pI : 5.034195518493653
netcharge : -54.969772928543534
aromaticity : 0.030146425495262703
gravy : -1.0871662360034475
instability : 45.462618432386186
