molecularweight : 24105.280400000018
pI : 4.0500284194946286
netcharge : -42.387117394587456
aromaticity : 0.05581395348837209
gravy : -1.0999999999999992
instability : 52.44093023255812
