molecularweight : 80112.87850000049
pI : 5.936798667907715
netcharge : -7.357228924392238
aromaticity : 0.09324324324324325
gravy : 0.3382432432432431
instability : 38.64812162162177
