molecularweight : 79023.9151000003
pI : 4.65411319732666
netcharge : -55.65961945203652
aromaticity : 0.07050359712230217
gravy : -0.8578417266187035
instability : 48.88405755395694
