molecularweight : 35072.33070000004
pI : 8.976142692565919
netcharge : 6.118403573075668
aromaticity : 0.11333333333333334
gravy : -0.22333333333333327
instability : 52.72103333333332
