molecularweight : 123376.4232000006
pI : 6.355304145812987
netcharge : -6.426546125444929
aromaticity : 0.10185185185185186
gravy : -0.1237962962962966
instability : 40.34826851851873
