molecularweight : 66158.78610000023
pI : 6.059400367736816
netcharge : -7.177698196374649
aromaticity : 0.11379310344827587
gravy : -0.3222413793103451
instability : 43.83484482758633
