molecularweight : 49017.961700000094
pI : 4.440228080749511
netcharge : -19.239612209292403
aromaticity : 0.07543103448275862
gravy : -0.01853448275862076
instability : 27.483620689655176
