molecularweight : 40673.307000000044
pI : 9.409950447082519
netcharge : 10.868125160234122
aromaticity : 0.08403361344537816
gravy : -0.7686274509803916
instability : 55.587422969187664
