molecularweight : 85673.91110000043
pI : 5.9963090896606435
netcharge : -10.669879039572294
aromaticity : 0.08100929614873839
gravy : -0.39096945551128726
instability : 43.18579017264287
