molecularweight : 35279.61960000002
pI : 4.579654121398925
netcharge : -26.310738161352127
aromaticity : 0.06976744186046512
gravy : -1.0873754152823913
instability : 45.99700996677739
