molecularweight : 30631.792900000033
pI : 9.686133003234861
netcharge : 7.083826498342319
aromaticity : 0.032490974729241874
gravy : -0.909025270758123
instability : 73.95342960288808
