molecularweight : 20929.8746
pI : 10.029620552062987
netcharge : 16.279947089358537
aromaticity : 0.10270270270270271
gravy : -0.4632432432432431
instability : 34.36978378378378
