molecularweight : 223438.3494999998
pI : 5.624582099914551
netcharge : -33.97610114102645
aromaticity : 0.08442871587462084
gravy : -0.14726996966632852
instability : 48.283569261881006
