molecularweight : 19438.559800000017
pI : 6.1663713455200195
netcharge : -2.6577368857066723
aromaticity : 0.08771929824561403
gravy : -0.43391812865497076
instability : 33.312280701754375
