molecularweight : 42450.21719999999
pI : 4.98150577545166
netcharge : -15.919815837403291
aromaticity : 0.07377049180327869
gravy : -0.7866120218579232
instability : 49.67923497267759
