molecularweight : 129577.71090000085
pI : 5.486406517028808
netcharge : -28.208855264631524
aromaticity : 0.07080419580419581
gravy : -0.1603146853146852
instability : 38.191083916084104
