molecularweight : 28680.49040000002
pI : 9.684521293640138
netcharge : 13.304885687216284
aromaticity : 0.07377049180327869
gravy : -0.9065573770491797
instability : 41.467213114754095
