molecularweight : 24731.398300000033
pI : 10.356604194641111
netcharge : 31.872312247466287
aromaticity : 0.02830188679245283
gravy : -1.2896226415094336
instability : 53.23160377358489
