molecularweight : 76900.30850000042
pI : 8.706084632873537
netcharge : 9.189788808550077
aromaticity : 0.08092485549132947
gravy : -0.14725433526011575
instability : 41.925303468208206
