molecularweight : 41233.968499999966
pI : 9.01591968536377
netcharge : 7.736446801449873
aromaticity : 0.136986301369863
gravy : 0.28904109589041055
instability : 30.12879452054793
