molecularweight : 19391.4602
pI : 5.426100349426269
netcharge : -2.4622578100881753
aromaticity : 0.022727272727272728
gravy : -0.16647727272727275
instability : 29.302272727272715
