molecularweight : 28493.25609999999
pI : 4.825994300842285
netcharge : -4.506154307317214
aromaticity : 0.12878787878787878
gravy : -0.1625000000000001
instability : 59.44431818181816
