molecularweight : 24798.09400000002
pI : 5.292869758605956
netcharge : -7.05953266380671
aromaticity : 0.058823529411764705
gravy : -0.11764705882352937
instability : 43.19411764705881
