molecularweight : 31177.128100000005
pI : 9.06472225189209
netcharge : 7.861824526259085
aromaticity : 0.148014440433213
gravy : 0.2707581227436816
instability : 32.757797833935015
