molecularweight : 40014.51940000006
pI : 7.012306022644043
netcharge : 0.025789373908978064
aromaticity : 0.09826589595375723
gravy : -0.2621387283236995
instability : 54.57604046242773
