molecularweight : 30622.106500000053
pI : 5.480154228210449
netcharge : -7.834916340525552
aromaticity : 0.10077519379844961
gravy : -0.7523255813953486
instability : 39.59961240310077
