molecularweight : 87437.06670000046
pI : 8.8819543838501
netcharge : 14.893192298807065
aromaticity : 0.1135770234986945
gravy : -0.14151436031331616
instability : 39.161122715404744
