molecularweight : 90049.34860000064
pI : 5.67295207977295
netcharge : -12.336606441259335
aromaticity : 0.06658291457286433
gravy : -0.46432160804019995
instability : 53.0920854271359
