molecularweight : 48549.94630000001
pI : 5.177770805358886
netcharge : -11.031042091864933
aromaticity : 0.08391608391608392
gravy : -0.266899766899767
instability : 54.849883449883485
