molecularweight : 73890.63860000031
pI : 5.805045890808105
netcharge : -11.862534552822595
aromaticity : 0.09425625920471281
gravy : -0.20309278350515486
instability : 27.857304860088366
