molecularweight : 37263.43000000003
pI : 5.859838676452636
netcharge : -7.394927198995319
aromaticity : 0.09792284866468842
gravy : -0.4290801186943624
instability : 32.69821958456972
