molecularweight : 52914.40550000007
pI : 4.8990892410278315
netcharge : -17.155775240003223
aromaticity : 0.09719222462203023
gravy : -0.05118790496760252
instability : 28.654017278617708
