molecularweight : 193283.06740000116
pI : 5.177031898498535
netcharge : -61.098845466818375
aromaticity : 0.03554502369668247
gravy : -0.9609004739336552
instability : 48.87233412322311
