molecularweight : 111795.25970000091
pI : 6.188652229309082
netcharge : -10.02348704392854
aromaticity : 0.07874015748031496
gravy : -0.15688976377952799
instability : 42.337125984252175
