molecularweight : 27115.338600000006
pI : 8.871961784362792
netcharge : 3.1561333327476504
aromaticity : 0.08085106382978724
gravy : -0.7025531914893616
instability : 52.443914893617
