molecularweight : 97203.24750000049
pI : 6.194392967224121
netcharge : -7.660854614740373
aromaticity : 0.06455399061032864
gravy : -0.5269953051643186
instability : 49.41232394366215
