molecularweight : 32861.89130000005
pI : 9.039450645446777
netcharge : 4.418765917481551
aromaticity : 0.0736842105263158
gravy : -0.5926315789473683
instability : 38.70210526315788
