molecularweight : 17546.711099999993
pI : 5.89507884979248
netcharge : -1.4002694427793436
aromaticity : 0.05921052631578947
gravy : -0.7138157894736843
instability : 55.180986842105256
