molecularweight : 11437.269899999987
pI : 11.36289119720459
netcharge : 17.674182181177862
aromaticity : 0.058252427184466014
gravy : -0.48640776699029126
instability : 47.29708737864076
