molecularweight : 56688.87630000005
pI : 10.0584379196167
netcharge : 34.40485077016848
aromaticity : 0.10256410256410256
gravy : 0.09072978303747528
instability : 44.286607495069056
