molecularweight : 36689.69730000008
pI : 5.95174732208252
netcharge : -5.596644178117529
aromaticity : 0.09937888198757763
gravy : -0.1826086956521739
instability : 25.350621118012427
