molecularweight : 77173.0243000004
pI : 5.120136070251465
netcharge : -28.807254215789754
aromaticity : 0.08753709198813056
gravy : -0.680712166172106
instability : 53.49718100890224
