molecularweight : 40050.423700000065
pI : 5.965218162536622
netcharge : -3.1114621248849588
aromaticity : 0.062162162162162166
gravy : -0.13108108108108105
instability : 33.622972972972974
