molecularweight : 31705.50400000003
pI : 7.9322706222534185
netcharge : 1.486304872243526
aromaticity : 0.020338983050847456
gravy : -0.6691525423728816
instability : 54.860000000000014
