molecularweight : 155918.82260000036
pI : 5.504481315612792
netcharge : -29.975676427565475
aromaticity : 0.08717579250720461
gravy : -0.20662824207492772
instability : 37.88194524495703
