molecularweight : 67970.62750000018
pI : 6.357009315490722
netcharge : -6.9617527412551965
aromaticity : 0.07960199004975124
gravy : -0.785572139303482
instability : 53.68542288557229
