molecularweight : 40630.03010000003
pI : 9.40795192718506
netcharge : 12.004624198452888
aromaticity : 0.05785123966942149
gravy : -0.10247933884297523
instability : 43.19366391184571
