molecularweight : 35998.0471
pI : 5.938162803649903
netcharge : -2.3127998481865575
aromaticity : 0.08385093167701863
gravy : -0.162111801242236
instability : 41.01524844720497
