molecularweight : 19800.05680000001
pI : 5.000262641906737
netcharge : -7.2981835057256035
aromaticity : 0.11309523809523808
gravy : -0.8041666666666668
instability : 54.665535714285724
