molecularweight : 53693.782000000065
pI : 5.866716194152831
netcharge : -9.176232145335199
aromaticity : 0.11416490486257928
gravy : -0.12262156448202957
instability : 40.3228329809725
