molecularweight : 12353.154099999983
pI : 9.822612571716306
netcharge : 7.66427064850396
aromaticity : 0.09523809523809523
gravy : -0.5447619047619048
instability : 39.1342857142857
