molecularweight : 14594.80659999998
pI : 9.86245403289795
netcharge : 6.850659776850993
aromaticity : 0.07692307692307693
gravy : -0.1061538461538461
instability : 27.41384615384615
