molecularweight : 124923.84990000076
pI : 5.927874946594237
netcharge : -16.02948118043247
aromaticity : 0.11900369003690037
gravy : -0.5061808118081162
instability : 31.447444649446698
