molecularweight : 38622.97880000003
pI : 5.758381080627441
netcharge : -6.746150932534555
aromaticity : 0.061111111111111116
gravy : 0.07416666666666659
instability : 25.695277777777772
