molecularweight : 14473.387399999987
pI : 10.741544914245605
netcharge : 16.664544710760545
aromaticity : 0.10236220472440945
gravy : -0.8078740157480321
instability : 42.60708661417322
