molecularweight : 21256.909699999993
pI : 9.800306510925292
netcharge : 14.594129352881964
aromaticity : 0.08196721311475409
gravy : -1.2333333333333336
instability : 44.54918032786886
