molecularweight : 38703.02390000003
pI : 4.790867805480957
netcharge : -15.145294077271132
aromaticity : 0.10240963855421686
gravy : -0.1867469879518073
instability : 45.83888554216867
