molecularweight : 84246.37730000041
pI : 6.481373023986817
netcharge : -3.149339657356961
aromaticity : 0.0873015873015873
gravy : -0.191931216931217
instability : 52.6002910052912
