molecularweight : 32356.412900000032
pI : 4.7191370010375975
netcharge : -20.210149097093648
aromaticity : 0.04626334519572954
gravy : -1.0028469750889677
instability : 66.41601423487545
