molecularweight : 42989.67140000002
pI : 4.610745048522949
netcharge : -34.783971476418216
aromaticity : 0.08991825613079019
gravy : -0.8787465940054493
instability : 41.88177111716619
