molecularweight : 64336.954400000184
pI : 5.204200935363769
netcharge : -22.357909919380063
aromaticity : 0.08333333333333333
gravy : -1.2552536231884068
instability : 50.175561594202996
