molecularweight : 36748.92200000009
pI : 9.247747993469236
netcharge : 8.643107728359169
aromaticity : 0.03592814371257485
gravy : -0.8359281437125746
instability : 56.5958083832335
