molecularweight : 65820.28350000028
pI : 7.056810951232909
netcharge : 0.37267228411106146
aromaticity : 0.03409090909090909
gravy : -1.3017857142857128
instability : 36.894334415584474
