molecularweight : 35264.634200000015
pI : 4.884879493713378
netcharge : -17.7378104866809
aromaticity : 0.042071197411003236
gravy : -0.8110032362459547
instability : 63.57055016181229
