molecularweight : 110013.80510000112
pI : 5.796520042419433
netcharge : -15.579831499912274
aromaticity : 0.0736949846468782
gravy : -0.6840327533265075
instability : 45.64872057318345
