molecularweight : 37874.14880000004
pI : 5.184477806091308
netcharge : -9.943351949828873
aromaticity : 0.09580838323353294
gravy : -0.38443113772455123
instability : 33.69341317365269
