molecularweight : 75912.44530000033
pI : 8.891753578186037
netcharge : 10.839738457488053
aromaticity : 0.06794682422451995
gravy : -0.3381093057607083
instability : 46.48892171344179
