molecularweight : 18446.48589999999
pI : 6.05229549407959
netcharge : -1.342695099138881
aromaticity : 0.15757575757575756
gravy : 0.8678787878787884
instability : 35.08975757575756
