molecularweight : 72635.65660000031
pI : 9.364887046813966
netcharge : 22.25866084828408
aromaticity : 0.0779816513761468
gravy : -0.6562691131498466
instability : 45.422935779816626
