molecularweight : 28718.199000000033
pI : 4.538332176208496
netcharge : -8.443692866047595
aromaticity : 0.16269841269841268
gravy : 0.6222222222222223
instability : 41.15916666666666
