molecularweight : 94917.26640000063
pI : 5.8013513565063475
netcharge : -13.721183652875268
aromaticity : 0.06984866123399303
gravy : -0.3265424912689168
instability : 38.71281722933662
