molecularweight : 19086.417200000004
pI : 4.923643684387206
netcharge : -5.40767060953403
aromaticity : 0.1111111111111111
gravy : -0.19649122807017544
instability : 35.19181286549706
