molecularweight : 24569.213000000014
pI : 9.885533714294432
netcharge : 21.867164397480643
aromaticity : 0.037383177570093455
gravy : -1.183644859813084
instability : 31.69205607476636
