molecularweight : 88859.5536000004
pI : 9.33420009613037
netcharge : 11.245432024042458
aromaticity : 0.04714640198511166
gravy : -1.1589330024813924
instability : 66.89169975186145
