molecularweight : 19432.344699999998
pI : 9.457528114318851
netcharge : 7.77673695318434
aromaticity : 0.06285714285714286
gravy : -0.35428571428571426
instability : 37.95314285714286
