molecularweight : 35489.74850000002
pI : 5.380515480041503
netcharge : -8.00061513560491
aromaticity : 0.06050955414012739
gravy : -0.5484076433121017
instability : 49.30512738853501
