molecularweight : 71481.1438000004
pI : 6.433628273010252
netcharge : -3.2118438087514534
aromaticity : 0.078125
gravy : -0.6201562499999987
instability : 50.67954687500016
