molecularweight : 51655.120900000074
pI : 4.857653617858887
netcharge : -30.476010048408455
aromaticity : 0.05518763796909492
gravy : -1.0735099337748317
instability : 55.0474613686535
