molecularweight : 49662.40230000013
pI : 6.511554527282715
netcharge : -2.3917023174784973
aromaticity : 0.08275862068965517
gravy : -0.8822988505747115
instability : 50.41632183908052
