molecularweight : 35298.01270000004
pI : 5.883085823059082
netcharge : -5.706540230919941
aromaticity : 0.07419354838709677
gravy : -0.7538709677419351
instability : 37.01290322580644
