molecularweight : 12312.552799999989
pI : 9.467971992492679
netcharge : 5.592470474415769
aromaticity : 0.0761904761904762
gravy : -1.4200000000000002
instability : 40.66571428571427
