molecularweight : 128183.98180000088
pI : 7.067951393127441
netcharge : 0.5533479918783115
aromaticity : 0.10286225402504473
gravy : -0.19275491949910545
instability : 30.888041144901713
