molecularweight : 26689.129799999995
pI : 4.0500284194946286
netcharge : -26.225799173213183
aromaticity : 0.09163346613545817
gravy : -0.03346613545816731
instability : 36.196055776892415
