molecularweight : 63044.01170000019
pI : 5.664653587341309
netcharge : -9.565445750649914
aromaticity : 0.07317073170731708
gravy : -0.22613240418118524
instability : 39.08660278745647
