molecularweight : 16488.727899999983
pI : 10.029040336608887
netcharge : 12.515459133855021
aromaticity : 0.026490066225165563
gravy : -0.811920529801325
instability : 24.75629139072847
