molecularweight : 85191.8548000005
pI : 7.335719871520996
netcharge : 1.4626919674922192
aromaticity : 0.13866666666666666
gravy : 0.01733333333333323
instability : 32.66068000000004
