molecularweight : 32840.1305
pI : 6.66109790802002
netcharge : -0.8784087767979827
aromaticity : 0.09863945578231292
gravy : -0.19047619047619066
instability : 28.672823129251707
