molecularweight : 75021.8746000003
pI : 4.849525642395019
netcharge : -35.4505793573302
aromaticity : 0.06060606060606061
gravy : -0.6859090909090895
instability : 43.98395454545462
