molecularweight : 27016.013500000012
pI : 9.192498588562014
netcharge : 5.853394092299194
aromaticity : 0.0823045267489712
gravy : -0.10000000000000007
instability : 37.08312757201646
