molecularweight : 43392.28810000009
pI : 9.97159900665283
netcharge : 24.23182952818437
aromaticity : 0.096
gravy : -0.5712000000000002
instability : 55.53711999999999
