molecularweight : 59506.79680000003
pI : 4.7902425765991214
netcharge : -22.766963544562223
aromaticity : 0.11900191938579655
gravy : 0.08042226487523987
instability : 38.03109404990403
