molecularweight : 21367.6149
pI : 7.787216758728027
netcharge : 0.599258159050919
aromaticity : 0.13368983957219252
gravy : -0.4144385026737967
instability : 41.72727272727272
