molecularweight : 36447.31050000001
pI : 5.280535697937012
netcharge : -7.12871905683479
aromaticity : 0.07017543859649122
gravy : 0.07280701754385976
instability : 23.049999999999983
