molecularweight : 60236.10830000013
pI : 6.1047578811645495
netcharge : -6.226320418631033
aromaticity : 0.09788867562380038
gravy : -0.5792706333973123
instability : 36.75662188099806
