molecularweight : 34907.3609
pI : 6.323531150817872
netcharge : -1.9405201225135968
aromaticity : 0.05089820359281437
gravy : 0.0008982035928144785
instability : 27.825748502994013
