molecularweight : 347223.204700003
pI : 5.519884681701659
netcharge : -68.12442167882762
aromaticity : 0.09598432908912831
gravy : -0.14267058439438282
instability : 37.17941887038883
