molecularweight : 21468.579300000027
pI : 10.266219520568846
netcharge : 11.21575266443082
aromaticity : 0.041666666666666664
gravy : -0.8760416666666667
instability : 62.178645833333334
