molecularweight : 78193.52230000043
pI : 6.755052757263184
netcharge : -1.1843422413040514
aromaticity : 0.09037900874635568
gravy : -0.3415451895043736
instability : 30.817798833819257
