molecularweight : 58432.34670000005
pI : 5.193060493469236
netcharge : -15.601560556541422
aromaticity : 0.0838095238095238
gravy : -0.31619047619047624
instability : 27.967428571428574
