molecularweight : 26964.141700000033
pI : 9.61431522369385
netcharge : 9.748639452799432
aromaticity : 0.1610169491525424
gravy : 0.2588983050847456
instability : 38.98610169491525
