molecularweight : 56422.59050000012
pI : 6.050306129455566
netcharge : -3.0747899633412814
aromaticity : 0.10039370078740158
gravy : -0.5604330708661424
instability : 50.976988188976456
