molecularweight : 28097.472600000005
pI : 5.643509483337403
netcharge : -5.879039477432347
aromaticity : 0.1306122448979592
gravy : -0.3942857142857147
instability : 37.939632653061224
