molecularweight : 84239.6611000004
pI : 5.970106315612793
netcharge : -9.131656037741948
aromaticity : 0.10752688172043011
gravy : -0.35026881720430103
instability : 31.30551075268821
