molecularweight : 11498.392299999985
pI : 9.801402473449706
netcharge : 4.928376599029054
aromaticity : 0.06796116504854369
gravy : -0.09126213592233029
instability : 61.34854368932037
