molecularweight : 30266.430500000002
pI : 7.699091529846191
netcharge : 1.1103425288537814
aromaticity : 0.06985294117647059
gravy : -0.13345588235294112
instability : 20.532720588235286
