molecularweight : 61051.2622000001
pI : 8.311022377014162
netcharge : 4.660892255636547
aromaticity : 0.10496183206106871
gravy : -0.4599236641221374
instability : 38.34219465648856
