molecularweight : 17580.538899999992
pI : 9.361405754089354
netcharge : 6.125448967029747
aromaticity : 0.08805031446540881
gravy : -0.7641509433962271
instability : 25.53849056603773
