molecularweight : 33531.20430000005
pI : 4.6399034500122065
netcharge : -18.123917036633387
aromaticity : 0.140893470790378
gravy : -0.35498281786941593
instability : 36.384570446735395
