molecularweight : 63014.97120000016
pI : 5.556830024719238
netcharge : -6.071284422550008
aromaticity : 0.15630550621669625
gravy : 0.3591474245115454
instability : 29.964333925399636
