molecularweight : 89649.84170000043
pI : 4.547028541564941
netcharge : -56.0858158040586
aromaticity : 0.13231552162849872
gravy : -0.5227735368956739
instability : 34.76889312977105
