molecularweight : 27493.738900000004
pI : 5.9130968093872065
netcharge : -4.793459533850786
aromaticity : 0.1056910569105691
gravy : -0.5178861788617891
instability : 30.8410569105691
