molecularweight : 32457.853300000035
pI : 6.893853569030762
netcharge : -0.37145080528991414
aromaticity : 0.1013986013986014
gravy : -0.13146853146853152
instability : 43.79269230769231
