molecularweight : 84072.52540000033
pI : 5.476687049865721
netcharge : -23.290456724777954
aromaticity : 0.07496653279785809
gravy : -0.7803212851405635
instability : 61.643507362784746
