molecularweight : 25916.784000000025
pI : 5.726778602600098
netcharge : -4.078803498749455
aromaticity : 0.10964912280701754
gravy : 0.15219298245614027
instability : 31.820175438596486
