molecularweight : 23204.74240000001
pI : 9.600132179260253
netcharge : 8.590936631828342
aromaticity : 0.13131313131313133
gravy : -0.15505050505050508
instability : 51.271767676767666
