molecularweight : 86170.99360000055
pI : 5.848243522644043
netcharge : -9.343890891751187
aromaticity : 0.07313997477931905
gravy : -0.2721311475409836
instability : 31.169873896595263
