molecularweight : 34642.17250000004
pI : 8.50030155181885
netcharge : 3.423776472378467
aromaticity : 0.125
gravy : 0.43059210526315744
instability : 30.786546052631575
