molecularweight : 61060.03430000015
pI : 8.405146217346196
netcharge : 3.772354195027532
aromaticity : 0.08037383177570093
gravy : -0.4538317757009346
instability : 62.3192897196263
