molecularweight : 85529.28360000049
pI : 5.624752616882325
netcharge : -13.352175204956424
aromaticity : 0.04336399474375821
gravy : -0.6272010512483561
instability : 46.23929040735888
