molecularweight : 35023.812300000034
pI : 8.07300510406494
netcharge : 2.3284272914519306
aromaticity : 0.10299003322259136
gravy : -0.31561461794019946
instability : 40.23388704318937
