molecularweight : 14323.696699999979
pI : 10.449116325378416
netcharge : 15.937501425332893
aromaticity : 0.03787878787878788
gravy : -0.26818181818181813
instability : 36.61439393939393
