molecularweight : 82095.26040000046
pI : 7.780383110046388
netcharge : 3.394139425266218
aromaticity : 0.10167130919220055
gravy : -0.05125348189415036
instability : 42.845988857938856
