molecularweight : 41704.380799999984
pI : 6.088956642150878
netcharge : -9.437859984384954
aromaticity : 0.07258064516129033
gravy : -0.9381720430107516
instability : 43.74005376344086
