molecularweight : 11851.496799999997
pI : 6.333648490905762
netcharge : -2.612526600685893
aromaticity : 0.08849557522123894
gravy : -1.0477876106194695
instability : 37.078761061946885
