molecularweight : 107143.5016000007
pI : 7.982104682922363
netcharge : 3.674125271963092
aromaticity : 0.06380753138075314
gravy : -0.6538702928870281
instability : 57.01653765690404
