molecularweight : 68904.1840000003
pI : 5.1205339431762695
netcharge : -22.94426967672173
aromaticity : 0.06634304207119741
gravy : -0.25938511326860814
instability : 35.94288025889969
