molecularweight : 80971.3185000005
pI : 5.982554054260253
netcharge : -10.603322693458182
aromaticity : 0.08603667136812412
gravy : -0.4867418899858934
instability : 59.932863187588396
