molecularweight : 58338.082500000266
pI : 9.55983943939209
netcharge : 25.35771902521857
aromaticity : 0.06862745098039216
gravy : -0.8519607843137256
instability : 60.72119607843158
