molecularweight : 84187.1661000005
pI : 6.908574867248535
netcharge : -0.35607149489928247
aromaticity : 0.054758800521512385
gravy : -0.325162972620599
instability : 44.99843546284239
