molecularweight : 14712.068799999985
pI : 7.932979774475099
netcharge : 1.0187836479265835
aromaticity : 0.09230769230769231
gravy : 0.3299999999999998
instability : 50.990076923076906
