molecularweight : 51581.83850000004
pI : 5.51778163909912
netcharge : -9.687436760068145
aromaticity : 0.07641921397379914
gravy : -0.4074235807860263
instability : 42.9853711790393
