molecularweight : 40573.465200000064
pI : 5.613043785095214
netcharge : -6.933117782409177
aromaticity : 0.09264305177111717
gravy : -0.284196185286104
instability : 32.934877384196184
