molecularweight : 73196.10660000035
pI : 5.853415870666503
netcharge : -12.63782561537424
aromaticity : 0.13210445468509985
gravy : 0.17695852534562198
instability : 32.99310291858681
