molecularweight : 15605.265099999979
pI : 5.302077674865722
netcharge : -3.3784935858316736
aromaticity : 0.05673758865248227
gravy : -0.6106382978723404
instability : 46.70709219858155
