molecularweight : 27824.53660000005
pI : 4.8795366287231445
netcharge : -14.00526251561265
aromaticity : 0.04081632653061225
gravy : -0.8587755102040815
instability : 35.18371428571427
