molecularweight : 70312.89510000034
pI : 9.152012443542482
netcharge : 11.352637527125907
aromaticity : 0.115625
gravy : 0.3551562500000009
instability : 29.461578124999992
