molecularweight : 28087.02870000002
pI : 9.315826606750488
netcharge : 5.969984168152116
aromaticity : 0.0653061224489796
gravy : -0.9938775510204082
instability : 55.21265306122449
