molecularweight : 31388.302400000037
pI : 9.278821754455567
netcharge : 5.197960208014704
aromaticity : 0.17883211678832117
gravy : 0.6656934306569344
instability : 29.33430656934306
