molecularweight : 151560.2892000002
pI : 8.841532707214355
netcharge : 18.594590062669
aromaticity : 0.09480812641083522
gravy : -0.42934537246049537
instability : 38.63927765237044
