molecularweight : 55470.28630000009
pI : 8.435833168029788
netcharge : 4.251604845931752
aromaticity : 0.13704496788008566
gravy : -0.33383297644539583
instability : 38.65012847965737
