molecularweight : 58573.73420000009
pI : 4.360426139831543
netcharge : -36.90607128561333
aromaticity : 0.127134724857685
gravy : -0.3017077798861481
instability : 34.40893738140417
