molecularweight : 160214.94539999924
pI : 4.0500284194946286
netcharge : -228.24569019133384
aromaticity : 0.07937584803256445
gravy : -0.46329715061058496
instability : 59.68503392130305
