molecularweight : 18785.4586
pI : 5.404956245422363
netcharge : -2.4057238255019726
aromaticity : 0.10526315789473684
gravy : 0.13742690058479534
instability : 19.304678362573096
