molecularweight : 134339.94920000056
pI : 6.17307834625244
netcharge : -10.215060076304198
aromaticity : 0.10521885521885521
gravy : -0.2574915824915818
instability : 49.02797138047166
