molecularweight : 11829.731699999993
pI : 6.902606773376465
netcharge : -0.14047233255408642
aromaticity : 0.06796116504854369
gravy : -0.009708737864077567
instability : 33.119417475728135
