molecularweight : 13650.845999999983
pI : 10.629369926452636
netcharge : 16.694349574100904
aromaticity : 0.025641025641025644
gravy : -0.8940170940170942
instability : 62.699145299145286
