molecularweight : 36984.57350000004
pI : 9.05498752593994
netcharge : 3.5650814276805676
aromaticity : 0.059748427672955975
gravy : -0.6946540880503143
instability : 65.17138364779876
