molecularweight : 36030.35290000003
pI : 9.664987373352051
netcharge : 12.659301397114092
aromaticity : 0.0950920245398773
gravy : -0.00490797546012267
instability : 31.10828220858896
