molecularweight : 99040.13390000061
pI : 6.73879680633545
netcharge : -1.1997516828194819
aromaticity : 0.10585585585585586
gravy : 0.03209459459459441
instability : 37.90676801801812
