molecularweight : 31983.936500000033
pI : 10.068817329406738
netcharge : 10.970021771682362
aromaticity : 0.0706713780918728
gravy : 0.004946996466431084
instability : 50.263250883392224
