molecularweight : 73776.2266000002
pI : 7.565974617004396
netcharge : 1.3458339502739989
aromaticity : 0.07541478129713425
gravy : -0.7455505279034663
instability : 45.89895927601827
