molecularweight : 13590.04299999999
pI : 4.558680534362794
netcharge : -12.055321497098603
aromaticity : 0.16814159292035397
gravy : -0.5194690265486727
instability : 45.14070796460176
