molecularweight : 27001.52310000001
pI : 5.202041053771972
netcharge : -5.3110267176386685
aromaticity : 0.061224489795918366
gravy : -0.279183673469388
instability : 45.808571428571426
