molecularweight : 91159.8310000005
pI : 4.877092552185059
netcharge : -38.1556119759999
aromaticity : 0.09323116219667943
gravy : -0.3122605363984669
instability : 32.700651340996224
