molecularweight : 29363.571100000005
pI : 9.72281551361084
netcharge : 14.75241467019043
aromaticity : 0.05405405405405406
gravy : -0.5980694980694983
instability : 46.510810810810796
