molecularweight : 86460.58960000044
pI : 9.066269493103025
netcharge : 17.414262180660067
aromaticity : 0.1529255319148936
gravy : -0.026329787234042796
instability : 33.78529255319154
