molecularweight : 15341.527199999986
pI : 10.001125526428222
netcharge : 11.755503580504401
aromaticity : 0.08029197080291971
gravy : -0.6036496350364967
instability : 42.8868613138686
