molecularweight : 82885.23670000053
pI : 6.1833093643188475
netcharge : -6.909612270368115
aromaticity : 0.07085561497326202
gravy : -0.5073529411764693
instability : 53.754278074866534
