molecularweight : 30184.328600000023
pI : 8.757659339904787
netcharge : 4.072268038920971
aromaticity : 0.16666666666666669
gravy : 0.7193181818181822
instability : 48.203522727272734
