molecularweight : 54686.7572000001
pI : 8.907354927062986
netcharge : 6.412811822203281
aromaticity : 0.08249496981891348
gravy : -0.2792756539235417
instability : 29.843661971830983
