molecularweight : 52356.18010000004
pI : 6.302159690856934
netcharge : -4.24345615696793
aromaticity : 0.06378600823045268
gravy : -0.16584362139917724
instability : 27.648765432098752
