molecularweight : 13648.728299999988
pI : 6.721972465515138
netcharge : -0.320438076879487
aromaticity : 0.1056910569105691
gravy : 0.2162601626016261
instability : 33.66829268292682
