molecularweight : 21883.609499999995
pI : 6.521728706359863
netcharge : -1.0601380402832348
aromaticity : 0.06632653061224489
gravy : -0.41632653061224495
instability : 44.15408163265307
