molecularweight : 31143.10860000005
pI : 4.389755058288575
netcharge : -23.98376883107755
aromaticity : 0.06028368794326241
gravy : -0.49042553191489363
instability : 58.29861702127659
