molecularweight : 81610.35900000046
pI : 6.046270561218263
netcharge : -8.855843686279925
aromaticity : 0.06933333333333333
gravy : -0.01653333333333331
instability : 38.631480000000174
