molecularweight : 148684.20170000102
pI : 7.330035972595215
netcharge : 1.6725527906234845
aromaticity : 0.08895705521472393
gravy : -0.431671779141103
instability : 44.22478527607386
