molecularweight : 34152.08939999999
pI : 6.617331886291503
netcharge : -0.9945821086138906
aromaticity : 0.06040268456375839
gravy : -0.24664429530201357
instability : 44.908389261744965
