molecularweight : 32018.70480000001
pI : 10.855718421936036
netcharge : 31.02045126689151
aromaticity : 0.06338028169014084
gravy : -0.46584507042253587
instability : 39.16341549295774
