molecularweight : 299748.60510000127
pI : 6.435901832580566
netcharge : -15.111788478628227
aromaticity : 0.10725190839694657
gravy : -0.06038167938931245
instability : 43.720374045801826
