molecularweight : 49159.07040000008
pI : 9.595297050476074
netcharge : 19.761029976000433
aromaticity : 0.11395348837209301
gravy : 0.09255813953488357
instability : 47.727697674418586
