molecularweight : 21199.754699999987
pI : 4.657921409606933
netcharge : -6.301106559872543
aromaticity : 0.032407407407407406
gravy : 0.22916666666666646
instability : 54.22412037037036
