molecularweight : 55538.066100000084
pI : 6.212354087829589
netcharge : -3.640363575682926
aromaticity : 0.11156186612576065
gravy : -0.4787018255578096
instability : 35.95395537525354
