molecularweight : 119420.39950000077
pI : 5.509028434753417
netcharge : -26.095760708623104
aromaticity : 0.10842207163601161
gravy : -0.2527589545014518
instability : 39.36283639883853
