molecularweight : 36998.6958
pI : 7.736605262756348
netcharge : 1.2829750641777444
aromaticity : 0.1253822629969419
gravy : 0.25840978593272174
instability : 33.37217125382263
