molecularweight : 41540.58690000003
pI : 8.217801094055176
netcharge : 3.1361451498420223
aromaticity : 0.14166666666666666
gravy : 0.036666666666666466
instability : 35.08230555555556
