molecularweight : 56489.39140000003
pI : 5.870353889465331
netcharge : -6.648492960608486
aromaticity : 0.11530815109343936
gravy : 0.39304174950298204
instability : 32.881510934393624
