molecularweight : 18904.931900000007
pI : 4.335814857482911
netcharge : -18.092208735434934
aromaticity : 0.059880239520958084
gravy : -0.48383233532934145
instability : 31.316766467065854
