molecularweight : 39404.27130000001
pI : 5.805500602722168
netcharge : -5.017405034072155
aromaticity : 0.1092436974789916
gravy : -0.34733893557423
instability : 27.748739495798322
