molecularweight : 36134.814000000035
pI : 5.877856636047363
netcharge : -5.6782286605916426
aromaticity : 0.10344827586206896
gravy : -0.21379310344827618
instability : 33.883761755485885
