molecularweight : 19204.3718
pI : 6.180467414855956
netcharge : -2.066741521558841
aromaticity : 0.05847953216374269
gravy : -0.477777777777778
instability : 62.05438596491226
