molecularweight : 41467.669200000026
pI : 5.526023292541503
netcharge : -10.322593762064578
aromaticity : 0.10614525139664804
gravy : -0.4405027932960898
instability : 30.33212290502794
