molecularweight : 60587.67350000003
pI : 4.6054590225219725
netcharge : -27.956506759904926
aromaticity : 0.07421150278293136
gravy : 0.014285714285714308
instability : 38.75920222634507
