molecularweight : 38059.85160000005
pI : 8.385032081604006
netcharge : 2.379729002922055
aromaticity : 0.11815561959654179
gravy : -0.006628242074928112
instability : 43.34414985590779
