molecularweight : 39978.944300000025
pI : 5.993921852111816
netcharge : -3.934232611525182
aromaticity : 0.09798270893371758
gravy : -0.5293948126801155
instability : 40.7037463976945
