molecularweight : 84966.51450000046
pI : 6.8175756454467775
netcharge : -1.013691957336178
aromaticity : 0.09733333333333334
gravy : -0.4535999999999994
instability : 44.49632000000013
