molecularweight : 20680.489599999994
pI : 6.331261253356933
netcharge : -1.2361268012036213
aromaticity : 0.08888888888888889
gravy : -0.5422222222222225
instability : 49.81999999999999
