molecularweight : 72341.1546000003
pI : 6.461706733703613
netcharge : -4.423247230425034
aromaticity : 0.09779179810725552
gravy : -0.43501577287066157
instability : 50.53929022082033
