molecularweight : 40735.79530000003
pI : 5.06591167449951
netcharge : -16.02902368808256
aromaticity : 0.05219780219780221
gravy : -1.0288461538461529
instability : 52.475851648351664
