molecularweight : 20296.124600000003
pI : 10.074297142028808
netcharge : 9.028398773792834
aromaticity : 0.040462427745664734
gravy : -0.5843930635838154
instability : 59.2028901734104
