molecularweight : 44403.21360000008
pI : 8.673076820373538
netcharge : 4.452940355205854
aromaticity : 0.0979381443298969
gravy : -0.3438144329896913
instability : 48.88092783505155
