molecularweight : 17589.843800000002
pI : 9.240011787414549
netcharge : 4.5880341061963215
aromaticity : 0.07236842105263158
gravy : -0.7276315789473686
instability : 52.57236842105261
