molecularweight : 24512.448
pI : 5.003104591369628
netcharge : -11.094620450665147
aromaticity : 0.047619047619047616
gravy : -0.8004761904761903
instability : 42.92047619047618
