molecularweight : 13895.850799999977
pI : 10.364211463928221
netcharge : 10.772516456984455
aromaticity : 0.03076923076923077
gravy : -0.3346153846153846
instability : 59.39999999999999
