molecularweight : 63348.59490000016
pI : 6.791429710388183
netcharge : -0.6885208110319851
aromaticity : 0.12847222222222224
gravy : 0.33906250000000027
instability : 29.318767361111107
