molecularweight : 54890.08650000005
pI : 7.290703392028808
netcharge : 0.9991342762033284
aromaticity : 0.08097165991902834
gravy : -0.32469635627530424
instability : 35.02307692307693
