molecularweight : 32936.193200000016
pI : 5.90934543609619
netcharge : -5.611226506953738
aromaticity : 0.07792207792207792
gravy : 0.059090909090909124
instability : 24.994805194805174
