molecularweight : 19281.34070000001
pI : 10.002350425720216
netcharge : 9.580678164131852
aromaticity : 0.10674157303370786
gravy : 0.3601123595505617
instability : 27.159550561797737
