molecularweight : 114042.71970000077
pI : 6.505643272399902
netcharge : -4.95799410958162
aromaticity : 0.10462776659959759
gravy : -0.7676056338028148
instability : 53.01913480885343
