molecularweight : 126287.0870000007
pI : 5.5934343338012695
netcharge : -23.1844572709455
aromaticity : 0.11251125112511251
gravy : 0.18793879387938825
instability : 42.495256525652806
