molecularweight : 26068.986200000007
pI : 4.996795463562011
netcharge : -8.381635216652693
aromaticity : 0.07555555555555556
gravy : -0.8808888888888886
instability : 72.76755555555557
