molecularweight : 70785.81040000023
pI : 5.655957221984862
netcharge : -12.244277924699546
aromaticity : 0.1103896103896104
gravy : -0.3430194805194803
instability : 37.052110389610405
