molecularweight : 17794.884399999995
pI : 4.8915864944458
netcharge : -5.464745189513813
aromaticity : 0.07643312101910828
gravy : -0.45796178343949057
instability : 43.81146496815286
