molecularweight : 50388.20340000005
pI : 5.090011405944824
netcharge : -15.497132486579794
aromaticity : 0.09772727272727273
gravy : -0.42909090909090924
instability : 45.358431818181806
