molecularweight : 19965.206400000006
pI : 4.38907299041748
netcharge : -15.423979772624428
aromaticity : 0.1656441717791411
gravy : -0.7717791411042947
instability : 50.87061349693253
