molecularweight : 27982.080199999997
pI : 9.079549980163574
netcharge : 4.6966189890688455
aromaticity : 0.09090909090909091
gravy : -0.916115702479339
instability : 54.02809917355372
