molecularweight : 58227.50250000005
pI : 6.305342674255372
netcharge : -3.5069626015852435
aromaticity : 0.15257731958762888
gravy : -0.2632989690721653
instability : 33.15447422680412
