molecularweight : 33298.287800000035
pI : 6.825646781921387
netcharge : -0.561628476005648
aromaticity : 0.1872791519434629
gravy : 0.3007067137809182
instability : 42.04491166077738
