molecularweight : 26625.1704
pI : 8.366271781921387
netcharge : 2.6203577945714756
aromaticity : 0.14798206278026907
gravy : -1.813452914798207
instability : 54.486995515695064
