molecularweight : 31562.236300000022
pI : 5.471116828918457
netcharge : -4.270553594578217
aromaticity : 0.09246575342465753
gravy : -0.06335616438356158
instability : 31.409931506849315
