molecularweight : 122090.55470000091
pI : 5.137983512878416
netcharge : -39.41052100903849
aromaticity : 0.061355311355311346
gravy : -0.4673992673992654
instability : 50.32536630036648
