molecularweight : 52591.67060000007
pI : 5.699495887756348
netcharge : -6.818558394222187
aromaticity : 0.11930585683297182
gravy : -0.475704989154013
instability : 38.80160520607375
