molecularweight : 32214.50990000003
pI : 9.714047813415526
netcharge : 13.855373616381094
aromaticity : 0.08741258741258742
gravy : 0.06888111888111884
instability : 25.869230769230768
