molecularweight : 16201.624999999993
pI : 9.948777198791504
netcharge : 8.482712188689906
aromaticity : 0.16551724137931034
gravy : 0.16206896551724134
instability : 41.44903448275861
