molecularweight : 36742.951700000085
pI : 8.920635414123538
netcharge : 3.1674474839698803
aromaticity : 0.0547112462006079
gravy : -1.0896656534954405
instability : 72.58610942249246
