molecularweight : 97871.18220000072
pI : 8.032647895812985
netcharge : 3.0952230467316184
aromaticity : 0.12630359212050984
gravy : 0.1330243337195829
instability : 42.473615295481025
