molecularweight : 47609.33379999999
pI : 5.314695930480957
netcharge : -14.548636071477127
aromaticity : 0.07317073170731708
gravy : -0.640487804878049
instability : 27.05758536585366
