molecularweight : 52920.83840000004
pI : 8.952289390563966
netcharge : 10.331541801208111
aromaticity : 0.06290672451193058
gravy : -0.6292841648590022
instability : 47.992863340564
