molecularweight : 15380.38289999999
pI : 6.724928092956543
netcharge : -0.32060461810328
aromaticity : 0.0661764705882353
gravy : -0.3411764705882354
instability : 40.661764705882355
