molecularweight : 61984.06210000017
pI : 5.828975105285645
netcharge : -11.760167146885983
aromaticity : 0.10892857142857143
gravy : -0.2316071428571437
instability : 31.592857142857127
