molecularweight : 93468.34730000046
pI : 6.27783260345459
netcharge : -5.132600424796564
aromaticity : 0.07244655581947743
gravy : -0.20771971496437067
instability : 29.216045130641373
