molecularweight : 61333.57000000008
pI : 5.379037666320801
netcharge : -11.78956885103372
aromaticity : 0.0962566844919786
gravy : -0.255793226381462
instability : 33.46830659536539
