molecularweight : 77422.73180000031
pI : 5.7682710647583
netcharge : -14.65815271794051
aromaticity : 0.09425625920471281
gravy : -0.1883652430044185
instability : 41.96527245949931
