molecularweight : 11636.906999999988
pI : 5.11661205291748
netcharge : -4.29909869796384
aromaticity : 0.058252427184466014
gravy : -0.46893203883495144
instability : 38.416504854368924
