molecularweight : 84101.66420000042
pI : 7.134396171569825
netcharge : 0.7517830850605378
aromaticity : 0.06970509383378017
gravy : -0.536729222520106
instability : 48.057238605898306
