molecularweight : 63681.11270000021
pI : 5.923157310485839
netcharge : -8.205741045275182
aromaticity : 0.13134851138353765
gravy : 0.39614711033274996
instability : 33.934168126094555
