molecularweight : 49056.736999999994
pI : 6.429365348815917
netcharge : -1.8472428995219445
aromaticity : 0.09502262443438914
gravy : -0.035972850678732925
instability : 39.034660633484165
