molecularweight : 49001.04010000004
pI : 8.48018741607666
netcharge : 2.8235992215583607
aromaticity : 0.12387387387387387
gravy : 0.6680180180180192
instability : 31.450022522522517
