molecularweight : 16973.577099999988
pI : 4.154327964782715
netcharge : -34.39245289792205
aromaticity : 0.02027027027027027
gravy : -1.8439189189189191
instability : 105.9635135135135
