molecularweight : 53104.45669999997
pI : 4.814683341979981
netcharge : -19.177800803776485
aromaticity : 0.07575757575757576
gravy : -0.5205627705627707
instability : 48.25781385281386
