molecularweight : 102629.35050000057
pI : 6.439369010925293
netcharge : -3.960159894142322
aromaticity : 0.12429378531073446
gravy : -0.4158192090395468
instability : 41.9730169491527
