molecularweight : 156436.06599999918
pI : 4.0500284194946286
netcharge : -168.80433554019424
aromaticity : 0.09632107023411371
gravy : -0.14889632107023362
instability : 29.527759197324663
