molecularweight : 93437.44320000058
pI : 6.877540779113769
netcharge : -0.4624906424857329
aromaticity : 0.06272617611580217
gravy : -0.3308805790108554
instability : 45.71726176115817
