molecularweight : 35456.023200000025
pI : 5.224321937561034
netcharge : -11.692294936260293
aromaticity : 0.07951070336391437
gravy : -0.06666666666666697
instability : 33.78229357798164
