molecularweight : 86741.26720000053
pI : 7.640888404846191
netcharge : 2.1116577919117105
aromaticity : 0.0949868073878628
gravy : -0.5765171503957771
instability : 46.37044854881284
