molecularweight : 81608.93310000055
pI : 5.494875526428221
netcharge : -16.153273218635476
aromaticity : 0.08953168044077135
gravy : -0.40867768595041204
instability : 53.25980716253464
