molecularweight : 97049.02270000055
pI : 5.993751335144043
netcharge : -10.705325096442166
aromaticity : 0.07876712328767123
gravy : -0.1071917808219167
instability : 42.66348173516
