molecularweight : 59507.43770000014
pI : 5.426782417297362
netcharge : -10.793449012322661
aromaticity : 0.055350553505535055
gravy : -0.08837638376383783
instability : 35.53671586715865
