molecularweight : 46451.66580000001
pI : 5.220684242248534
netcharge : -12.79792985132029
aromaticity : 0.10723192019950126
gravy : -0.6214463840399004
instability : 47.35788029925186
