molecularweight : 39870.7455
pI : 5.953452491760253
netcharge : -3.974619165098929
aromaticity : 0.07142857142857142
gravy : 0.02142857142857146
instability : 25.86758241758241
