molecularweight : 87195.91160000049
pI : 8.65554141998291
netcharge : 9.052192550446833
aromaticity : 0.04597701149425287
gravy : -0.5205619412515948
instability : 39.57381864623255
