molecularweight : 40920.096699999965
pI : 8.956093025207519
netcharge : 6.774833741235014
aromaticity : 0.10985915492957746
gravy : -0.6239436619718314
instability : 35.13154929577464
