molecularweight : 63055.65930000022
pI : 4.867088890075683
netcharge : -27.26398799736696
aromaticity : 0.11397058823529412
gravy : -0.2670955882352943
instability : 49.09430147058833
