molecularweight : 17471.96699999999
pI : 4.055598640441894
netcharge : -24.176563125163156
aromaticity : 0.030864197530864196
gravy : -0.2987654320987655
instability : 42.39691358024691
