molecularweight : 17672.01959999999
pI : 6.5947668075561525
netcharge : -0.4104539523600437
aromaticity : 0.07643312101910828
gravy : -0.3191082802547772
instability : 51.99808917197453
