molecularweight : 24152.271000000008
pI : 5.406775093078613
netcharge : -6.063271724793328
aromaticity : 0.13043478260869565
gravy : -0.4217391304347832
instability : 39.758454106280205
