molecularweight : 49220.2444
pI : 8.098083305358887
netcharge : 3.413981213824165
aromaticity : 0.10238095238095238
gravy : -0.4190476190476188
instability : 37.54142857142856
