molecularweight : 49474.170800000094
pI : 5.626741981506346
netcharge : -4.3766333864627285
aromaticity : 0.061224489795918366
gravy : -0.4811791383219949
instability : 42.459410430838986
