molecularweight : 32003.95460000004
pI : 6.633928871154786
netcharge : -1.452264728518962
aromaticity : 0.09059233449477352
gravy : -0.42822299651568013
instability : 33.70243902439024
