molecularweight : 172813.1555000004
pI : 4.781034660339355
netcharge : -93.46320089730085
aromaticity : 0.08666666666666667
gravy : -0.7108000000000004
instability : 51.97874000000027
