molecularweight : 92320.7282000006
pI : 5.40916233062744
netcharge : -24.985330981788373
aromaticity : 0.11366384522370011
gravy : 0.0026602176541716946
instability : 40.39569528415978
