molecularweight : 21488.530500000004
pI : 7.6936918258667
netcharge : 0.8470237016764166
aromaticity : 0.13186813186813187
gravy : -0.29560439560439544
instability : 31.759890109890108
