molecularweight : 71381.68420000028
pI : 8.149786949157715
netcharge : 4.547039747944055
aromaticity : 0.07617504051863858
gravy : -0.5936790923824947
instability : 39.34910858995145
