molecularweight : 54325.67440000003
pI : 8.287362480163576
netcharge : 3.9801922778269443
aromaticity : 0.08995815899581591
gravy : -0.619665271966527
instability : 42.42782426778241
