molecularweight : 30040.445800000027
pI : 10.007959175109864
netcharge : 17.81985864577465
aromaticity : 0.0898876404494382
gravy : -0.27191011235955065
instability : 28.32696629213485
