molecularweight : 81455.18670000046
pI : 9.735322380065917
netcharge : 29.992469453768194
aromaticity : 0.09913793103448276
gravy : -1.1195402298850603
instability : 42.902011494252946
