molecularweight : 75300.99680000042
pI : 5.516076469421385
netcharge : -18.698263311723778
aromaticity : 0.11702127659574468
gravy : -0.4465045592705155
instability : 41.06658054711258
