molecularweight : 47938.76880000007
pI : 9.388804817199706
netcharge : 13.084657346719283
aromaticity : 0.1767554479418886
gravy : 0.3864406779661022
instability : 35.28651331719128
