molecularweight : 17413.423499999994
pI : 4.755229759216308
netcharge : -8.292159519588044
aromaticity : 0.11538461538461539
gravy : -0.17756410256410265
instability : 36.21352564102564
