molecularweight : 24047.637900000012
pI : 4.873852729797362
netcharge : -12.039470587154696
aromaticity : 0.07441860465116279
gravy : -0.6041860465116279
instability : 64.66562790697672
