molecularweight : 44872.51070000007
pI : 8.860550880432129
netcharge : 4.334865667946552
aromaticity : 0.029197080291970802
gravy : -0.7618004866180041
instability : 44.82773722627736
