molecularweight : 20595.730700000004
pI : 4.844808006286621
netcharge : -11.126937751902435
aromaticity : 0.03763440860215054
gravy : -0.4768817204301079
instability : 43.87795698924731
