molecularweight : 48953.584300000046
pI : 5.729052162170411
netcharge : -9.397395951249813
aromaticity : 0.07962529274004684
gravy : -0.9564402810304445
instability : 54.90468384074947
