molecularweight : 77137.75820000029
pI : 5.603835868835449
netcharge : -21.1652280120545
aromaticity : 0.11436950146627567
gravy : -0.4585043988269788
instability : 32.761935483871
