molecularweight : 36658.8029
pI : 4.814910697937012
netcharge : -21.511618499187332
aromaticity : 0.08978328173374613
gravy : -0.4746130030959752
instability : 42.15421052631578
