molecularweight : 53338.3026
pI : 8.867448997497558
netcharge : 7.351770005287932
aromaticity : 0.06739130434782609
gravy : -0.9302173913043457
instability : 37.13739130434782
