molecularweight : 20578.129799999995
pI : 10.58920612335205
netcharge : 19.779712161391977
aromaticity : 0.05
gravy : -1.1677777777777778
instability : 48.086666666666666
