molecularweight : 103751.65040000078
pI : 6.452783012390136
netcharge : -3.9414740871560525
aromaticity : 0.0765143464399575
gravy : -0.19798087141339032
instability : 41.284388947927894
