molecularweight : 53467.51710000006
pI : 5.500502586364745
netcharge : -5.190786037639114
aromaticity : 0.12962962962962965
gravy : 0.7853909465020591
instability : 32.36156378600823
