molecularweight : 24781.01910000001
pI : 4.506957054138184
netcharge : -22.819731467743473
aromaticity : 0.053811659192825115
gravy : -0.6677130044843053
instability : 61.613452914798195
