molecularweight : 59440.57940000009
pI : 6.802911186218262
netcharge : -0.6261511503793287
aromaticity : 0.09854014598540145
gravy : 0.46642335766423426
instability : 30.070072992700727
