molecularweight : 24425.13689999999
pI : 7.739788246154785
netcharge : 0.7832913948261613
aromaticity : 0.1308411214953271
gravy : -0.6915887850467292
instability : 36.228084112149524
