molecularweight : 22823.3775
pI : 5.505788612365721
netcharge : -3.330766254417995
aromaticity : 0.08333333333333334
gravy : -0.4495098039215688
instability : 37.192156862745094
