molecularweight : 11734.27839999999
pI : 7.560461235046388
netcharge : 0.4619990018311313
aromaticity : 0.10679611650485436
gravy : -0.5650485436893203
instability : 53.20970873786406
