molecularweight : 75071.32530000038
pI : 5.645498847961425
netcharge : -9.663793133696615
aromaticity : 0.0708092485549133
gravy : -0.2488439306358385
instability : 33.046127167630104
