molecularweight : 59831.05250000022
pI : 9.155816078186035
netcharge : 8.917634920223534
aromaticity : 0.06296296296296297
gravy : -0.5870370370370361
instability : 47.434259259259385
