molecularweight : 84149.08360000051
pI : 5.188740730285643
netcharge : -18.64657671655874
aromaticity : 0.06746031746031746
gravy : -0.3633597883597872
instability : 42.29406084656096
