molecularweight : 21567.956500000015
pI : 4.999410057067871
netcharge : -11.798543278544518
aromaticity : 0.12234042553191488
gravy : -0.422340425531915
instability : 36.09792553191489
