molecularweight : 118335.4169000005
pI : 9.22402362823486
netcharge : 19.434287465191517
aromaticity : 0.05613701236917222
gravy : -0.8742150333016188
instability : 53.41341579448177
