molecularweight : 16033.61209999999
pI : 8.12464427947998
netcharge : 1.6169937967608998
aromaticity : 0.08633093525179855
gravy : 0.16762589928057567
instability : 55.24604316546761
