molecularweight : 51375.76710000007
pI : 7.517206764221191
netcharge : 0.9963667625622321
aromaticity : 0.08869179600886917
gravy : -0.41330376940133007
instability : 41.689401330376946
