molecularweight : 37950.30970000007
pI : 9.31137828826904
netcharge : 9.12747210339947
aromaticity : 0.07485029940119761
gravy : -0.7547904191616767
instability : 61.144041916167666
