molecularweight : 61532.70060000018
pI : 5.852790641784667
netcharge : -9.22753348248662
aromaticity : 0.0965391621129326
gravy : -0.498542805100181
instability : 38.516211293260525
