molecularweight : 52047.85670000006
pI : 6.061617088317871
netcharge : -7.902543102676489
aromaticity : 0.09287257019438445
gravy : -0.19870410367170668
instability : 28.627451403887672
