molecularweight : 51020.76000000004
pI : 7.716427421569825
netcharge : 1.3234985550876956
aromaticity : 0.0975609756097561
gravy : -0.3481152993348116
instability : 34.94015521064302
