molecularweight : 48383.603500000114
pI : 4.781091499328612
netcharge : -23.734478879233976
aromaticity : 0.03603603603603604
gravy : -0.2351351351351353
instability : 43.86984234234233
