molecularweight : 172239.45840000018
pI : 4.634049034118653
netcharge : -110.84629881258195
aromaticity : 0.08776595744680851
gravy : -0.5654255319148953
instability : 45.50799202127694
