molecularweight : 133701.9322000006
pI : 5.62486629486084
netcharge : -20.438248470442417
aromaticity : 0.07125307125307126
gravy : 0.08402948402948368
instability : 35.73088452088474
