molecularweight : 32591.875800000013
pI : 5.723197746276856
netcharge : -5.85851680458677
aromaticity : 0.10526315789473684
gravy : -0.7115789473684215
instability : 44.816842105263156
