molecularweight : 14407.358899999985
pI : 10.099568748474116
netcharge : 14.677203719314068
aromaticity : 0.05303030303030303
gravy : -0.7303030303030305
instability : 39.52499999999999
