molecularweight : 92503.26400000052
pI : 5.783276557922362
netcharge : -12.078158243568623
aromaticity : 0.07439024390243902
gravy : -0.5626829268292677
instability : 44.13512195121968
