molecularweight : 51581.87250000011
pI : 8.755338478088383
netcharge : 5.166634368366083
aromaticity : 0.14782608695652172
gravy : 0.31282608695652164
instability : 32.84826086956521
