molecularweight : 21885.389400000007
pI : 4.628024101257325
netcharge : -11.243803248680836
aromaticity : 0.10416666666666667
gravy : -0.28385416666666663
instability : 44.208333333333336
