molecularweight : 12411.150399999986
pI : 4.699129676818846
netcharge : -5.428500767563889
aromaticity : 0.05357142857142857
gravy : 0.008035714285714122
instability : 62.97857142857144
