molecularweight : 47442.05290000013
pI : 9.39338207244873
netcharge : 10.830903713835262
aromaticity : 0.0924170616113744
gravy : -0.7997630331753557
instability : 52.092654028436016
