molecularweight : 50756.034899999984
pI : 5.292983436584472
netcharge : -8.85712882075893
aromaticity : 0.06995884773662552
gravy : -0.6483539094650197
instability : 27.343230452674884
