molecularweight : 136595.6218000007
pI : 4.828495216369628
netcharge : -65.6176523625052
aromaticity : 0.07304785894206549
gravy : -0.8277078085642321
instability : 41.25625524769122
