molecularweight : 42929.955600000074
pI : 5.072618675231933
netcharge : -7.228696753947251
aromaticity : 0.10230179028132992
gravy : 0.6984654731457801
instability : 35.750639386189235
