molecularweight : 45619.15880000004
pI : 5.622308540344237
netcharge : -9.520737029011137
aromaticity : 0.05596107055961071
gravy : -0.32433090024330935
instability : 35.04817518248176
