molecularweight : 45551.995100000044
pI : 8.766491508483888
netcharge : 7.156715166369608
aromaticity : 0.07556675062972293
gravy : -0.323173803526449
instability : 38.82574307304785
