molecularweight : 37034.84660000005
pI : 6.689574241638184
netcharge : -0.8481557611827455
aromaticity : 0.0880503144654088
gravy : -0.690251572327043
instability : 42.914496855345924
