molecularweight : 35517.26800000006
pI : 5.074835395812986
netcharge : -8.392025970512378
aromaticity : 0.08024691358024691
gravy : -0.06697530864197522
instability : 31.479629629629624
