molecularweight : 115704.29230000084
pI : 7.52584629058838
netcharge : 2.244541186263646
aromaticity : 0.09980237154150198
gravy : -0.38794466403161826
instability : 37.470968379446845
