molecularweight : 29959.390400000008
pI : 9.639780235290527
netcharge : 10.301619543634956
aromaticity : 0.07722007722007722
gravy : -0.3733590733590737
instability : 36.7868725868726
