molecularweight : 15371.089699999991
pI : 4.450345420837402
netcharge : -11.366142472353285
aromaticity : 0.06474820143884892
gravy : -0.2014388489208633
instability : 83.28129496402876
