molecularweight : 45651.93240000012
pI : 10.311025047302241
netcharge : 20.48993653469067
aromaticity : 0.05623471882640587
gravy : -0.7210268948655255
instability : 70.70757946210284
