molecularweight : 17499.722199999997
pI : 8.51803035736084
netcharge : 1.8537001955888819
aromaticity : 0.09271523178807947
gravy : -0.5543046357615894
instability : 51.145695364238414
