molecularweight : 24904.205900000008
pI : 9.33245944976807
netcharge : 7.915749097885804
aromaticity : 0.08558558558558559
gravy : -0.3914414414414418
instability : 35.09054054054053
