molecularweight : 84912.8419000005
pI : 5.794928550720214
netcharge : -14.641325276544691
aromaticity : 0.0787716955941255
gravy : -0.34726301735647447
instability : 49.212963951936075
