molecularweight : 163186.1157000007
pI : 6.565153694152832
netcharge : -4.1800981591837
aromaticity : 0.08467459762071379
gravy : -0.6112666200139955
instability : 54.06244226732014
