molecularweight : 49212.65480000015
pI : 5.663403129577637
netcharge : -9.537354691460969
aromaticity : 0.06235565819861432
gravy : -0.36466512702078535
instability : 42.84249422632793
