molecularweight : 55706.44790000007
pI : 6.768750953674316
netcharge : -1.11751376480332
aromaticity : 0.09475806451612903
gravy : -0.4620967741935483
instability : 47.484495967741985
