molecularweight : 25511.918700000017
pI : 6.742661857604981
netcharge : -0.37897391014987747
aromaticity : 0.11261261261261261
gravy : -0.4549549549549551
instability : 50.38963963963963
