molecularweight : 84046.16290000043
pI : 6.472506141662596
netcharge : -3.0984030382112877
aromaticity : 0.07651715039577836
gravy : -0.18627968337730913
instability : 37.19313984168871
