molecularweight : 31519.345599999993
pI : 4.501386833190918
netcharge : -18.356189432155453
aromaticity : 0.09259259259259259
gravy : -0.39111111111111085
instability : 49.87518518518518
