molecularweight : 83875.25120000057
pI : 8.214835548400881
netcharge : 3.961521313163388
aromaticity : 0.0847913862718708
gravy : -0.3775235531628527
instability : 40.96986541049811
