molecularweight : 47184.47890000004
pI : 5.080291938781736
netcharge : -12.973937789173512
aromaticity : 0.0997566909975669
gravy : -0.18905109489051103
instability : 47.978613138686136
