molecularweight : 34105.8388
pI : 7.588994407653811
netcharge : 1.2370330364447568
aromaticity : 0.08169934640522875
gravy : -0.22810457516339874
instability : 37.72254901960785
