molecularweight : 42700.55660000003
pI : 8.9862642288208
netcharge : 8.148131747216134
aromaticity : 0.07588075880758807
gravy : -0.7761517615176142
instability : 46.563143631436304
