molecularweight : 40559.61140000012
pI : 9.165550804138185
netcharge : 10.282062640100737
aromaticity : 0.08100558659217877
gravy : -0.06703910614525156
instability : 62.246368715083825
