molecularweight : 21740.962299999996
pI : 9.768201255798338
netcharge : 11.731614378744428
aromaticity : 0.16753926701570682
gravy : 0.858638743455497
instability : 34.218429319371715
