molecularweight : 55773.37060000003
pI : 5.260471534729004
netcharge : -11.922537286785989
aromaticity : 0.09716599190283401
gravy : -0.382995951417004
instability : 42.195141700404854
