molecularweight : 26786.556300000026
pI : 5.984088706970215
netcharge : -4.7037725018097625
aromaticity : 0.05063291139240506
gravy : -0.7759493670886074
instability : 35.584388185654014
