molecularweight : 55882.47230000005
pI : 5.659083366394043
netcharge : -11.887879453186201
aromaticity : 0.07952286282306163
gravy : -0.3198807157057656
instability : 36.54652087475147
