molecularweight : 142847.74090000024
pI : 6.018021583557128
netcharge : -14.048625788767367
aromaticity : 0.07344632768361582
gravy : -0.6462469733656163
instability : 43.09508474576302
