molecularweight : 32140.16730000003
pI : 6.015065956115721
netcharge : -4.656399279776011
aromaticity : 0.06574394463667821
gravy : -0.6785467128027687
instability : 55.71141868512111
