molecularweight : 11473.402999999993
pI : 4.3256406784057635
netcharge : -12.299886680991692
aromaticity : 0.038461538461538464
gravy : -0.7163461538461537
instability : 45.90769230769231
