molecularweight : 53481.88910000009
pI : 5.796292686462402
netcharge : -7.631379146641088
aromaticity : 0.10897435897435898
gravy : -0.07179487179487185
instability : 34.69061965811965
