molecularweight : 79580.34090000058
pI : 9.37004451751709
netcharge : 14.74390604163409
aromaticity : 0.05006954102920723
gravy : -0.691794158553545
instability : 53.45521557719077
