molecularweight : 54983.817300000046
pI : 5.4155282974243155
netcharge : -7.217952505770221
aromaticity : 0.08384458077709611
gravy : -0.3417177914110431
instability : 46.07488752556241
