molecularweight : 66261.37270000021
pI : 7.537668800354004
netcharge : 1.228434962011562
aromaticity : 0.16863406408094433
gravy : 0.3220910623946035
instability : 31.790219224283288
