molecularweight : 40499.24550000012
pI : 9.477835655212402
netcharge : 10.021824462263247
aromaticity : 0.07277628032345013
gravy : -0.3509433962264153
instability : 38.78816711590296
