molecularweight : 49652.916500000094
pI : 7.596042442321779
netcharge : 1.277757447062207
aromaticity : 0.08256880733944955
gravy : -0.3456422018348624
instability : 50.09566513761469
