molecularweight : 123382.68240000082
pI : 6.101802253723143
netcharge : -8.841924650717516
aromaticity : 0.10914179104477612
gravy : -0.3837686567164163
instability : 37.89629664179126
