molecularweight : 94505.70390000059
pI : 5.654081535339355
netcharge : -17.543685831064053
aromaticity : 0.07803121248499399
gravy : -0.698439375750301
instability : 49.56618247298944
