molecularweight : 193105.20340000038
pI : 6.3150053024292
netcharge : -10.411749626917526
aromaticity : 0.10812425328554362
gravy : -0.14898446833930692
instability : 39.92535842293933
