molecularweight : 36355.67800000009
pI : 5.6717016220092775
netcharge : -5.948775543714419
aromaticity : 0.065625
gravy : -0.5375000000000008
instability : 45.32125
