molecularweight : 43867.34010000009
pI : 9.516967964172363
netcharge : 9.601262761509062
aromaticity : 0.0583756345177665
gravy : -0.801269035532994
instability : 52.09593908629443
