molecularweight : 42083.87219999998
pI : 5.7802640914916985
netcharge : -7.548337489732674
aromaticity : 0.11621621621621622
gravy : -0.09270270270270266
instability : 32.325405405405405
