molecularweight : 52226.11519999999
pI : 8.972210121154788
netcharge : 7.939103467323072
aromaticity : 0.09471365638766521
gravy : -0.20726872246696038
instability : 27.938105726872244
