molecularweight : 86841.53000000035
pI : 5.398760795593262
netcharge : -25.157108240695848
aromaticity : 0.11733333333333332
gravy : -0.39079999999999987
instability : 42.166026666666774
