molecularweight : 93936.02960000072
pI : 5.636120414733886
netcharge : -15.090048219485794
aromaticity : 0.07434052757793766
gravy : -0.7724220623501198
instability : 39.225899280575696
