molecularweight : 98979.04360000047
pI : 6.14687557220459
netcharge : -10.924908015600707
aromaticity : 0.06805074971164937
gravy : -0.6914648212226066
instability : 48.22296424452149
