molecularweight : 46589.967200000036
pI : 6.743116569519044
netcharge : -0.780560742351966
aromaticity : 0.09090909090909091
gravy : -0.4542997542997549
instability : 32.5248157248157
