molecularweight : 62594.43570000019
pI : 6.107940864562988
netcharge : -5.456997753093717
aromaticity : 0.1243144424131627
gravy : -0.3089579524680071
instability : 37.74025594149907
