molecularweight : 33736.76160000002
pI : 8.737222862243652
netcharge : 4.181613785887805
aromaticity : 0.11864406779661017
gravy : -0.025762711864406727
instability : 22.13084745762712
