molecularweight : 15720.987499999983
pI : 11.315700340270997
netcharge : 19.578898463998478
aromaticity : 0.07971014492753624
gravy : -0.6753623188405802
instability : 71.05876811594202
