molecularweight : 49255.18580000005
pI : 6.679741096496582
netcharge : -0.9193889334329768
aromaticity : 0.11751152073732718
gravy : -0.14838709677419365
instability : 49.814746543778824
