molecularweight : 28667.675100000026
pI : 9.583112525939939
netcharge : 11.98789485541449
aromaticity : 0.1680327868852459
gravy : 0.4692622950819668
instability : 36.86065573770491
