molecularweight : 202687.17240000048
pI : 5.350163459777832
netcharge : -38.04343656813839
aromaticity : 0.08949416342412451
gravy : 0.014174541411895412
instability : 47.95614785992246
