molecularweight : 66617.64460000015
pI : 6.474154472351074
netcharge : -3.807055712150465
aromaticity : 0.11558669001751312
gravy : -0.20192644483362537
instability : 44.1707705779335
