molecularweight : 146536.92030000075
pI : 4.864474296569824
netcharge : -74.74254551187303
aromaticity : 0.052067381316998465
gravy : -0.8644716692189909
instability : 56.485543644717055
