molecularweight : 62839.55980000016
pI : 6.332909584045409
netcharge : -2.7824265513703423
aromaticity : 0.10104529616724739
gravy : 0.34111498257839795
instability : 40.231898954703865
