molecularweight : 55978.407300000086
pI : 9.2998384475708
netcharge : 13.509386603090192
aromaticity : 0.11717171717171718
gravy : -0.2737373737373736
instability : 21.609898989898987
