molecularweight : 80920.26390000034
pI : 5.052497673034667
netcharge : -21.631157941271866
aromaticity : 0.06284153005464481
gravy : -0.3419398907103824
instability : 45.87159836065586
