molecularweight : 34751.329000000034
pI : 8.773067283630368
netcharge : 6.4654474750259645
aromaticity : 0.13870967741935486
gravy : 0.511290322580645
instability : 38.24390322580644
