molecularweight : 72709.47850000026
pI : 5.098082542419433
netcharge : -16.552959419553247
aromaticity : 0.10120845921450151
gravy : 0.40271903323262936
instability : 37.824033232628445
