molecularweight : 100679.58960000072
pI : 4.7233999252319325
netcharge : -51.80659428790784
aromaticity : 0.10299003322259137
gravy : -0.23355481727574762
instability : 27.507641196013328
