molecularweight : 66437.8316000003
pI : 7.205047035217285
netcharge : 0.5924230616648032
aromaticity : 0.0792079207920792
gravy : -0.48118811881188
instability : 44.13433993399355
