molecularweight : 57973.53020000007
pI : 4.953086280822753
netcharge : -17.247779203236547
aromaticity : 0.09218436873747494
gravy : -0.6156312625250501
instability : 40.65871743486973
