molecularweight : 70020.00720000012
pI : 6.092196464538573
netcharge : -3.830142072575441
aromaticity : 0.0759493670886076
gravy : -1.2784810126582278
instability : 65.3482911392409
