molecularweight : 41419.116100000036
pI : 6.1465913772583
netcharge : -4.553796719630554
aromaticity : 0.09973045822102425
gravy : -0.5256064690026957
instability : 47.07385444743932
