molecularweight : 96003.4520000004
pI : 9.700444984436036
netcharge : 47.684935192778795
aromaticity : 0.09500609013398295
gravy : -0.6025578562728361
instability : 43.50147381242409
