molecularweight : 43283.26100000001
pI : 5.508857917785644
netcharge : -9.676951069083671
aromaticity : 0.1227154046997389
gravy : -0.5161879895561357
instability : 24.54809399477806
