molecularweight : 91628.57960000065
pI : 5.973971366882325
netcharge : -10.742974283499393
aromaticity : 0.09701492537313433
gravy : -0.2135572139303485
instability : 37.595273631840875
