molecularweight : 51016.9412
pI : 8.574246788024901
netcharge : 4.809377950451321
aromaticity : 0.12471131639722866
gravy : -0.4092378752886838
instability : 37.504203233256355
