molecularweight : 66669.81470000024
pI : 9.335231590270997
netcharge : 14.133706625085587
aromaticity : 0.0773109243697479
gravy : -0.8129411764705881
instability : 55.813983193277444
