molecularweight : 58803.0321000001
pI : 7.859614753723145
netcharge : 1.7513648437610172
aromaticity : 0.13018867924528302
gravy : 0.4116981132075474
instability : 38.41471698113206
