molecularweight : 39348.0931
pI : 6.676842308044434
netcharge : -1.3623914427332267
aromaticity : 0.13513513513513514
gravy : -0.6495495495495494
instability : 45.74444444444443
