molecularweight : 24297.278400000032
pI : 8.862420463562014
netcharge : 6.04099560564752
aromaticity : 0.03139013452914798
gravy : -0.472645739910314
instability : 51.0219730941704
