molecularweight : 56207.031700000036
pI : 9.227375984191895
netcharge : 16.566305646594003
aromaticity : 0.05823293172690763
gravy : -0.6357429718875486
instability : 26.607831325301195
