molecularweight : 33213.674000000035
pI : 9.393575477600098
netcharge : 9.870327941701433
aromaticity : 0.09688581314878891
gravy : -0.5757785467128029
instability : 28.16297577854671
