molecularweight : 24074.1933
pI : 6.84451732635498
netcharge : -0.22171222497033582
aromaticity : 0.09049773755656108
gravy : -0.1484162895927601
instability : 25.43665158371039
