molecularweight : 65742.75690000017
pI : 6.780800819396972
netcharge : -1.0756963575396554
aromaticity : 0.0979020979020979
gravy : -0.5272727272727271
instability : 40.901590909090956
