molecularweight : 33951.84070000002
pI : 5.644873619079591
netcharge : -6.784694226263866
aromaticity : 0.10891089108910891
gravy : -0.45544554455445574
instability : 34.133696369636944
