molecularweight : 32181.92100000006
pI : 6.20507869720459
netcharge : -1.312568658782311
aromaticity : 0.0636042402826855
gravy : -0.030035335689045935
instability : 39.91236749116608
