molecularweight : 17549.772399999983
pI : 8.70228099822998
netcharge : 2.0874321020133415
aromaticity : 0.07453416149068323
gravy : -0.048447204968943995
instability : 20.06086956521738
