molecularweight : 83756.69900000043
pI : 5.020156288146972
netcharge : -39.25322262336232
aromaticity : 0.08926080892608089
gravy : -0.41255230125522896
instability : 40.17796373779645
