molecularweight : 37981.984500000064
pI : 9.322918128967284
netcharge : 10.339384268280995
aromaticity : 0.17575757575757575
gravy : 0.3678787878787875
instability : 22.061575757575742
