molecularweight : 78186.86550000035
pI : 5.543188667297362
netcharge : -12.489249307999032
aromaticity : 0.08166189111747851
gravy : -0.21260744985673366
instability : 28.85716332378223
