molecularweight : 26101.862900000007
pI : 4.627910423278809
netcharge : -14.056126958159474
aromaticity : 0.10434782608695653
gravy : -0.46608695652173915
instability : 56.18739130434782
