molecularweight : 139139.0905000005
pI : 8.344674873352051
netcharge : 7.987156215208813
aromaticity : 0.10297666934835076
gravy : 0.16934835076427998
instability : 36.89374899436869
