molecularweight : 56107.63600000007
pI : 4.56061305999756
netcharge : -40.66301650773482
aromaticity : 0.08952380952380953
gravy : 0.24019047619047568
instability : 26.515619047619044
