molecularweight : 40757.26860000006
pI : 4.828608894348144
netcharge : -17.756904343965736
aromaticity : 0.09295774647887324
gravy : -0.09295774647887348
instability : 35.15915492957745
