molecularweight : 87507.54320000045
pI : 9.101275825500487
netcharge : 14.395635175842372
aromaticity : 0.07790549169859515
gravy : -0.6128991060025542
instability : 46.00703703703722
