molecularweight : 37808.02320000004
pI : 6.958820533752441
netcharge : -0.0779577629226651
aromaticity : 0.10355029585798817
gravy : -0.11331360946745561
instability : 32.79171597633136
