molecularweight : 17458.700799999984
pI : 8.924890327453614
netcharge : 2.695491427609465
aromaticity : 0.06578947368421052
gravy : -0.7776315789473692
instability : 41.6520394736842
