molecularweight : 136099.44890000083
pI : 5.485440254211425
netcharge : -27.487697394009444
aromaticity : 0.07815126050420168
gravy : -0.8525210084033619
instability : 44.52212605042045
