molecularweight : 118329.41480000084
pI : 5.144463157653808
netcharge : -37.9160913411672
aromaticity : 0.08560311284046693
gravy : -0.8634241245136189
instability : 54.07063229572017
