molecularweight : 34655.54570000004
pI : 8.868093681335449
netcharge : 5.91816799302218
aromaticity : 0.10855263157894737
gravy : -0.4226973684210532
instability : 23.65101973684209
