molecularweight : 61878.34420000017
pI : 5.549781990051269
netcharge : -12.440291390281772
aromaticity : 0.03302752293577982
gravy : -0.699449541284403
instability : 51.27431192660555
