molecularweight : 29621.87120000002
pI : 9.568865013122558
netcharge : 10.937921717390871
aromaticity : 0.06923076923076923
gravy : -0.36076923076923095
instability : 48.48423076923076
