molecularweight : 182208.8159000008
pI : 5.76127986907959
netcharge : -24.546147991245988
aromaticity : 0.10269254852849091
gravy : 0.045021916092673524
instability : 37.9540513462745
