molecularweight : 35248.497200000034
pI : 4.233277320861816
netcharge : -46.931365197516044
aromaticity : 0.08609271523178808
gravy : -1.1519867549668867
instability : 56.7212251655629
