molecularweight : 59258.6943000001
pI : 7.955930519104004
netcharge : 1.9598174737721124
aromaticity : 0.13644859813084112
gravy : 0.5379439252336464
instability : 28.185794392523373
