molecularweight : 46594.81300000001
pI : 5.850289726257324
netcharge : -5.810878083173236
aromaticity : 0.12195121951219512
gravy : -0.24878048780487816
instability : 30.505878048780485
