molecularweight : 56471.01020000005
pI : 4.649907112121583
netcharge : -29.703207545602396
aromaticity : 0.08943089430894308
gravy : -0.07825203252032528
instability : 49.37319105691064
