molecularweight : 32126.94720000003
pI : 6.089752388000488
netcharge : -3.773223936617093
aromaticity : 0.09608540925266904
gravy : -0.5622775800711743
instability : 48.08188612099646
