molecularweight : 23512.884800000007
pI : 7.030949211120604
netcharge : 0.057595133973791235
aromaticity : 0.04265402843601896
gravy : -0.25450236966824646
instability : 41.006161137440756
