molecularweight : 160566.64540000068
pI : 6.367240333557128
netcharge : -8.562639417621483
aromaticity : 0.09857142857142857
gravy : -0.2664285714285706
instability : 41.76116428571455
