molecularweight : 58577.978300000046
pI : 8.911674308776856
netcharge : 10.896071893049182
aromaticity : 0.11067193675889328
gravy : -0.36264822134387364
instability : 39.43875494071146
