molecularweight : 111932.2170000009
pI : 7.867931175231934
netcharge : 2.769883915862792
aromaticity : 0.1346555323590814
gravy : -0.44185803757828596
instability : 47.246524008350924
