molecularweight : 59289.58720000008
pI : 8.902777671813965
netcharge : 10.82390777485557
aromaticity : 0.1285444234404537
gravy : 0.27637051039697536
instability : 41.81136105860116
