molecularweight : 13006.560899999986
pI : 7.796500205993652
netcharge : 0.5986545775637602
aromaticity : 0.05217391304347826
gravy : -0.8608695652173912
instability : 45.25043478260869
