molecularweight : 40085.63260000007
pI : 6.2283826828002935
netcharge : -4.36624964580416
aromaticity : 0.08611111111111111
gravy : -0.15638888888888905
instability : 29.086472222222223
