molecularweight : 39033.01840000007
pI : 4.636322593688964
netcharge : -23.06478282771849
aromaticity : 0.12058823529411765
gravy : -0.07264705882352922
instability : 43.59476470588235
