molecularweight : 19612.9432
pI : 5.0709135055541985
netcharge : -8.627886311819449
aromaticity : 0.06857142857142857
gravy : -0.2594285714285714
instability : 47.89885714285713
