molecularweight : 77403.77690000038
pI : 5.407911872863769
netcharge : -17.303112458443252
aromaticity : 0.1054172767203514
gravy : -0.5095168374816977
instability : 37.91705710102498
