molecularweight : 141951.3331000005
pI : 5.653569984436035
netcharge : -13.450859000190334
aromaticity : 0.08928571428571429
gravy : 0.1538043478260872
instability : 34.469192546584026
