molecularweight : 18326.53230000001
pI : 4.867998313903808
netcharge : -7.385425273818473
aromaticity : 0.0736196319018405
gravy : -0.49202453987730055
instability : 56.66809815950919
