molecularweight : 78062.63840000048
pI : 7.723702812194825
netcharge : 2.1587354605311333
aromaticity : 0.08766716196136701
gravy : -0.6716196136701329
instability : 46.10268945022305
