molecularweight : 68918.52530000037
pI : 9.603420066833493
netcharge : 20.91579884701214
aromaticity : 0.07730263157894737
gravy : -0.819572368421053
instability : 64.30363486842127
