molecularweight : 61817.78510000011
pI : 8.514226722717286
netcharge : 6.93166510297813
aromaticity : 0.06801470588235295
gravy : -0.6110294117647045
instability : 43.24742647058825
