molecularweight : 65250.26970000025
pI : 5.878254508972168
netcharge : -7.543430843011237
aromaticity : 0.10745233968804159
gravy : -0.29618717504332764
instability : 43.266031195840654
