molecularweight : 30651.65000000003
pI : 8.556389045715335
netcharge : 4.498018701934445
aromaticity : 0.08518518518518518
gravy : -0.4355555555555558
instability : 53.070407407407416
