molecularweight : 59344.77920000014
pI : 9.57473163604736
netcharge : 20.245355501727353
aromaticity : 0.09596928982725528
gravy : 0.09808061420345485
instability : 50.943397312859936
