molecularweight : 23026.439999999988
pI : 5.121102333068847
netcharge : -8.10279926958248
aromaticity : 0.1319796954314721
gravy : -0.7817258883248737
instability : 45.64619289340102
