molecularweight : 66204.11760000016
pI : 8.426678657531738
netcharge : 6.13594109649965
aromaticity : 0.07167235494880546
gravy : -0.6337883959044358
instability : 49.13617747440286
