molecularweight : 45025.24089999999
pI : 5.648283958435059
netcharge : -15.563650897100992
aromaticity : 0.15926892950391647
gravy : -0.10261096605744155
instability : 33.71809399477808
