molecularweight : 39864.98580000004
pI : 5.897238731384278
netcharge : -5.713657640053626
aromaticity : 0.09195402298850575
gravy : -0.34281609195402307
instability : 31.591954022988514
