molecularweight : 48323.0891000001
pI : 4.780182075500488
netcharge : -24.688041566894412
aromaticity : 0.08114558472553698
gravy : -0.47828162291169435
instability : 38.07398568019092
