molecularweight : 54643.85990000008
pI : 8.83154010772705
netcharge : 5.844303141944543
aromaticity : 0.10615711252653928
gravy : -0.41592356687898085
instability : 41.30471337579618
