molecularweight : 29151.30270000005
pI : 5.438093376159667
netcharge : -8.823833071479683
aromaticity : 0.07228915662650602
gravy : -0.29357429718875494
instability : 38.80164658634538
