molecularweight : 81610.54360000062
pI : 8.212514686584473
netcharge : 4.42041501699758
aromaticity : 0.07797537619699042
gravy : -0.541176470588234
instability : 42.13543091655281
