molecularweight : 49042.95960000004
pI : 5.656411933898925
netcharge : -10.38709585169142
aromaticity : 0.0696629213483146
gravy : -0.22853932584269715
instability : 36.787415730337074
