molecularweight : 23391.19610000001
pI : 5.230346870422362
netcharge : -7.089855792163206
aromaticity : 0.0975609756097561
gravy : -0.4634146341463415
instability : 55.897073170731694
