molecularweight : 68290.95680000022
pI : 6.360703849792479
netcharge : -3.369583066105548
aromaticity : 0.06156405990016639
gravy : -0.6768718801996662
instability : 42.46405990016643
