molecularweight : 19451.709199999998
pI : 5.5843400955200195
netcharge : -5.868292324451808
aromaticity : 0.0625
gravy : -0.27840909090909083
instability : 24.360795454545443
