molecularweight : 56291.337499999994
pI : 4.835088539123535
netcharge : -21.00585063046009
aromaticity : 0.09670781893004116
gravy : -0.40308641975308673
instability : 38.77944444444445
