molecularweight : 68985.17750000021
pI : 9.36791706085205
netcharge : 12.224990174387969
aromaticity : 0.050570962479608475
gravy : -0.7215334420880907
instability : 65.51402936378489
