molecularweight : 36873.91140000004
pI : 8.747666740417483
netcharge : 4.0943245363704435
aromaticity : 0.06918238993710692
gravy : -1.2022012578616341
instability : 63.22455974842766
