molecularweight : 19319.929399999997
pI : 4.71646556854248
netcharge : -5.487219428074383
aromaticity : 0.07100591715976332
gravy : -0.3071005917159764
instability : 60.02307692307693
