molecularweight : 22998.78160000001
pI : 4.654056358337402
netcharge : -14.033484516288247
aromaticity : 0.07804878048780488
gravy : -0.1970731707317075
instability : 38.17614634146342
