molecularweight : 38362.93240000004
pI : 6.1393159866333
netcharge : -2.9367435468810115
aromaticity : 0.05747126436781609
gravy : -0.39942528735632216
instability : 34.372988505747124
