molecularweight : 30160.69060000003
pI : 7.330661201477051
netcharge : 0.5042549649971377
aromaticity : 0.12773722627737227
gravy : 0.8405109489051099
instability : 49.67700729927008
