molecularweight : 51646.9791000001
pI : 5.271498298645019
netcharge : -11.874805708457778
aromaticity : 0.09656652360515022
gravy : -0.15386266094420642
instability : 41.36866952789699
