molecularweight : 17809.102799999997
pI : 4.852992820739746
netcharge : -7.388054354579456
aromaticity : 0.0784313725490196
gravy : -0.35032679738562095
instability : 60.976470588235294
