molecularweight : 92620.30870000062
pI : 6.918180656433106
netcharge : -0.3225326090081637
aromaticity : 0.07894736842105263
gravy : -0.2517942583732056
instability : 30.05490430622018
