molecularweight : 44717.7645
pI : 5.455599784851074
netcharge : -9.750063243903362
aromaticity : 0.0845771144278607
gravy : -0.49228855721393
instability : 44.95004975124378
