molecularweight : 27228.215000000026
pI : 10.135606575012208
netcharge : 23.878028901579707
aromaticity : 0.0851063829787234
gravy : -0.6302127659574468
instability : 35.68851063829786
