molecularweight : 20775.049400000007
pI : 5.208122825622558
netcharge : -8.941254245375678
aromaticity : 0.12571428571428572
gravy : -0.795428571428572
instability : 39.6492
