molecularweight : 103593.62780000069
pI : 6.140907478332519
netcharge : -8.64310945494303
aromaticity : 0.0970556161395856
gravy : -0.16303162486368628
instability : 52.364351145038405
