molecularweight : 13064.096599999993
pI : 10.750763893127441
netcharge : 12.57121201662126
aromaticity : 0.09734513274336283
gravy : -0.46460176991150437
instability : 29.9017699115044
