molecularweight : 27428.47150000003
pI : 6.884759330749512
netcharge : -0.1943662359902376
aromaticity : 0.15102040816326529
gravy : 0.38693877551020306
instability : 39.94824489795917
