molecularweight : 98838.97140000068
pI : 5.519771003723143
netcharge : -15.3611823565613
aromaticity : 0.09742441209406494
gravy : -0.2678611422172451
instability : 34.834165733482784
