molecularweight : 86071.02540000036
pI : 6.537473106384279
netcharge : -2.9868869977080976
aromaticity : 0.08666666666666667
gravy : -0.8483999999999995
instability : 51.547346666666854
