molecularweight : 13724.851599999984
pI : 9.910031700134276
netcharge : 9.83684332463088
aromaticity : 0.10084033613445378
gravy : -0.3302521008403362
instability : 27.16806722689075
