molecularweight : 38077.40080000003
pI : 8.610284614562989
netcharge : 4.1094220213097685
aromaticity : 0.0963855421686747
gravy : -0.42138554216867447
instability : 36.82807228915663
