molecularweight : 31631.939900000034
pI : 9.572088432312011
netcharge : 14.172547156694144
aromaticity : 0.0996309963099631
gravy : -0.5734317343173431
instability : 43.84464944649446
