molecularweight : 28682.763100000015
pI : 8.2636381149292
netcharge : 2.1212060764819824
aromaticity : 0.07171314741035856
gravy : -0.45179282868525955
instability : 46.26697211155377
