molecularweight : 70599.39110000028
pI : 6.287381553649904
netcharge : -3.5796496442585095
aromaticity : 0.06132075471698113
gravy : -0.4077044025157226
instability : 43.0122641509435
