molecularweight : 62526.71310000021
pI : 9.8114595413208
netcharge : 29.551844369176678
aromaticity : 0.113345521023766
gravy : -0.42906764168190137
instability : 50.4391590493603
