molecularweight : 52281.099400000145
pI : 4.854754829406737
netcharge : -21.78997385026397
aromaticity : 0.09544468546637744
gravy : -0.3533622559652929
instability : 44.19284164859001
