molecularweight : 86310.72400000044
pI : 6.068778800964354
netcharge : -8.039498912761047
aromaticity : 0.05789473684210526
gravy : -0.4456578947368406
instability : 42.50486842105279
