molecularweight : 60616.943300000115
pI : 5.679488563537597
netcharge : -18.154534872518333
aromaticity : 0.12615955473098328
gravy : -0.5972170686456394
instability : 24.352541743970313
