molecularweight : 152397.2170000007
pI : 7.289282417297363
netcharge : 1.5608856829423985
aromaticity : 0.10059171597633136
gravy : 0.093269230769231
instability : 33.14522189349129
