molecularweight : 42281.54870000004
pI : 4.952461051940917
netcharge : -19.4133050389611
aromaticity : 0.09278350515463918
gravy : 0.06469072164948463
instability : 23.45695876288659
