molecularweight : 47076.21060000002
pI : 6.380426979064941
netcharge : -4.034080391589363
aromaticity : 0.09219858156028368
gravy : -0.218912529550828
instability : 36.34302600472812
