molecularweight : 29236.01230000003
pI : 5.757073783874512
netcharge : -4.9485484337724515
aromaticity : 0.06614785992217899
gravy : -0.4171206225680936
instability : 50.439688715953295
