molecularweight : 58691.234600000134
pI : 8.805365943908694
netcharge : 5.903447016954402
aromaticity : 0.14559386973180077
gravy : 0.5183908045977017
instability : 38.37818007662834
