molecularweight : 49571.91490000008
pI : 5.663459968566895
netcharge : -10.309854574742083
aromaticity : 0.06888888888888889
gravy : -0.34377777777777824
instability : 43.977999999999994
