molecularweight : 101028.86310000072
pI : 6.669510078430176
netcharge : -2.0059956427478056
aromaticity : 0.08455467869222097
gravy : -0.33607666290868066
instability : 43.55932356257062
