molecularweight : 28678.196400000023
pI : 5.748775291442871
netcharge : -3.2459715535144404
aromaticity : 0.125
gravy : -0.4572580645161294
instability : 44.95685483870968
