molecularweight : 147054.41780000055
pI : 8.377618217468264
netcharge : 8.45525365966077
aromaticity : 0.09242424242424242
gravy : 0.057121212121212094
instability : 42.524015151515364
