molecularweight : 21564.59090000001
pI : 8.527313804626463
netcharge : 1.685130263558925
aromaticity : 0.07253886010362694
gravy : -0.14559585492227972
instability : 17.874611398963726
