molecularweight : 37077.17460000009
pI : 4.813262367248535
netcharge : -19.69022351882139
aromaticity : 0.11875
gravy : -0.4490625000000003
instability : 40.630937499999995
