molecularweight : 32325.304600000032
pI : 5.2518320083618155
netcharge : -7.1996175120135035
aromaticity : 0.09219858156028368
gravy : -0.4702127659574471
instability : 52.20677304964539
