molecularweight : 55239.19520000011
pI : 4.5543607711792
netcharge : -45.1116684747426
aromaticity : 0.10191082802547771
gravy : -0.6021231422505305
instability : 48.03951167728243
