molecularweight : 66828.62850000014
pI : 9.153043937683105
netcharge : 13.56003430401065
aromaticity : 0.16520210896309315
gravy : 0.2265377855887521
instability : 35.80970123022847
