molecularweight : 93497.95930000056
pI : 8.512743949890137
netcharge : 7.887090358197952
aromaticity : 0.09247842170160296
gravy : -0.4704069050554852
instability : 40.59002466091259
