molecularweight : 47721.596500000065
pI : 5.683296775817872
netcharge : -6.912908540514849
aromaticity : 0.05336426914153132
gravy : -0.9078886310904855
instability : 33.167772621809746
