molecularweight : 30905.833499999968
pI : 9.8450475692749
netcharge : 15.57046093085384
aromaticity : 0.08191126279863481
gravy : 0.25051194539249144
instability : 24.304095563139928
