molecularweight : 37934.35180000001
pI : 5.9341840744018555
netcharge : -3.9827722497539284
aromaticity : 0.07871720116618075
gravy : -0.03411078717201167
instability : 35.24696793002914
