molecularweight : 116617.49250000082
pI : 4.853845405578612
netcharge : -41.71489652021822
aromaticity : 0.12223291626564003
gravy : -0.332916265640038
instability : 37.76641000962478
