molecularweight : 16400.42619999999
pI : 10.312636756896971
netcharge : 13.765821751056082
aromaticity : 0.1095890410958904
gravy : -0.6698630136986302
instability : 43.46041095890409
