molecularweight : 27746.203700000016
pI : 4.617338371276855
netcharge : -22.15936516208565
aromaticity : 0.11538461538461538
gravy : -1.0713675213675216
instability : 44.67863247863248
