molecularweight : 45042.49130000004
pI : 6.650753211975098
netcharge : -0.9136726718550889
aromaticity : 0.1521197007481297
gravy : 0.6349127182044894
instability : 36.60907730673315
