molecularweight : 39883.56520000002
pI : 8.446792793273929
netcharge : 4.068946959993745
aromaticity : 0.10632183908045978
gravy : -0.2916666666666668
instability : 53.128505747126425
