molecularweight : 33747.131400000035
pI : 9.61476650238037
netcharge : 12.726738014442667
aromaticity : 0.11683848797250859
gravy : -0.443986254295533
instability : 45.47422680412372
