molecularweight : 65246.39310000015
pI : 5.9796552658081055
netcharge : -4.791598394991723
aromaticity : 0.0690846286701209
gravy : -0.5416234887737474
instability : 46.899499136442266
