molecularweight : 49591.54430000001
pI : 5.936628150939941
netcharge : -5.737595431539681
aromaticity : 0.1056338028169014
gravy : -0.3988262910798122
instability : 51.2894600938967
