molecularweight : 59905.64820000014
pI : 6.581693840026856
netcharge : -1.6604737537680165
aromaticity : 0.07734806629834254
gravy : -0.18195211786372015
instability : 42.19211786372014
