molecularweight : 14568.693299999984
pI : 4.771599388122559
netcharge : -8.165303283349703
aromaticity : 0.06976744186046512
gravy : 0.011627906976744207
instability : 52.44418604651162
