molecularweight : 34362.801700000055
pI : 5.082565498352049
netcharge : -11.213509896058675
aromaticity : 0.0594059405940594
gravy : -0.3851485148514855
instability : 54.526435643564334
