molecularweight : 62514.38510000004
pI : 9.417106437683106
netcharge : 16.574894124716742
aromaticity : 0.08226691042047532
gravy : -0.5036563071297987
instability : 50.06824497257779
