molecularweight : 70442.6476000003
pI : 8.706793785095215
netcharge : 7.732907857005756
aromaticity : 0.15483870967741936
gravy : 0.39677419354838706
instability : 38.28746774193551
