molecularweight : 13776.346699999984
pI : 5.185500907897948
netcharge : -3.466869733135603
aromaticity : 0.03278688524590164
gravy : -1.0065573770491807
instability : 38.782868852459
