molecularweight : 31249.878100000038
pI : 9.610253715515139
netcharge : 10.747964448278363
aromaticity : 0.1076388888888889
gravy : 0.07673611111111116
instability : 30.40947916666667
