molecularweight : 59055.10060000009
pI : 5.853529548645019
netcharge : -10.01510677214781
aromaticity : 0.10465116279069768
gravy : -0.33062015503875924
instability : 37.1201937984496
