molecularweight : 70150.89360000024
pI : 5.939526939392089
netcharge : -7.548450772755402
aromaticity : 0.08306188925081433
gravy : -0.2912052117263828
instability : 48.161254071661325
