molecularweight : 40949.38030000008
pI : 8.940620613098147
netcharge : 7.271281486619401
aromaticity : 0.0653950953678474
gravy : -0.35776566757493206
instability : 38.46103542234332
