molecularweight : 12862.520499999991
pI : 4.495305061340332
netcharge : -5.505047505093147
aromaticity : 0.1327433628318584
gravy : -0.1849557522123894
instability : 35.3408849557522
