molecularweight : 21846.175500000012
pI : 4.430110740661622
netcharge : -20.275993329107955
aromaticity : 0.06382978723404255
gravy : -0.7122340425531917
instability : 47.02234042553192
