molecularweight : 35992.090200000064
pI : 9.512132835388183
netcharge : 9.557040581371911
aromaticity : 0.07570977917981073
gravy : -0.2990536277602526
instability : 60.15334384858044
