molecularweight : 50380.75810000002
pI : 8.101435661315918
netcharge : 2.293301159779908
aromaticity : 0.09557109557109557
gravy : -0.1909090909090911
instability : 38.67902097902096
