molecularweight : 173076.83760000032
pI : 6.284823799133301
netcharge : -7.526773354487489
aromaticity : 0.09437621202327084
gravy : 0.11111829347123534
instability : 36.04133160956714
