molecularweight : 23939.14560000002
pI : 9.33574733734131
netcharge : 7.72261130529462
aromaticity : 0.07906976744186046
gravy : 0.43162790697674397
instability : 40.42046511627907
