molecularweight : 99455.32830000075
pI : 9.013083076477052
netcharge : 14.694417519791514
aromaticity : 0.14767441860465116
gravy : 0.2586046511627909
instability : 40.35550000000011
