molecularweight : 47237.04560000011
pI : 5.679886436462403
netcharge : -8.611646038638284
aromaticity : 0.17929292929292928
gravy : -0.44621212121212134
instability : 33.62815656565659
