molecularweight : 25798.428699999997
pI : 5.693982505798339
netcharge : -4.95535831588256
aromaticity : 0.08119658119658119
gravy : -0.09529914529914534
instability : 29.667094017094016
