molecularweight : 64506.7313000001
pI : 6.289598274230957
netcharge : -3.5410675342272384
aromaticity : 0.07457627118644068
gravy : -0.2764406779661023
instability : 31.404779661016946
