molecularweight : 64246.75750000015
pI : 6.542418098449708
netcharge : -2.9250395187632208
aromaticity : 0.18795620437956206
gravy : 0.27591240875912554
instability : 30.067390510948897
