molecularweight : 24385.179900000036
pI : 9.203651618957519
netcharge : 4.8739338914787815
aromaticity : 0.09905660377358491
gravy : -0.07028301886792458
instability : 38.52688679245282
