molecularweight : 60594.512500000106
pI : 8.976529502868651
netcharge : 6.178606782990798
aromaticity : 0.11754068716094032
gravy : 0.691139240506331
instability : 35.03943942133816
