molecularweight : 74605.3953000003
pI : 9.162327384948732
netcharge : 13.876072710872094
aromaticity : 0.07270029673590506
gravy : 0.055786350148367525
instability : 41.868308605341326
