molecularweight : 52233.59420000002
pI : 9.27656536102295
netcharge : 15.183838849710398
aromaticity : 0.10786516853932585
gravy : -0.48089887640449386
instability : 49.47555056179776
