molecularweight : 33612.99590000005
pI : 5.248080635070799
netcharge : -9.904861091413824
aromaticity : 0.08417508417508418
gravy : -0.2764309764309766
instability : 45.84511784511784
