molecularweight : 36036.43890000001
pI : 6.376107215881347
netcharge : -2.6401406069358373
aromaticity : 0.08176100628930819
gravy : -0.44245283018867976
instability : 38.39433962264151
