molecularweight : 39294.912900000025
pI : 5.550123023986816
netcharge : -7.791454255950079
aromaticity : 0.09742120343839542
gravy : -0.4186246418338112
instability : 38.698853868194846
