molecularweight : 60206.17690000008
pI : 4.957406044006347
netcharge : -22.573204051651565
aromaticity : 0.10056925996204934
gravy : -0.4129032258064515
instability : 28.12601518026564
