molecularweight : 33945.87830000005
pI : 9.998224449157714
netcharge : 19.199674543454897
aromaticity : 0.08053691275167785
gravy : -0.5214765100671138
instability : 43.140604026845644
