molecularweight : 44494.1038000001
pI : 5.181124305725096
netcharge : -18.213022366390028
aromaticity : 0.08375634517766498
gravy : -0.5081218274111677
instability : 51.12918781725887
