molecularweight : 15119.079399999984
pI : 9.297066307067869
netcharge : 2.59201245514339
aromaticity : 0.08759124087591241
gravy : -0.18613138686131386
instability : 47.240145985401455
