molecularweight : 54239.40910000001
pI : 6.154321479797362
netcharge : -4.563444131542376
aromaticity : 0.07738095238095238
gravy : -0.011904761904761892
instability : 26.3119246031746
