molecularweight : 58316.139200000114
pI : 8.716721916198729
netcharge : 6.276363865771067
aromaticity : 0.10200000000000001
gravy : -0.3992000000000003
instability : 50.66542000000006
