molecularweight : 79625.47680000032
pI : 5.92497615814209
netcharge : -11.62188791366745
aromaticity : 0.05327868852459017
gravy : -0.3763661202185794
instability : 45.41967213114772
