molecularweight : 74717.31989999999
pI : 5.35851879119873
netcharge : -20.60855052825653
aromaticity : 0.07153502235469449
gravy : -0.6962742175856925
instability : 61.697183308495035
