molecularweight : 11534.759499999995
pI : 8.770101737976074
netcharge : 1.8438405706319347
aromaticity : 0.07407407407407407
gravy : -0.3925925925925923
instability : 32.0361111111111
