molecularweight : 40510.137100000065
pI : 9.424584770202639
netcharge : 10.94631861937632
aromaticity : 0.09315068493150684
gravy : -0.1416438356164384
instability : 36.234794520547936
