molecularweight : 94606.88080000058
pI : 6.286870002746583
netcharge : -6.619816930583767
aromaticity : 0.0785024154589372
gravy : -0.7969806763285021
instability : 57.673091787439915
