molecularweight : 94032.27500000065
pI : 5.915199851989747
netcharge : -6.797314183520541
aromaticity : 0.0962962962962963
gravy : -0.3630864197530861
instability : 42.120259259259406
