molecularweight : 29505.335899999984
pI : 4.2228189468383786
netcharge : -17.508407597110896
aromaticity : 0.05338078291814946
gravy : -0.18434163701067618
instability : 34.497580071174376
