molecularweight : 61751.82580000012
pI : 5.360508155822754
netcharge : -7.16580415313306
aromaticity : 0.09895833333333333
gravy : 0.5663194444444456
instability : 23.083871527777774
