molecularweight : 30240.405500000026
pI : 9.358053398132324
netcharge : 7.601018254983067
aromaticity : 0.07063197026022305
gravy : -0.4966542750929368
instability : 43.67591078066915
