molecularweight : 92883.15820000056
pI : 4.801326179504395
netcharge : -36.29022378215572
aromaticity : 0.0878459687123947
gravy : -0.04452466907340556
instability : 33.81504211793028
