molecularweight : 52927.24510000003
pI : 5.490555763244628
netcharge : -8.866902444188064
aromaticity : 0.08879492600422834
gravy : -0.3372093023255815
instability : 44.62663847780127
