molecularweight : 44460.86980000007
pI : 5.294233894348144
netcharge : -13.496513963989386
aromaticity : 0.08706467661691543
gravy : -0.18880597014925413
instability : 33.30027363184078
