molecularweight : 46853.97750000003
pI : 5.400522804260253
netcharge : -8.970654662524375
aromaticity : 0.07857142857142857
gravy : -0.13047619047619058
instability : 46.162404761904746
