molecularweight : 78405.86140000046
pI : 5.44246997833252
netcharge : -15.326277724525596
aromaticity : 0.13043478260869565
gravy : -0.17586206896551765
instability : 38.609490254872604
