molecularweight : 95159.33340000066
pI : 5.890815925598144
netcharge : -7.613531777770547
aromaticity : 0.06863905325443787
gravy : -0.42556213017751354
instability : 44.42498224852085
