molecularweight : 23699.389300000017
pI : 4.937853431701659
netcharge : -8.320578188707096
aromaticity : 0.06511627906976744
gravy : -0.44697674418604655
instability : 44.87125581395351
