molecularweight : 40198.3282
pI : 6.174271965026855
netcharge : -3.6830483500156106
aromaticity : 0.10451977401129944
gravy : -0.4028248587570623
instability : 34.933050847457615
