molecularweight : 38062.77280000003
pI : 5.448324394226074
netcharge : -8.827926600418401
aromaticity : 0.09597523219814241
gravy : -0.570278637770897
instability : 46.62080495356035
