molecularweight : 22030.1938
pI : 5.360167121887207
netcharge : -3.445253012001878
aromaticity : 0.07035175879396985
gravy : -0.10251256281407028
instability : 36.03919597989949
