molecularweight : 202989.50680000058
pI : 5.777820014953612
netcharge : -21.917633559617713
aromaticity : 0.09329608938547486
gravy : 0.000614525139664839
instability : 38.960128491620345
