molecularweight : 32119.556900000003
pI : 7.061414909362793
netcharge : 0.1450314465430509
aromaticity : 0.05723905723905724
gravy : -0.040740740740740654
instability : 36.91986531986531
