molecularweight : 63364.178700000186
pI : 8.18866138458252
netcharge : 4.034784392966529
aromaticity : 0.09549549549549549
gravy : -0.49675675675675673
instability : 45.06236036036043
