molecularweight : 61878.03210000016
pI : 8.701894187927245
netcharge : 6.628728182031466
aromaticity : 0.11786372007366483
gravy : -0.35377532228360914
instability : 38.65620626151016
