molecularweight : 46426.2251
pI : 5.177770805358886
netcharge : -12.02318060590504
aromaticity : 0.10120481927710843
gravy : -0.2684337349397593
instability : 28.413759036144576
