molecularweight : 31116.332500000033
pI : 8.516869926452639
netcharge : 3.7452959302671758
aromaticity : 0.0695970695970696
gravy : -0.6611721611721607
instability : 43.216520146520146
