molecularweight : 21690.714200000006
pI : 9.242139244079588
netcharge : 6.035983870920056
aromaticity : 0.06806282722513088
gravy : -0.320418848167539
instability : 21.467539267015706
