molecularweight : 23557.642700000026
pI : 9.940718650817871
netcharge : 14.427600856922934
aromaticity : 0.07655502392344497
gravy : -0.6674641148325363
instability : 62.90196172248801
