molecularweight : 26684.937900000023
pI : 4.801553535461426
netcharge : -16.07653939675324
aromaticity : 0.0663716814159292
gravy : -0.8230088495575221
instability : 48.90575221238938
