molecularweight : 69563.24680000027
pI : 5.216307640075683
netcharge : -10.204767826790722
aromaticity : 0.125
gravy : 0.2528846153846153
instability : 50.570849358974506
