molecularweight : 63828.63580000017
pI : 6.15722026824951
netcharge : -6.9425143913149725
aromaticity : 0.09281961471103328
gravy : -0.09789842381786329
instability : 39.487040280210174
