molecularweight : 48267.833500000015
pI : 7.644071388244629
netcharge : 1.300659169607087
aromaticity : 0.07209302325581396
gravy : -0.598139534883721
instability : 57.35816279069769
