molecularweight : 50719.30920000002
pI : 5.27172565460205
netcharge : -12.912139124121097
aromaticity : 0.053488372093023255
gravy : -0.7102325581395345
instability : 43.773953488372065
