molecularweight : 16591.427299999992
pI : 4.7804662704467775
netcharge : -10.1444117674646
aromaticity : 0.0896551724137931
gravy : -0.5889655172413797
instability : 38.203517241379295
