molecularweight : 12182.781799999979
pI : 5.816413688659668
netcharge : -1.4039493435856514
aromaticity : 0.06422018348623854
gravy : -0.26238532110091733
instability : 40.48073394495412
