molecularweight : 25384.457800000015
pI : 7.771902275085449
netcharge : 1.4451992737218227
aromaticity : 0.12162162162162163
gravy : -0.4608108108108109
instability : 39.08878378378378
