molecularweight : 37198.50510000005
pI : 9.579889106750485
netcharge : 18.730008078878328
aromaticity : 0.060790273556231
gravy : -0.5440729483282677
instability : 40.00942249240121
