molecularweight : 85438.55780000048
pI : 6.139998054504394
netcharge : -6.942639035404895
aromaticity : 0.08781127129750982
gravy : -0.10851900393184816
instability : 32.4336959370905
