molecularweight : 91304.33320000053
pI : 5.858815574645996
netcharge : -9.352385984788285
aromaticity : 0.044740024183796856
gravy : -0.8587666263603387
instability : 42.56070133010896
