molecularweight : 48124.22300000004
pI : 8.660827827453613
netcharge : 5.991833176627949
aromaticity : 0.06526806526806526
gravy : -0.16713286713286707
instability : 46.012610722610695
