molecularweight : 55392.47130000001
pI : 9.15613842010498
netcharge : 12.51641831232046
aromaticity : 0.08249496981891348
gravy : -0.32615694164989956
instability : 28.934627766599597
