molecularweight : 22083.64800000001
pI : 5.707282829284668
netcharge : -3.2221351663149598
aromaticity : 0.05729166666666667
gravy : -0.6645833333333337
instability : 47.17083333333332
