molecularweight : 46573.90640000004
pI : 6.283516502380372
netcharge : -2.7528343820676042
aromaticity : 0.07194244604316546
gravy : -0.22613908872901706
instability : 34.81942446043164
