molecularweight : 60334.69790000019
pI : 5.4931135177612305
netcharge : -12.41771223034771
aromaticity : 0.06785714285714285
gravy : -0.09625000000000003
instability : 22.698410714285707
