molecularweight : 77819.24510000036
pI : 6.317904090881348
netcharge : -5.667606926594317
aromaticity : 0.10914454277286136
gravy : -0.1001474926253692
instability : 38.501179941002995
