molecularweight : 46480.55929999999
pI : 9.170966148376465
netcharge : 6.7598680415553645
aromaticity : 0.05980861244019139
gravy : -0.41937799043062185
instability : 61.28373205741631
