molecularweight : 66352.22600000029
pI : 9.003799629211429
netcharge : 18.211952025958624
aromaticity : 0.08950086058519793
gravy : -0.8070567986230619
instability : 41.36783132530125
