molecularweight : 22081.919700000006
pI : 8.478704643249515
netcharge : 2.0191381049819483
aromaticity : 0.1377551020408163
gravy : -0.1801020408163267
instability : 34.58265306122448
