molecularweight : 90813.77450000061
pI : 5.381254386901856
netcharge : -17.5798637556248
aromaticity : 0.046454767726161375
gravy : -0.44290953545232137
instability : 39.60281173594149
