molecularweight : 37265.27310000004
pI : 9.096182823181152
netcharge : 11.222142498611078
aromaticity : 0.0764525993883792
gravy : -0.5217125382262999
instability : 36.596330275229334
