molecularweight : 112769.24490000082
pI : 6.223437690734863
netcharge : -10.636397640315707
aromaticity : 0.09490509490509491
gravy : -0.4265734265734256
instability : 39.731778221778406
