molecularweight : 14112.382199999978
pI : 9.996225929260255
netcharge : 11.51203509049465
aromaticity : 0.0390625
gravy : -0.5031249999999999
instability : 28.648437499999986
