molecularweight : 74406.24850000022
pI : 9.059113502502441
netcharge : 11.48778321201371
aromaticity : 0.11956521739130435
gravy : -0.6512422360248441
instability : 50.66104037267091
