molecularweight : 33083.77920000005
pI : 5.729961585998535
netcharge : -5.9110184889969375
aromaticity : 0.07801418439716312
gravy : -1.0709219858156023
instability : 60.557482269503524
