molecularweight : 62368.69760000011
pI : 5.367158317565917
netcharge : -19.00017201739383
aromaticity : 0.13108614232209737
gravy : -0.41029962546816495
instability : 47.362359550561905
