molecularweight : 354242.12760000286
pI : 5.222730445861815
netcharge : -80.13159286385763
aromaticity : 0.09207161125319693
gravy : -0.3231777493606141
instability : 38.7632193094632
