molecularweight : 43423.17900000004
pI : 7.767696189880372
netcharge : 1.0857428699117193
aromaticity : 0.03608247422680412
gravy : -0.7530927835051542
instability : 46.39432989690723
