molecularweight : 62059.321600000076
pI : 5.933786201477051
netcharge : -8.23254658593784
aromaticity : 0.11962616822429907
gravy : -0.5471028037383173
instability : 44.202074766355196
