molecularweight : 29145.842599999974
pI : 6.100949668884277
netcharge : -2.9555536383404117
aromaticity : 0.08365019011406843
gravy : -0.28783269961977176
instability : 24.845627376425856
