molecularweight : 173507.5894000008
pI : 6.378096580505371
netcharge : -7.073799450381188
aromaticity : 0.08599348534201955
gravy : -0.4771335504886
instability : 44.919413680782085
