molecularweight : 53148.71450000003
pI : 9.058726692199706
netcharge : 9.464685539242112
aromaticity : 0.06976744186046512
gravy : -0.2987315010570828
instability : 32.713953488372084
