molecularweight : 43627.85210000001
pI : 6.0121671676635735
netcharge : -6.330515034220646
aromaticity : 0.06735751295336787
gravy : -0.8181347150259058
instability : 50.090155440414485
