molecularweight : 31543.701300000015
pI : 4.626034736633301
netcharge : -18.20531087906496
aromaticity : 0.08185053380782918
gravy : -0.5843416370106765
instability : 54.390747330960856
