molecularweight : 46250.14910000007
pI : 8.589461326599121
netcharge : 4.3840538945894565
aromaticity : 0.09068627450980393
gravy : -0.09264705882352942
instability : 34.36470588235292
