molecularweight : 14068.608699999986
pI : 7.795533180236816
netcharge : 1.0090174115672657
aromaticity : 0.0975609756097561
gravy : 0.46504065040650405
instability : 30.158536585365844
