molecularweight : 21639.94050000002
pI : 5.111098670959472
netcharge : -9.965363270884165
aromaticity : 0.037037037037037035
gravy : -0.7312169312169314
instability : 36.35238095238093
