molecularweight : 39817.818400000055
pI : 8.676751518249514
netcharge : 5.405570631110457
aromaticity : 0.0764872521246459
gravy : -0.25609065155807376
instability : 29.431728045325773
