molecularweight : 23398.786699999997
pI : 10.173320579528806
netcharge : 15.746873448899208
aromaticity : 0.09803921568627451
gravy : -0.48284313725490224
instability : 63.3549019607843
