molecularweight : 20636.030900000012
pI : 10.367950630187984
netcharge : 23.481232304418256
aromaticity : 0.06666666666666667
gravy : -0.5177777777777777
instability : 55.5922222222222
