molecularweight : 32199.5559
pI : 5.959875297546388
netcharge : -4.744771558507686
aromaticity : 0.1607142857142857
gravy : 0.13821428571428543
instability : 34.175785714285716
