molecularweight : 53481.9968
pI : 8.358471107482913
netcharge : 2.988572964454047
aromaticity : 0.14814814814814814
gravy : 0.38867102396514164
instability : 37.98779956427015
