molecularweight : 38150.38620000006
pI : 7.723645973205566
netcharge : 0.8138392812867252
aromaticity : 0.06363636363636363
gravy : -0.8578787878787869
instability : 64.88545454545455
