molecularweight : 74201.0248000003
pI : 4.910854911804199
netcharge : -28.64137585668105
aromaticity : 0.07621951219512196
gravy : -0.14740853658536604
instability : 47.21708841463428
