molecularweight : 74123.33180000013
pI : 10.08867359161377
netcharge : 36.589386093190235
aromaticity : 0.03881987577639752
gravy : -1.2237577639751576
instability : 71.45698757764004
