molecularweight : 21307.976799999997
pI : 5.72518711090088
netcharge : -4.0456634646499445
aromaticity : 0.050505050505050504
gravy : -0.10101010101010098
instability : 36.59797979797979
