molecularweight : 60846.65940000009
pI : 6.790633964538574
netcharge : -0.6915663150844509
aromaticity : 0.1446886446886447
gravy : 0.5652014652014659
instability : 41.891025641025685
