molecularweight : 88265.58580000048
pI : 8.874089241027832
netcharge : 14.952010521783464
aromaticity : 0.12630208333333334
gravy : 0.054036458333333
instability : 41.42385416666678
