molecularweight : 29327.948500000006
pI : 8.5117769241333
netcharge : 2.9994385607158165
aromaticity : 0.11764705882352941
gravy : -0.45686274509803954
instability : 29.26003921568628
