molecularweight : 23015.44510000001
pI : 6.3030691146850595
netcharge : -1.9819719802668523
aromaticity : 0.1606217616580311
gravy : -0.7383419689119174
instability : 43.02191709844561
