molecularweight : 58827.73300000011
pI : 5.35516529083252
netcharge : -10.048637615641397
aromaticity : 0.047619047619047616
gravy : -0.06776556776556762
instability : 33.446153846153834
