molecularweight : 11276.955599999988
pI : 4.850491905212402
netcharge : -3.5023588030607815
aromaticity : 0.11764705882352941
gravy : 0.29313725490196096
instability : 21.91088235294117
