molecularweight : 114945.52990000088
pI : 8.173124504089355
netcharge : 5.151687019535586
aromaticity : 0.08091908091908093
gravy : -0.6307692307692302
instability : 43.064565434565594
