molecularweight : 63893.08750000016
pI : 5.48947582244873
netcharge : -14.322083922896823
aromaticity : 0.0852994555353902
gravy : -0.41234119782214174
instability : 37.6076225045372
