molecularweight : 51946.796200000084
pI : 5.4279191970825185
netcharge : -11.674965547702477
aromaticity : 0.06564551422319476
gravy : -0.24704595185995634
instability : 44.490153172866506
