molecularweight : 67036.16600000026
pI : 8.169707679748537
netcharge : 3.7771363685890975
aromaticity : 0.12283737024221453
gravy : -0.4266435986159169
instability : 46.597128027681734
