molecularweight : 204315.2856000003
pI : 5.893885231018066
netcharge : -18.927943585484826
aromaticity : 0.06555555555555556
gravy : -0.7485000000000022
instability : 50.04816666666698
