molecularweight : 30230.868400000047
pI : 9.031585502624512
netcharge : 4.849899135152974
aromaticity : 0.03636363636363636
gravy : -1.0665454545454542
instability : 42.98799999999998
