molecularweight : 57809.605200000056
pI : 5.344081687927246
netcharge : -12.74513710974432
aromaticity : 0.1157684630738523
gravy : -0.5750499001995999
instability : 38.322375249501
