molecularweight : 43031.20430000004
pI : 5.563934898376464
netcharge : -6.055622946225029
aromaticity : 0.07571801566579633
gravy : -0.3548302872062667
instability : 45.320391644908604
