molecularweight : 19595.95860000001
pI : 9.723653602600098
netcharge : 9.756946198439074
aromaticity : 0.0872093023255814
gravy : -0.11337209302325581
instability : 45.210523255813946
