molecularweight : 104134.97180000073
pI : 9.253163337707516
netcharge : 10.956193462450322
aromaticity : 0.0835762876579203
gravy : -0.5678328474246822
instability : 27.35753158406229
