molecularweight : 50011.39950000007
pI : 8.066880607604979
netcharge : 3.136941701949155
aromaticity : 0.10250569476082005
gravy : -0.710250569476082
instability : 42.893189066059215
