molecularweight : 18767.28169999999
pI : 9.252131843566893
netcharge : 5.9013145289393325
aromaticity : 0.11585365853658536
gravy : -0.20792682926829265
instability : 40.530487804878035
