molecularweight : 134281.77600000094
pI : 4.567376899719239
netcharge : -82.69489733136729
aromaticity : 0.07371007371007371
gravy : -0.7061425061425058
instability : 52.20206388206422
