molecularweight : 25206.423600000027
pI : 6.615683555603028
netcharge : -0.9336224391920922
aromaticity : 0.0958904109589041
gravy : -0.6561643835616437
instability : 37.16392694063926
