molecularweight : 92029.89280000045
pI : 5.1309923171997065
netcharge : -25.36373834298317
aromaticity : 0.06642941874258601
gravy : -0.12657176749703464
instability : 39.491115065243356
