molecularweight : 62726.26730000015
pI : 5.933445167541504
netcharge : -7.405324683690239
aromaticity : 0.08775137111517367
gravy : -0.4018281535648994
instability : 40.823765996343724
