molecularweight : 18982.411699999986
pI : 9.363533210754394
netcharge : 6.912651017625823
aromaticity : 0.0591715976331361
gravy : -0.5775147928994085
instability : 56.38698224852072
