molecularweight : 44539.93810000009
pI : 4.813262367248535
netcharge : -17.083148142181763
aromaticity : 0.07196029776674938
gravy : -0.5225806451612903
instability : 57.97022332506206
