molecularweight : 77865.1005000003
pI : 5.6929025650024405
netcharge : -13.893215036770783
aromaticity : 0.08779761904761904
gravy : -0.5723214285714272
instability : 42.46474702380967
