molecularweight : 44051.32840000009
pI : 9.215513801574708
netcharge : 10.716828607633708
aromaticity : 0.09595959595959595
gravy : 0.023484848484848487
instability : 44.18636363636364
