molecularweight : 18211.454400000002
pI : 9.680201911926268
netcharge : 8.851322674860306
aromaticity : 0.10062893081761007
gravy : -0.7220125786163526
instability : 43.50635220125785
