molecularweight : 79545.58250000041
pI : 6.0911165237426745
netcharge : -7.181252389394075
aromaticity : 0.06198347107438017
gravy : -0.22699724517906344
instability : 35.73100550964194
