molecularweight : 22425.127300000007
pI : 4.4735925674438475
netcharge : -14.474978586269355
aromaticity : 0.08629441624365483
gravy : -0.1944162436548223
instability : 47.6228426395939
