molecularweight : 51856.53750000005
pI : 6.675080299377441
netcharge : -0.8524495162680168
aromaticity : 0.11991434689507494
gravy : -0.22077087794432596
instability : 29.215631691648817
