molecularweight : 183387.23629999976
pI : 6.295509529113769
netcharge : -7.537831270434879
aromaticity : 0.08861538461538462
gravy : -0.30276923076922996
instability : 42.53225846153874
