molecularweight : 79712.23840000045
pI : 5.2512636184692365
netcharge : -20.7265860272704
aromaticity : 0.07871720116618075
gravy : -1.2322157434402332
instability : 45.24957725947531
