molecularweight : 25495.46990000002
pI : 8.897555732727053
netcharge : 3.9165893598860713
aromaticity : 0.07725321888412016
gravy : -0.28927038626609475
instability : 52.608583690987125
