molecularweight : 65885.45270000023
pI : 6.761077690124512
netcharge : -0.7298335548513961
aromaticity : 0.05042016806722689
gravy : -0.49546218487394933
instability : 48.759663865546294
