molecularweight : 53979.88770000005
pI : 5.893601036071778
netcharge : -7.431165600420236
aromaticity : 0.09146341463414634
gravy : -0.15060975609756116
instability : 33.64026422764226
