molecularweight : 16784.58699999999
pI : 4.1373899459838865
netcharge : -16.40011686735815
aromaticity : 0.07894736842105263
gravy : -0.244078947368421
instability : 37.83421052631578
