molecularweight : 167049.64819999988
pI : 4.972866249084471
netcharge : -60.69759063083859
aromaticity : 0.1051930758988016
gravy : -0.46404793608521894
instability : 31.612716378162702
