molecularweight : 49839.976900000125
pI : 8.737609672546387
netcharge : 4.111656670186001
aromaticity : 0.07423580786026202
gravy : -0.5336244541484716
instability : 54.59259825327519
