molecularweight : 63048.25650000023
pI : 6.018874168395995
netcharge : -5.60602719826754
aromaticity : 0.08648648648648649
gravy : -0.43675675675675707
instability : 39.29681081081082
