molecularweight : 68195.14770000038
pI : 5.247171211242674
netcharge : -17.46497702450513
aromaticity : 0.08373590982286634
gravy : -0.2586151368760062
instability : 37.41207729468602
