molecularweight : 12949.704299999987
pI : 10.180154228210448
netcharge : 14.60209150116328
aromaticity : 0.07339449541284404
gravy : -1.4596330275229357
instability : 69.54587155963304
