molecularweight : 27078.78700000003
pI : 9.310024452209472
netcharge : 14.03064895019293
aromaticity : 0.07563025210084034
gravy : -0.7600840336134457
instability : 42.27731092436974
