molecularweight : 56727.8342000001
pI : 6.428967475891112
netcharge : -3.8655232107059874
aromaticity : 0.06048387096774194
gravy : -0.9020161290322571
instability : 47.725604838709735
