molecularweight : 88424.87440000038
pI : 5.831987571716309
netcharge : -14.47545350119654
aromaticity : 0.07672634271099743
gravy : -0.35511508951406634
instability : 40.761393861892685
