molecularweight : 16084.20649999999
pI : 6.742775535583497
netcharge : -0.3039596054537519
aromaticity : 0.1267605633802817
gravy : -0.37605633802816885
instability : 22.964084507042237
