molecularweight : 32584.380000000045
pI : 4.98929271697998
netcharge : -12.098431993819503
aromaticity : 0.10071942446043165
gravy : -0.6046762589928062
instability : 48.53381294964028
