molecularweight : 25950.13570000001
pI : 8.852621269226074
netcharge : 4.846805518422201
aromaticity : 0.09009009009009009
gravy : -0.9707207207207206
instability : 57.70274774774777
