molecularweight : 17734.334099999982
pI : 6.295509529113769
netcharge : -1.9677665452178914
aromaticity : 0.062111801242236024
gravy : -0.031677018633540395
instability : 53.58322981366457
