molecularweight : 15685.50229999999
pI : 9.262640190124511
netcharge : 3.666887590095488
aromaticity : 0.1
gravy : 0.4692857142857143
instability : 32.48214285714285
