molecularweight : 82935.18230000051
pI : 8.247585487365722
netcharge : 4.384187869019939
aromaticity : 0.06473829201101929
gravy : -0.576997245179062
instability : 44.06887052341617
