molecularweight : 83128.82700000034
pI : 5.898489189147949
netcharge : -7.595264171938126
aromaticity : 0.07076101468624833
gravy : -0.29973297730307075
instability : 41.334993324432666
