molecularweight : 29670.418400000017
pI : 9.139312171936037
netcharge : 7.823441158350665
aromaticity : 0.09811320754716982
gravy : -0.43735849056603837
instability : 48.2328679245283
