molecularweight : 74551.5693000002
pI : 8.802916145324708
netcharge : 15.633509939339802
aromaticity : 0.11508553654743389
gravy : -0.41508553654743324
instability : 45.717433903577096
