molecularweight : 28641.800500000016
pI : 5.10388011932373
netcharge : -9.138648688178549
aromaticity : 0.12648221343873517
gravy : -0.4118577075098818
instability : 42.43245059288538
