molecularweight : 39376.392400000004
pI : 6.116523551940917
netcharge : -5.439344821203505
aromaticity : 0.10335195530726257
gravy : -0.255027932960894
instability : 17.95698324022345
