molecularweight : 79220.93060000028
pI : 6.259700965881348
netcharge : -6.6537057078785296
aromaticity : 0.08579465541490858
gravy : -0.26694796061884674
instability : 37.82295358649801
