molecularweight : 85359.45680000063
pI : 4.683385276794433
netcharge : -44.16196307416227
aromaticity : 0.09822646657571624
gravy : -0.47776261937244185
instability : 56.128703956344
