molecularweight : 57021.176600000064
pI : 5.689094352722168
netcharge : -6.125572251350903
aromaticity : 0.07113821138211382
gravy : -0.7819105691056882
instability : 43.46567073170733
