molecularweight : 62394.006200000156
pI : 9.42864627838135
netcharge : 19.65193716174891
aromaticity : 0.10746812386156648
gravy : -0.2428051001821499
instability : 39.11276867030967
