molecularweight : 33722.708100000076
pI : 4.628990364074707
netcharge : -19.07268874747731
aromaticity : 0.07692307692307693
gravy : -0.04198717948717935
instability : 45.107692307692275
