molecularweight : 176136.1628000002
pI : 5.3566999435424805
netcharge : -37.84167436668801
aromaticity : 0.1001300390117035
gravy : -0.04622886866059837
instability : 40.4844733420028
