molecularweight : 23294.61640000001
pI : 6.163245201110839
netcharge : -2.8997485583992173
aromaticity : 0.07352941176470587
gravy : -0.33235294117647074
instability : 46.189215686274515
