molecularweight : 39337.29770000004
pI : 5.567402076721191
netcharge : -9.584089134466616
aromaticity : 0.0997067448680352
gravy : -0.49941348973607014
instability : 48.64868035190615
