molecularweight : 22238.556100000023
pI : 8.999673652648926
netcharge : 6.7140640267989795
aromaticity : 0.05612244897959183
gravy : -1.1918367346938779
instability : 64.34234693877552
