molecularweight : 68588.71390000015
pI : 5.6376550674438475
netcharge : -9.566478963713706
aromaticity : 0.0713128038897893
gravy : -0.41377633711507256
instability : 46.44346839546201
