molecularweight : 30233.53360000004
pI : 4.57590274810791
netcharge : -18.096833065399867
aromaticity : 0.05904059040590406
gravy : -0.3339483394833952
instability : 34.695608856088555
