molecularweight : 39729.066900000034
pI : 9.989779090881349
netcharge : 19.049546409820174
aromaticity : 0.04143646408839779
gravy : -0.9204419889502753
instability : 51.21491712707183
