molecularweight : 44106.97290000009
pI : 6.101233863830565
netcharge : -4.618078204699984
aromaticity : 0.06565656565656566
gravy : -0.4934343434343433
instability : 39.75353535353534
