molecularweight : 25637.959800000004
pI : 5.635949897766112
netcharge : -4.148269032261869
aromaticity : 0.0711297071129707
gravy : -0.0033472803347280255
instability : 35.32719665271965
