molecularweight : 27332.567099999997
pI : 4.714078330993652
netcharge : -15.103947832333727
aromaticity : 0.07264957264957266
gravy : -0.6307692307692305
instability : 55.80256410256408
