molecularweight : 59870.7092000001
pI : 6.403730964660644
netcharge : -1.9525541782490805
aromaticity : 0.13123844731977818
gravy : 0.34879852125693195
instability : 41.675988909427005
