molecularweight : 30678.222200000015
pI : 8.382066535949708
netcharge : 1.6835458787965933
aromaticity : 0.07942238267148014
gravy : -0.045487364620938546
instability : 30.316245487364608
