molecularweight : 54149.688300000074
pI : 6.524172782897949
netcharge : -2.2983770094062663
aromaticity : 0.102880658436214
gravy : -0.36008230452674944
instability : 29.332098765432082
