molecularweight : 104247.80540000097
pI : 9.303448677062985
netcharge : 18.179295276980866
aromaticity : 0.06588735387885228
gravy : -0.818278427205102
instability : 53.42805526036161
