molecularweight : 42160.61650000004
pI : 5.2232988357543935
netcharge : -8.95526876040348
aromaticity : 0.05235602094240838
gravy : -0.30942408376963354
instability : 49.87329842931937
