molecularweight : 48140.131500000054
pI : 4.0500284194946286
netcharge : -38.161882943896856
aromaticity : 0.07289293849658314
gravy : -0.1348519362186788
instability : 41.3761047835991
