molecularweight : 44596.96380000004
pI : 8.937655067443853
netcharge : 6.148612217394017
aromaticity : 0.09067357512953367
gravy : -0.7481865284974099
instability : 44.84665803108806
