molecularweight : 25673.488400000024
pI : 8.687001991271973
netcharge : 2.0623412608807463
aromaticity : 0.04484304932735426
gravy : -0.6928251121076234
instability : 75.06591928251119
