molecularweight : 31193.50630000001
pI : 9.90970935821533
netcharge : 14.833626760367974
aromaticity : 0.14391143911439114
gravy : 0.3439114391143908
instability : 43.11885608856088
