molecularweight : 28605.152899999975
pI : 9.692386436462403
netcharge : 11.55478244114854
aromaticity : 0.03345724907063197
gravy : -1.2014869888475812
instability : 30.376208178438656
