molecularweight : 29189.120000000017
pI : 9.765622520446776
netcharge : 19.265112305043658
aromaticity : 0.06274509803921569
gravy : -0.8772549019607846
instability : 48.16356862745096
