molecularweight : 74690.16190000025
pI : 6.70708065032959
netcharge : -1.2936555147272202
aromaticity : 0.1019786910197869
gravy : -0.23363774733637735
instability : 32.547945205479444
