molecularweight : 76808.39600000033
pI : 6.847416114807129
netcharge : -0.805231538175704
aromaticity : 0.07906295754026355
gravy : -0.3878477306002923
instability : 46.83177159590058
