molecularweight : 20249.765799999994
pI : 7.749621391296387
netcharge : 0.6049831808024386
aromaticity : 0.11173184357541899
gravy : -0.3698324022346368
instability : 56.502290502793294
