molecularweight : 107213.99520000078
pI : 8.403341102600102
netcharge : 7.017562517470367
aromaticity : 0.08012170385395537
gravy : 0.16632860040567987
instability : 36.12385395537539
