molecularweight : 160294.77180000098
pI : 4.655363655090333
netcharge : -103.2577262438268
aromaticity : 0.057692307692307696
gravy : -0.5198717948717951
instability : 51.05685897435929
