molecularweight : 14401.937599999976
pI : 9.472097969055177
netcharge : 4.22510129100861
aromaticity : 0.0625
gravy : -0.8203125000000001
instability : 30.34374999999999
