molecularweight : 91160.65160000039
pI : 4.627683067321779
netcharge : -51.23091757454306
aromaticity : 0.06815365551425032
gravy : -1.014745972738537
instability : 57.2486988847586
