molecularweight : 40096.75889999999
pI : 7.237729454040529
netcharge : 0.7806902613944402
aromaticity : 0.0903954802259887
gravy : -0.7112994350282484
instability : 30.237881355932206
