molecularweight : 79239.31180000037
pI : 8.13914966583252
netcharge : 3.399652230931814
aromaticity : 0.10614525139664804
gravy : 0.31117318435754215
instability : 41.4484776536314
