molecularweight : 33932.566200000045
pI : 8.973692893981934
netcharge : 4.402748684051453
aromaticity : 0.10437710437710437
gravy : -0.3033670033670039
instability : 30.526262626262636
