molecularweight : 36933.26080000004
pI : 8.713949775695799
netcharge : 6.375311740948359
aromaticity : 0.12037037037037036
gravy : -0.05246913580246916
instability : 45.23922839506171
