molecularweight : 41929.847600000016
pI : 6.638930702209472
netcharge : -1.4622005266441818
aromaticity : 0.11748633879781421
gravy : -0.07404371584699457
instability : 31.97814207650272
