molecularweight : 17881.49230000001
pI : 9.692193031311035
netcharge : 4.683419047714814
aromaticity : 0.10759493670886075
gravy : -1.1056962025316464
instability : 94.75069620253161
