molecularweight : 54785.73830000003
pI : 6.310685539245606
netcharge : -3.5442566197597216
aromaticity : 0.06889352818371608
gravy : -0.7807933194154474
instability : 49.12066805845515
