molecularweight : 18420.20389999999
pI : 9.529990577697756
netcharge : 9.949366718333502
aromaticity : 0.13043478260869565
gravy : 0.04223602484472064
instability : 63.65962732919254
