molecularweight : 13856.917799999981
pI : 11.999967765808105
netcharge : 21.582167331577118
aromaticity : 0.08333333333333334
gravy : -0.6875000000000001
instability : 66.84416666666664
