molecularweight : 61750.7605000001
pI : 5.508346366882324
netcharge : -13.344000060697226
aromaticity : 0.0890909090909091
gravy : -0.12454545454545463
instability : 43.930563636363686
