molecularweight : 29024.451000000037
pI : 9.556358146667481
netcharge : 10.088698955079057
aromaticity : 0.030534351145038167
gravy : -0.6767175572519084
instability : 52.88969465648854
