molecularweight : 67089.74310000018
pI : 9.3693998336792
netcharge : 10.838568499539257
aromaticity : 0.08528428093645485
gravy : -0.45434782608695584
instability : 41.17541806020072
