molecularweight : 17971.344499999985
pI : 9.14743518829346
netcharge : 4.669503708819853
aromaticity : 0.12101910828025478
gravy : -0.7063694267515925
instability : 56.43127388535029
