molecularweight : 53139.08329999992
pI : 7.044420051574707
netcharge : 0.1881622541588328
aromaticity : 0.09361702127659574
gravy : -0.5712765957446799
instability : 57.010893617021395
