molecularweight : 54306.46170000011
pI : 5.687161827087402
netcharge : -11.2319654646219
aromaticity : 0.07692307692307693
gravy : -0.24781704781704816
instability : 46.29521829521834
