molecularweight : 44777.95340000001
pI : 4.871465492248535
netcharge : -21.522841712822235
aromaticity : 0.13471502590673576
gravy : -0.3800518134715027
instability : 41.85753886010362
