molecularweight : 294271.71470000123
pI : 6.072700691223144
netcharge : -29.720435179359242
aromaticity : 0.09397024275646046
gravy : -0.12404072043852721
instability : 43.55909162098696
