molecularweight : 36519.32020000004
pI : 4.3506498336792
netcharge : -31.170890669235824
aromaticity : 0.09235668789808918
gravy : -1.0493630573248407
instability : 41.45544585987262
