molecularweight : 50898.567200000056
pI : 9.35328273773193
netcharge : 11.887189890673532
aromaticity : 0.07032967032967033
gravy : -0.8421978021978023
instability : 60.41628571428579
