molecularweight : 37807.22330000004
pI : 5.387108802795409
netcharge : -8.78852080848327
aromaticity : 0.08083832335329341
gravy : -0.3901197604790424
instability : 38.714970059880244
