molecularweight : 14259.044999999987
pI : 6.047805213928222
netcharge : -2.1545892906005957
aromaticity : 0.16799999999999998
gravy : -0.003200000000000028
instability : 35.48408
