molecularweight : 34137.16560000001
pI : 8.315664100646973
netcharge : 2.243238493824414
aromaticity : 0.11447811447811448
gravy : -0.6787878787878792
instability : 40.499326599326594
