molecularweight : 24348.46980000002
pI : 4.0500284194946286
netcharge : -15.372562975822106
aromaticity : 0.04803493449781659
gravy : -0.7327510917030573
instability : 45.277772925764175
