molecularweight : 86998.14000000061
pI : 9.09089641571045
netcharge : 14.626942292132611
aromaticity : 0.04533678756476684
gravy : -0.7395077720207246
instability : 47.872681347150426
