molecularweight : 70916.39100000024
pI : 5.237053871154784
netcharge : -19.24540512210875
aromaticity : 0.07754442649434573
gravy : -0.2518578352180939
instability : 40.12166397415192
