molecularweight : 63618.638800000204
pI : 4.878343009948731
netcharge : -29.35966058463515
aromaticity : 0.09123434704830054
gravy : -0.730948121645795
instability : 43.611109123434765
