molecularweight : 65988.67670000019
pI : 9.280691337585449
netcharge : 11.917199838164521
aromaticity : 0.07846410684474123
gravy : -0.5953255425709515
instability : 48.06679465776305
