molecularweight : 14949.64209999999
pI : 4.7751802444458
netcharge : -5.4668742684748
aromaticity : 0.05263157894736842
gravy : -0.30526315789473685
instability : 48.22481203007519
