molecularweight : 105338.8586000007
pI : 4.672017478942871
netcharge : -48.34653164936296
aromaticity : 0.09466811751904244
gravy : -0.1484221980413492
instability : 41.527421109902214
