molecularweight : 47046.36020000004
pI : 6.045872688293457
netcharge : -6.291554840836945
aromaticity : 0.10551558752997602
gravy : -0.5472422062350117
instability : 45.46810551558752
