molecularweight : 209869.3404
pI : 5.528410530090332
netcharge : -36.33891858254694
aromaticity : 0.09375
gravy : -0.15177801724137935
instability : 39.11531788793134
