molecularweight : 177156.47340000045
pI : 6.32745304107666
netcharge : -10.307751877892542
aromaticity : 0.0768733850129199
gravy : -0.41776485788113693
instability : 40.052868217054574
