molecularweight : 113776.23580000096
pI : 8.935140800476077
netcharge : 14.071325953301567
aromaticity : 0.08629441624365483
gravy : -1.0503553299492405
instability : 50.145289340101776
