molecularweight : 34771.31070000002
pI : 9.752019691467282
netcharge : 15.24598675872268
aromaticity : 0.09897610921501707
gravy : -0.9228668941979512
instability : 47.15194539249148
