molecularweight : 28540.690800000044
pI : 5.248080635070799
netcharge : -9.884030110516807
aromaticity : 0.08979591836734693
gravy : -0.7253061224489795
instability : 63.575510204081645
