molecularweight : 32283.689000000057
pI : 6.343879508972168
netcharge : -1.956395688124772
aromaticity : 0.07958477508650519
gravy : -0.27577854671280316
instability : 38.87370242214533
