molecularweight : 559552.5182000073
pI : 4.788366889953613
netcharge : -263.9969078002956
aromaticity : 0.08181818181818182
gravy : -0.3515555555555563
instability : 41.56395353535309
