molecularweight : 33585.82620000002
pI : 5.174417304992674
netcharge : -10.00984664393549
aromaticity : 0.06354515050167224
gravy : -0.9070234113712372
instability : 50.48762541806021
