molecularweight : 30186.769300000025
pI : 7.34367733001709
netcharge : 0.5141559550961468
aromaticity : 0.12363636363636363
gravy : 0.8589090909090915
instability : 47.71272727272728
