molecularweight : 51144.06220000008
pI : 6.170236396789551
netcharge : -3.721266162996045
aromaticity : 0.061674008810572695
gravy : -0.4110132158590309
instability : 31.53986784140969
