molecularweight : 92317.25210000062
pI : 5.6434526443481445
netcharge : -12.449406494698948
aromaticity : 0.08078335373317014
gravy : -0.5685434516523846
instability : 48.46477356181172
