molecularweight : 171537.0215000008
pI : 5.248080635070799
netcharge : -47.33145190617128
aromaticity : 0.07375979112271541
gravy : -0.13022193211488203
instability : 40.748890339425834
