molecularweight : 65200.937900000245
pI : 9.425616264343262
netcharge : 10.919061602478706
aromaticity : 0.05490848585690516
gravy : -0.39267886855241224
instability : 42.707004991680584
