molecularweight : 53712.99260000011
pI : 5.712909889221191
netcharge : -12.852818195316758
aromaticity : 0.12337662337662339
gravy : -0.5826839826839831
instability : 44.49309523809523
