molecularweight : 45389.690600000016
pI : 6.517352104187012
netcharge : -2.336920883839852
aromaticity : 0.06297229219143577
gravy : -0.7256926952141053
instability : 47.08692695214104
