molecularweight : 167763.11460000018
pI : 7.963086509704589
netcharge : 6.180514288593571
aromaticity : 0.11859838274932614
gravy : -0.10579514824797817
instability : 42.92171832884126
