molecularweight : 26922.561500000033
pI : 4.824004936218262
netcharge : -15.074816549780532
aromaticity : 0.07048458149779736
gravy : -0.41629955947136593
instability : 69.78678414096916
