molecularweight : 10454.89999999999
pI : 6.722540855407716
netcharge : -0.3421397221623721
aromaticity : 0.08045977011494253
gravy : -0.9321839080459773
instability : 54.05517241379309
