molecularweight : 40989.38030000004
pI : 5.57598476409912
netcharge : -6.919418785843206
aromaticity : 0.0797872340425532
gravy : -0.029255319148936133
instability : 37.222101063829776
