molecularweight : 13936.107399999992
pI : 5.7229703903198255
netcharge : -2.3360265986410162
aromaticity : 0.1016949152542373
gravy : -0.2593220338983051
instability : 78.07118644067795
