molecularweight : 45545.74790000004
pI : 7.540397071838379
netcharge : 0.8258036173040253
aromaticity : 0.15384615384615385
gravy : -0.06256410256410301
instability : 40.02692307692308
