molecularweight : 14661.801899999988
pI : 5.525284385681151
netcharge : -3.308368577537646
aromaticity : 0.112
gravy : -0.3927999999999999
instability : 39.435199999999995
