molecularweight : 21681.704100000003
pI : 9.242074775695798
netcharge : 5.94880968266547
aromaticity : 0.06806282722513088
gravy : -0.32041884816753907
instability : 17.28691099476439
