molecularweight : 83558.84970000046
pI : 5.049201011657714
netcharge : -24.4048209342384
aromaticity : 0.0889487870619946
gravy : -0.2882749326145554
instability : 40.191105121293894
