molecularweight : 173867.44040000008
pI : 5.620262336730956
netcharge : -35.745886554940654
aromaticity : 0.11016393442622952
gravy : -0.3588196721311467
instability : 42.32737049180357
