molecularweight : 13774.505499999988
pI : 5.140939140319824
netcharge : -3.4766888229044604
aromaticity : 0.032520325203252036
gravy : -0.5154471544715444
instability : 43.6081300813008
