molecularweight : 73035.73410000028
pI : 4.9656476974487305
netcharge : -34.12992829273723
aromaticity : 0.09419152276295133
gravy : -0.9618524332810039
instability : 50.94448979591849
