molecularweight : 24148.320199999995
pI : 9.388933753967283
netcharge : 8.693496185517748
aromaticity : 0.05
gravy : -0.6768181818181825
instability : 52.92545454545455
