molecularweight : 69322.61490000028
pI : 5.943050956726075
netcharge : -13.19234774986878
aromaticity : 0.10466988727858292
gravy : -0.21111111111111128
instability : 34.37038647342996
