molecularweight : 216963.06420000026
pI : 6.079180335998534
netcharge : -18.792447857814466
aromaticity : 0.06969540526587506
gravy : -0.24501806917914104
instability : 40.71930820857026
