molecularweight : 161859.1619000003
pI : 5.597754096984862
netcharge : -34.77100145512503
aromaticity : 0.07966457023060797
gravy : -0.7111111111111111
instability : 49.361502445842454
