molecularweight : 15064.254599999984
pI : 6.614489936828614
netcharge : -0.3966194016837292
aromaticity : 0.1076923076923077
gravy : -0.4092307692307692
instability : 51.3653846153846
