molecularweight : 172798.81440000064
pI : 6.241512489318848
netcharge : -16.081861178371582
aromaticity : 0.09013157894736842
gravy : -0.07572368421052673
instability : 40.88750657894766
