molecularweight : 80623.04880000031
pI : 4.624272727966309
netcharge : -47.51612605982835
aromaticity : 0.08085106382978724
gravy : -0.5113475177304956
instability : 45.34852482269517
