molecularweight : 27340.30900000003
pI : 10.098150444030761
netcharge : 22.938033774880484
aromaticity : 0.058823529411764705
gravy : -0.8121848739495797
instability : 47.37609243697478
