molecularweight : 70497.16220000027
pI : 5.294518089294433
netcharge : -12.907623538493041
aromaticity : 0.050156739811912224
gravy : -0.34968652037617587
instability : 47.88324451410676
