molecularweight : 24617.356400000033
pI : 9.969213676452636
netcharge : 16.771970249953963
aromaticity : 0.06132075471698113
gravy : -0.6613207547169813
instability : 28.354764150943392
