molecularweight : 15347.405499999986
pI : 9.39396228790283
netcharge : 3.790611749804402
aromaticity : 0.10077519379844961
gravy : -0.7511627906976743
instability : 32.826356589147274
