molecularweight : 16108.499799999987
pI : 9.776968955993649
netcharge : 7.754407058372607
aromaticity : 0.07801418439716312
gravy : -0.4333333333333333
instability : 44.42624113475178
