molecularweight : 41183.566300000086
pI : 4.168424034118652
netcharge : -28.26691494215037
aromaticity : 0.08661417322834646
gravy : -0.14986876640419947
instability : 63.28477690288724
