molecularweight : 39327.140400000055
pI : 9.212354850769042
netcharge : 9.251819172628068
aromaticity : 0.05706521739130435
gravy : -0.5994565217391304
instability : 46.885081521739124
