molecularweight : 27009.643500000035
pI : 6.035527992248535
netcharge : -3.836641942353836
aromaticity : 0.10313901345291479
gravy : -1.8677130044843036
instability : 44.81748878923766
