molecularweight : 15059.777199999986
pI : 5.758210563659667
netcharge : -2.299396046462739
aromaticity : 0.13178294573643412
gravy : -0.6449612403100774
instability : 49.09697674418603
