molecularweight : 12258.506699999989
pI : 5.643225288391113
netcharge : -2.3341619530784126
aromaticity : 0.10377358490566038
gravy : -0.7283018867924527
instability : 64.99905660377358
