molecularweight : 36465.367800000065
pI : 9.57905101776123
netcharge : 18.35649218517704
aromaticity : 0.03857566765578635
gravy : -0.7635014836795248
instability : 64.0593471810089
