molecularweight : 13142.607099999994
pI : 5.934013557434082
netcharge : -2.210179074927197
aromaticity : 0.1327433628318584
gravy : -0.7176991150442479
instability : 44.2159292035398
