molecularweight : 130123.50880000056
pI : 8.159392738342287
netcharge : 6.723480250323064
aromaticity : 0.0768566493955095
gravy : -0.27573402417961945
instability : 38.73688255613147
