molecularweight : 13233.165199999989
pI : 9.924730491638183
netcharge : 11.660720466205388
aromaticity : 0.10434782608695653
gravy : -0.5539130434782611
instability : 35.080869565217384
