molecularweight : 39101.436500000054
pI : 4.937910270690916
netcharge : -16.900646079937196
aromaticity : 0.0741839762611276
gravy : -0.7774480712166172
instability : 50.16501483679523
