molecularweight : 86512.62060000046
pI : 6.17103214263916
netcharge : -10.832671430010919
aromaticity : 0.11357702349869452
gravy : -0.3565274151436025
instability : 42.13787206266332
