molecularweight : 84379.00560000047
pI : 6.4451097488403315
netcharge : -4.528836105014463
aromaticity : 0.08959156785243742
gravy : -0.4993412384716716
instability : 52.27932806324131
