molecularweight : 59295.95620000007
pI : 6.55196704864502
netcharge : -2.2765479865567926
aromaticity : 0.10877862595419849
gravy : -0.26335877862595447
instability : 28.25324427480916
