molecularweight : 28606.172800000037
pI : 9.11790866851807
netcharge : 4.020520187928536
aromaticity : 0.12062256809338522
gravy : 0.4120622568093381
instability : 41.92373540856031
