molecularweight : 26986.493800000026
pI : 6.104416847229003
netcharge : -2.9269236538014347
aromaticity : 0.0847457627118644
gravy : -0.2792372881355931
instability : 43.025
