molecularweight : 90555.94470000059
pI : 9.533987617492677
netcharge : 33.534311475805396
aromaticity : 0.084472049689441
gravy : -0.5652173913043466
instability : 45.633304347826225
