molecularweight : 142493.0041000006
pI : 5.911675834655762
netcharge : -11.076477345443436
aromaticity : 0.08611326609775019
gravy : 0.10325833979829312
instability : 37.147501939488144
