molecularweight : 92627.58500000065
pI : 8.352733421325684
netcharge : 5.3672348282975975
aromaticity : 0.06715506715506717
gravy : -0.4019536019536011
instability : 48.76410256410276
