molecularweight : 44203.93410000001
pI : 7.988293647766112
netcharge : 2.7413787080549383
aromaticity : 0.12919896640826872
gravy : -0.24599483204134379
instability : 41.96408268733848
