molecularweight : 30212.748000000014
pI : 5.749968910217285
netcharge : -2.405074497696482
aromaticity : 0.09090909090909091
gravy : -0.6348484848484843
instability : 44.243939393939385
