molecularweight : 156047.40020000102
pI : 8.922053718566897
netcharge : 38.83508545845794
aromaticity : 0.08217168011738812
gravy : -0.768305209097579
instability : 46.99436537050655
