molecularweight : 57093.14750000016
pI : 4.703051567077636
netcharge : -38.67128579118294
aromaticity : 0.05742574257425742
gravy : -1.3114851485148502
instability : 60.29465346534672
