molecularweight : 37888.08460000003
pI : 5.961637306213379
netcharge : -7.24056913848365
aromaticity : 0.09495548961424333
gravy : -0.4430267062314546
instability : 34.2706231454006
