molecularweight : 30818.109500000017
pI : 9.428968620300292
netcharge : 9.768004921449005
aromaticity : 0.08273381294964029
gravy : -0.30827338129496396
instability : 29.570863309352514
