molecularweight : 36619.761400000025
pI : 5.603096961975097
netcharge : -6.008593313760038
aromaticity : 0.08641975308641975
gravy : -0.028703703703703683
instability : 42.84783950617284
