molecularweight : 41085.073600000076
pI : 4.858449363708496
netcharge : -19.631214359471322
aromaticity : 0.12324929971988795
gravy : -0.2501400560224091
instability : 39.0944537815126
