molecularweight : 80573.85230000045
pI : 6.907892799377441
netcharge : -0.3556304314454479
aromaticity : 0.08495821727019498
gravy : -0.3830083565459601
instability : 39.09349582172712
