molecularweight : 43415.98750000009
pI : 5.83767147064209
netcharge : -6.588168010914956
aromaticity : 0.10789473684210527
gravy : -0.4921052631578945
instability : 40.82031578947369
