molecularweight : 22644.249099999997
pI : 4.9823015213012685
netcharge : -5.416505619876148
aromaticity : 0.09359605911330049
gravy : -0.2758620689655171
instability : 29.936945812807867
