molecularweight : 49197.99220000001
pI : 9.015210533142092
netcharge : 9.10561773561927
aromaticity : 0.11294117647058823
gravy : -0.7665882352941176
instability : 48.0454117647059
