molecularweight : 114279.90400000084
pI : 8.492114067077637
netcharge : 9.084958939050978
aromaticity : 0.07164179104477611
gravy : -0.45850746268656584
instability : 43.827184079602205
