molecularweight : 15507.421199999984
pI : 4.849298286437987
netcharge : -9.133785295948279
aromaticity : 0.05185185185185185
gravy : -0.40888888888888875
instability : 58.084444444444415
