molecularweight : 47320.42980000009
pI : 9.321757698059084
netcharge : 10.388168645071012
aromaticity : 0.053613053613053616
gravy : -0.7335664335664327
instability : 52.11491841491846
