molecularweight : 11792.869599999985
pI : 8.968599891662599
netcharge : 3.631608477134984
aromaticity : 0.13861386138613863
gravy : 0.3564356435643564
instability : 70.78217821782177
