molecularweight : 79895.69070000044
pI : 9.068332481384278
netcharge : 19.41761564408408
aromaticity : 0.09169054441260745
gravy : -0.1418338108882525
instability : 43.379512893982906
