molecularweight : 82903.20070000034
pI : 8.319790077209475
netcharge : 5.0599223057327976
aromaticity : 0.07934336525307797
gravy : -0.20355677154582766
instability : 43.61957592339267
