molecularweight : 29801.26800000001
pI : 9.482348442077637
netcharge : 11.982709886381652
aromaticity : 0.06666666666666667
gravy : -0.6866666666666664
instability : 55.290370370370354
