molecularweight : 122694.51940000085
pI : 5.614578437805175
netcharge : -16.876663006821076
aromaticity : 0.09404096834264432
gravy : -0.13054003724394816
instability : 35.166135940409816
