molecularweight : 51136.162200000064
pI : 5.950269508361816
netcharge : -5.6699892873434266
aromaticity : 0.07256235827664399
gravy : -0.33174603174603196
instability : 45.24968253968253
