molecularweight : 74230.68480000028
pI : 6.152445793151855
netcharge : -6.954280136023314
aromaticity : 0.08095952023988007
gravy : -0.3217391304347822
instability : 36.43178410794603
