molecularweight : 34675.09180000004
pI : 5.180442237854003
netcharge : -19.097421541161523
aromaticity : 0.0945945945945946
gravy : -0.7858108108108103
instability : 43.73888513513515
