molecularweight : 12432.877299999993
pI : 9.001543235778808
netcharge : 2.7607663441891432
aromaticity : 0.0
gravy : -1.1621621621621625
instability : 40.54774774774774
