molecularweight : 57358.3219000002
pI : 7.000142478942871
netcharge : 0.00031328136623187675
aromaticity : 0.10433070866141733
gravy : -0.322637795275591
instability : 48.61677165354336
