molecularweight : 33973.04740000001
pI : 9.714499092102049
netcharge : 13.280482466535062
aromaticity : 0.1111111111111111
gravy : 0.11143790849673196
instability : 37.178823529411744
