molecularweight : 56580.446500000224
pI : 4.0500284194946286
netcharge : -46.47888184439937
aromaticity : 0.10150375939849623
gravy : -0.1501879699248122
instability : 37.901748120300745
