molecularweight : 70410.92610000039
pI : 5.6288450241088865
netcharge : -9.548185904630863
aromaticity : 0.10935023771790808
gravy : -0.14484944532488087
instability : 40.45167987321718
