molecularweight : 99008.97140000068
pI : 7.6045114517211925
netcharge : 3.5384242009984064
aromaticity : 0.08059023836549375
gravy : -0.30612939841089526
instability : 57.6105675368901
