molecularweight : 119084.70360000074
pI : 6.366956138610839
netcharge : -4.9475147594242515
aromaticity : 0.12057416267942583
gravy : -0.34181818181817963
instability : 44.59294736842133
