molecularweight : 27171.76050000001
pI : 9.27443790435791
netcharge : 8.060677047552325
aromaticity : 0.05485232067510548
gravy : -0.8974683544303793
instability : 40.55738396624472
