molecularweight : 34528.758200000055
pI : 9.161424827575683
netcharge : 5.772031467819907
aromaticity : 0.07911392405063292
gravy : 0.1901898734177215
instability : 27.097563291139238
