molecularweight : 32128.19830000001
pI : 8.98239612579346
netcharge : 5.546609292324138
aromaticity : 0.08362369337979095
gravy : -0.3756097560975611
instability : 42.67839721254355
