molecularweight : 96892.1439000006
pI : 9.380810737609863
netcharge : 29.34564350960804
aromaticity : 0.09047044632086851
gravy : -0.33462002412545166
instability : 39.57961399276251
