molecularweight : 25133.708200000005
pI : 5.561888694763183
netcharge : -5.908020382452946
aromaticity : 0.13215859030837004
gravy : 0.30264317180616723
instability : 32.91277533039647
