molecularweight : 75839.33450000038
pI : 8.442731285095217
netcharge : 6.650005828004026
aromaticity : 0.08112094395280237
gravy : -0.3141592920353986
instability : 39.69395280236
