molecularweight : 41775.32180000002
pI : 5.345161628723144
netcharge : -10.801958455376841
aromaticity : 0.050531914893617025
gravy : -0.23909574468085115
instability : 39.926595744680824
