molecularweight : 48645.87190000005
pI : 9.27656536102295
netcharge : 7.5591344426294995
aromaticity : 0.04751131221719457
gravy : -0.8271493212669667
instability : 65.66923076923086
