molecularweight : 25605.665700000012
pI : 9.897653770446777
netcharge : 17.15363954388829
aromaticity : 0.12
gravy : -0.03066666666666656
instability : 46.981777777777765
