molecularweight : 38738.21420000005
pI : 8.11548976898193
netcharge : 1.9909388304962334
aromaticity : 0.10174418604651163
gravy : -0.2790697674418609
instability : 31.135203488372085
