molecularweight : 80600.91100000043
pI : 8.995483207702637
netcharge : 15.431967791634435
aromaticity : 0.062154696132596686
gravy : -0.35331491712707136
instability : 49.10734806629857
