molecularweight : 23751.593500000017
pI : 4.952802085876464
netcharge : -9.118571279968243
aromaticity : 0.04245283018867925
gravy : -0.33396226415094377
instability : 40.85283018867924
