molecularweight : 47817.21250000003
pI : 8.803754234313967
netcharge : 11.52101395206347
aromaticity : 0.0827250608272506
gravy : -0.682968369829683
instability : 40.19002433090024
