molecularweight : 78551.16490000035
pI : 6.028877830505371
netcharge : -8.919475458755741
aromaticity : 0.1074964639321075
gravy : -0.2605374823196609
instability : 37.304992927864355
