molecularweight : 81656.12100000038
pI : 5.475266075134278
netcharge : -18.839788839076675
aromaticity : 0.11265646731571627
gravy : -0.013490959666203376
instability : 29.33979137691239
