molecularweight : 30543.961700000043
pI : 4.552314567565918
netcharge : -18.269303545065494
aromaticity : 0.14785992217898833
gravy : -0.5396887159533078
instability : 35.57159533073931
