molecularweight : 53780.867900000165
pI : 9.278821754455567
netcharge : 14.011772904801362
aromaticity : 0.058315334773218146
gravy : -1.1961123110151177
instability : 42.29676025917926
