molecularweight : 41675.13120000009
pI : 8.908128547668458
netcharge : 6.281369017742193
aromaticity : 0.10497237569060773
gravy : -0.44447513812154676
instability : 45.562734806629834
