molecularweight : 36702.727600000035
pI : 4.4348852157592775
netcharge : -33.295244035039666
aromaticity : 0.07453416149068323
gravy : -1.1040372670807446
instability : 49.38916149068323
