molecularweight : 22165.338299999985
pI : 10.696223640441893
netcharge : 22.86271516298201
aromaticity : 0.050761421319796954
gravy : -0.6847715736040615
instability : 46.979695431472074
