molecularweight : 49675.31280000005
pI : 5.472651481628417
netcharge : -13.359276652784786
aromaticity : 0.0944700460829493
gravy : -0.3573732718894013
instability : 44.1389400921659
