molecularweight : 75284.94720000039
pI : 4.824402809143066
netcharge : -36.47672660241358
aromaticity : 0.08636363636363636
gravy : -0.6422727272727267
instability : 50.120757575757736
