molecularweight : 43403.91760000002
pI : 5.29696216583252
netcharge : -11.78870722369139
aromaticity : 0.12566844919786097
gravy : -0.27085561497326244
instability : 28.18745989304812
