molecularweight : 27214.79020000001
pI : 6.924262428283691
netcharge : -0.12049806441395461
aromaticity : 0.09876543209876543
gravy : -0.21275720164609047
instability : 34.45267489711935
