molecularweight : 28937.43649999997
pI : 10.167969703674316
netcharge : 15.04907717218185
aromaticity : 0.05405405405405406
gravy : -0.9189189189189186
instability : 61.03667953667953
