molecularweight : 251423.9679000014
pI : 5.397794532775879
netcharge : -43.3961552371222
aromaticity : 0.0969341749323715
gravy : 0.025247971145175636
instability : 41.20196573489658
