molecularweight : 81320.6288000005
pI : 8.226181983947757
netcharge : 3.6051170990063355
aromaticity : 0.109375
gravy : -0.4707386363636355
instability : 34.95755681818185
