molecularweight : 13524.706499999982
pI : 10.153528785705568
netcharge : 13.734128440996798
aromaticity : 0.09821428571428571
gravy : -0.6455357142857142
instability : 40.074999999999996
