molecularweight : 107130.03020000066
pI : 5.249274253845214
netcharge : -27.756174035223836
aromaticity : 0.09159482758620689
gravy : -0.11002155172413833
instability : 32.02857758620702
