molecularweight : 11867.057899999985
pI : 4.8633943557739245
netcharge : -8.881323592185755
aromaticity : 0.11214953271028036
gravy : -0.2271028037383177
instability : 58.74953271028036
