molecularweight : 96285.96800000069
pI : 7.375109291076659
netcharge : 1.2257500197294888
aromaticity : 0.1
gravy : -0.19476190476190489
instability : 47.259059523809725
