molecularweight : 61502.891700000095
pI : 5.840115547180175
netcharge : -5.849939410652496
aromaticity : 0.07526881720430108
gravy : -0.35591397849462353
instability : 29.635860215053754
