molecularweight : 42071.18930000013
pI : 4.9930440902709945
netcharge : -17.64913708087999
aromaticity : 0.06666666666666667
gravy : -0.8368
instability : 35.91493333333334
