molecularweight : 47599.3938000001
pI : 5.651751136779786
netcharge : -8.679389197165818
aromaticity : 0.10679611650485436
gravy : -0.5628640776699031
instability : 41.31191747572814
