molecularweight : 64219.04470000017
pI : 5.656696128845215
netcharge : -10.393019622938397
aromaticity : 0.05190311418685121
gravy : -0.798442906574394
instability : 57.61833910034617
