molecularweight : 38835.63790000009
pI : 5.924919319152831
netcharge : -3.922415266327768
aromaticity : 0.06705539358600583
gravy : -0.7766763848396501
instability : 61.609912536443154
