molecularweight : 29253.238400000046
pI : 4.619611930847167
netcharge : -24.89926937975394
aromaticity : 0.06692913385826771
gravy : -0.7685039370078747
instability : 47.94925196850395
