molecularweight : 42421.31880000009
pI : 6.056899452209472
netcharge : -4.669289285724588
aromaticity : 0.11436170212765959
gravy : -0.35319148936170225
instability : 40.86093085106384
