molecularweight : 27990.080200000004
pI : 4.704813575744628
netcharge : -17.0255601770188
aromaticity : 0.06666666666666667
gravy : -0.29921568627450984
instability : 52.21415686274508
