molecularweight : 37601.151900000026
pI : 9.41768665313721
netcharge : 12.73077841338857
aromaticity : 0.06306306306306306
gravy : -0.33963963963964044
instability : 37.176576576576565
