molecularweight : 83648.31890000039
pI : 8.912318992614747
netcharge : 15.693363758615746
aromaticity : 0.07554945054945056
gravy : -0.5299450549450533
instability : 39.43351648351657
