molecularweight : 58249.839200000104
pI : 9.433288002014159
netcharge : 17.23346857360157
aromaticity : 0.076171875
gravy : -0.5513671874999996
instability : 43.58300781250006
