molecularweight : 26279.2744
pI : 4.901646995544433
netcharge : -11.94617720973757
aromaticity : 0.09482758620689655
gravy : -0.412931034482759
instability : 38.657758620689656
