molecularweight : 52366.43710000004
pI : 7.067383003234863
netcharge : 0.1495410556643577
aromaticity : 0.05907172995780591
gravy : -0.18670886075949408
instability : 41.96582278481011
