molecularweight : 27214.93110000003
pI : 5.335442161560058
netcharge : -4.3730822036947075
aromaticity : 0.06694560669456066
gravy : -0.3041841004184101
instability : 29.64351464435145
