molecularweight : 14225.38309999998
pI : 6.122036933898924
netcharge : -1.3116042920901307
aromaticity : 0.07086614173228346
gravy : -0.022834645669291213
instability : 46.68976377952755
