molecularweight : 16163.091999999993
pI : 4.580449867248535
netcharge : -8.400190422788341
aromaticity : 0.04827586206896552
gravy : -0.252413793103448
instability : 41.98137931034482
