molecularweight : 47478.82060000011
pI : 5.013335609436035
netcharge : -17.78393342754341
aromaticity : 0.04567307692307693
gravy : -0.29807692307692335
instability : 50.98581730769231
