molecularweight : 16449.71019999999
pI : 7.051354408264159
netcharge : 0.10503004586129805
aromaticity : 0.03355704697986577
gravy : -1.3355704697986583
instability : 69.47382550335571
