molecularweight : 54252.11680000012
pI : 5.597867774963378
netcharge : -10.49105515754998
aromaticity : 0.1090146750524109
gravy : -0.179245283018868
instability : 43.129580712788254
