molecularweight : 28422.272899999996
pI : 4.747272300720215
netcharge : -16.031404761036224
aromaticity : 0.08171206225680934
gravy : -0.4490272373540857
instability : 39.71984435797664
