molecularweight : 63491.346400000126
pI : 5.168335533142089
netcharge : -15.96823756688849
aromaticity : 0.07517482517482518
gravy : -0.7286713286713264
instability : 42.84527972027976
