molecularweight : 28125.45220000003
pI : 9.92086238861084
netcharge : 16.837382117948277
aromaticity : 0.06910569105691058
gravy : -0.45121951219512263
instability : 47.05284552845529
