molecularweight : 175119.14960000114
pI : 6.154719352722167
netcharge : -11.877174886305681
aromaticity : 0.05449936628643853
gravy : -0.5679974651457541
instability : 42.84752851711054
