molecularweight : 18038.25259999999
pI : 6.064686393737793
netcharge : -2.151393549004851
aromaticity : 0.09696969696969697
gravy : -0.2672727272727273
instability : 20.14121212121211
