molecularweight : 87415.12090000042
pI : 5.825564765930175
netcharge : -14.57091528980169
aromaticity : 0.11695137976346913
gravy : -0.5286465177398146
instability : 37.760512483574324
