molecularweight : 26652.062300000023
pI : 10.2075532913208
netcharge : 9.208689798340767
aromaticity : 0.020080321285140562
gravy : -0.6437751004016066
instability : 51.739357429718865
