molecularweight : 52727.59300000005
pI : 6.120672798156736
netcharge : -4.599838814688589
aromaticity : 0.07883817427385892
gravy : -0.21099585062240697
instability : 41.74626556016595
