molecularweight : 14866.719399999989
pI : 5.518406867980955
netcharge : -5.053546452950943
aromaticity : 0.037037037037037035
gravy : -0.5370370370370372
instability : 32.575555555555546
