molecularweight : 61597.20540000007
pI : 5.47390193939209
netcharge : -14.229688182150262
aromaticity : 0.10318949343339587
gravy : -0.36341463414634184
instability : 38.5441463414634
