molecularweight : 47887.39710000002
pI : 4.438522911071778
netcharge : -38.670872288866214
aromaticity : 0.06896551724137931
gravy : -0.482298850574713
instability : 38.600229885057466
