molecularweight : 64020.28200000014
pI : 5.745592308044434
netcharge : -15.516906190868994
aromaticity : 0.06440071556350627
gravy : -0.927549194991053
instability : 50.089982110912416
