molecularweight : 129134.88860000072
pI : 5.039311027526855
netcharge : -40.74558521922715
aromaticity : 0.07718696397941682
gravy : -0.23181818181818184
instability : 34.58783876500875
