molecularweight : 21233.322399999997
pI : 10.032650566101072
netcharge : 11.769454672904507
aromaticity : 0.11170212765957446
gravy : -0.17021276595744686
instability : 44.76382978723403
