molecularweight : 15858.92289999999
pI : 9.880376243591307
netcharge : 10.86868316902714
aromaticity : 0.12030075187969924
gravy : -1.0548872180451132
instability : 55.73609022556391
