molecularweight : 24016.169900000008
pI : 9.313763618469238
netcharge : 6.721836769250231
aromaticity : 0.05472636815920398
gravy : -1.1731343283582099
instability : 59.4950248756219
