molecularweight : 35794.71220000004
pI : 6.655414009094239
netcharge : -0.9156236946815284
aromaticity : 0.10725552050473186
gravy : -0.4141955835962149
instability : 31.0993690851735
