molecularweight : 43088.17450000006
pI : 9.597360038757323
netcharge : 17.279124475320394
aromaticity : 0.10215053763440861
gravy : -0.5465053763440862
instability : 42.13682795698925
