molecularweight : 20812.57030000003
pI : 9.20913143157959
netcharge : 5.847691408011936
aromaticity : 0.05
gravy : -0.6966666666666671
instability : 42.905555555555544
