molecularweight : 92607.90940000062
pI : 5.865522575378416
netcharge : -11.042304757811266
aromaticity : 0.06625766871165645
gravy : -0.17226993865030682
instability : 44.54858895705534
