molecularweight : 22120.12780000001
pI : 5.908777046203612
netcharge : -2.230669729236176
aromaticity : 0.12435233160621761
gravy : 0.07979274611398976
instability : 35.5
