molecularweight : 14311.945999999993
pI : 8.632074928283693
netcharge : 2.5665981853568915
aromaticity : 0.10743801652892562
gravy : -1.1892561983471075
instability : 37.632231404958674
