molecularweight : 40779.352600000086
pI : 6.0410982131958
netcharge : -4.677264850046775
aromaticity : 0.0972972972972973
gravy : -0.2400000000000003
instability : 28.116756756756775
