molecularweight : 81308.42410000037
pI : 7.271889686584472
netcharge : 1.1624372188297798
aromaticity : 0.15297450424929177
gravy : 0.16033994334277613
instability : 31.34987252124649
