molecularweight : 28863.963100000023
pI : 4.584655952453613
netcharge : -16.261869934592113
aromaticity : 0.08949416342412451
gravy : -0.2821011673151754
instability : 33.95836575875487
