molecularweight : 38240.4861
pI : 4.780977821350096
netcharge : -13.115975703932435
aromaticity : 0.08683473389355742
gravy : -0.05966386554621841
instability : 38.17341736694678
