molecularweight : 21858.956000000013
pI : 5.066252708435058
netcharge : -9.884524262540562
aromaticity : 0.09574468085106383
gravy : -0.612765957446809
instability : 43.373404255319144
