molecularweight : 21950.609700000008
pI : 4.683328437805175
netcharge : -11.461325794933892
aromaticity : 0.06382978723404255
gravy : -0.715957446808511
instability : 40.37074468085107
