molecularweight : 21802.677200000006
pI : 6.241967201232909
netcharge : -2.782860041492352
aromaticity : 0.08421052631578947
gravy : -0.9678947368421051
instability : 42.8621052631579
