molecularweight : 20044.657499999998
pI : 5.412856864929199
netcharge : -3.3375939386531464
aromaticity : 0.1242603550295858
gravy : -0.42071005917159787
instability : 40.95976331360945
