molecularweight : 52040.8756000001
pI : 5.289857292175292
netcharge : -15.530581730003263
aromaticity : 0.059957173447537475
gravy : -0.5364025695931481
instability : 43.78950749464666
