molecularweight : 16774.971399999988
pI : 5.887632942199706
netcharge : -1.460262532053914
aromaticity : 0.10135135135135136
gravy : -0.48445945945945956
instability : 40.06891891891892
