molecularweight : 83554.39720000057
pI : 5.2106237411499015
netcharge : -20.436449630666957
aromaticity : 0.05504587155963303
gravy : -0.19672346002621272
instability : 37.45034076015739
