molecularweight : 63564.7986000002
pI : 5.953168296813964
netcharge : -9.854672376078362
aromaticity : 0.11249999999999999
gravy : -0.13357142857142898
instability : 36.977875000000004
