molecularweight : 12038.80089999999
pI : 9.297517585754395
netcharge : 2.4997962829359057
aromaticity : 0.10377358490566038
gravy : 0.11415094339622639
instability : 33.40481132075472
