molecularweight : 34033.16240000003
pI : 5.632653236389159
netcharge : -5.985271987001475
aromaticity : 0.09059233449477352
gravy : -0.696864111498258
instability : 55.68885017421601
