molecularweight : 23144.292699999973
pI : 7.841176795959473
netcharge : 0.7163432097947613
aromaticity : 0.06220095693779905
gravy : -0.9803827751196184
instability : 47.91435406698563
