molecularweight : 37895.71460000001
pI : 9.608384132385254
netcharge : 17.997724070899032
aromaticity : 0.08108108108108109
gravy : -0.4510510510510516
instability : 45.404834834834816
