molecularweight : 44218.41010000009
pI : 4.700834846496581
netcharge : -32.26181251863797
aromaticity : 0.04810126582278481
gravy : -0.7182278481012659
instability : 59.54379746835446
