molecularweight : 81848.64060000029
pI : 8.458139228820801
netcharge : 5.690320735707388
aromaticity : 0.06960227272727273
gravy : -0.6098011363636361
instability : 45.87998579545469
