molecularweight : 75349.80030000041
pI : 5.746103858947754
netcharge : -12.994520288863782
aromaticity : 0.0704647676161919
gravy : -0.7295352323838059
instability : 44.208245877061586
