molecularweight : 54829.045200000015
pI : 5.1254789352416985
netcharge : -15.721254501009192
aromaticity : 0.07010309278350516
gravy : -0.20309278350515517
instability : 36.78494845360825
