molecularweight : 123131.57340000106
pI : 4.6794633865356445
netcharge : -69.4857757923013
aromaticity : 0.07046070460704607
gravy : -0.051490514905149
instability : 49.51066847335167
