molecularweight : 40186.83170000005
pI : 5.861998558044433
netcharge : -8.29644337469523
aromaticity : 0.09971509971509972
gravy : -0.1333333333333334
instability : 38.64729344729342
