molecularweight : 74917.13190000033
pI : 6.687584877014161
netcharge : -1.8662417162559706
aromaticity : 0.1141552511415525
gravy : -0.2584474885844752
instability : 52.70684931506863
