molecularweight : 64903.659100000135
pI : 4.929725456237792
netcharge : -15.164600523550803
aromaticity : 0.13414634146341464
gravy : 0.10226480836236941
instability : 36.02233449477352
