molecularweight : 11300.58679999999
pI : 8.809234046936037
netcharge : 3.7988215442354143
aromaticity : 0.08823529411764705
gravy : -0.5725490196078432
instability : 55.84019607843137
