molecularweight : 80899.68110000044
pI : 4.836509513854979
netcharge : -39.827200344283526
aromaticity : 0.07932011331444759
gravy : -0.557223796033993
instability : 47.569872521246566
