molecularweight : 121399.80410000033
pI : 4.0500284194946286
netcharge : -238.27623288453754
aromaticity : 0.04488330341113106
gravy : -1.0377917414721745
instability : 84.17486535009037
