molecularweight : 28825.80429999998
pI : 5.9844865798950195
netcharge : -3.90390686461096
aromaticity : 0.06642066420664207
gravy : 0.05535055350553507
instability : 25.323247232472333
