molecularweight : 38085.109599999996
pI : 6.405038261413575
netcharge : -1.9398680698911477
aromaticity : 0.06214689265536723
gravy : -0.09378531073446313
instability : 37.48870056497174
