molecularweight : 37624.91340000004
pI : 5.823518562316894
netcharge : -6.594570415927585
aromaticity : 0.10204081632653061
gravy : -0.24402332361516027
instability : 24.920408163265307
