molecularweight : 48197.50300000006
pI : 5.483507728576659
netcharge : -12.32887531313083
aromaticity : 0.07746478873239437
gravy : -0.11220657276995347
instability : 34.548591549295764
