molecularweight : 58347.37340000003
pI : 4.821617698669433
netcharge : -30.356745041837925
aromaticity : 0.07884615384615384
gravy : -0.2751923076923082
instability : 50.89080769230781
