molecularweight : 34356.23110000003
pI : 9.7212682723999
netcharge : 16.084658169586447
aromaticity : 0.08766233766233766
gravy : 0.22435064935064927
instability : 44.91103896103893
