molecularweight : 36874.696600000054
pI : 8.808976173400882
netcharge : 5.17885465522658
aromaticity : 0.12187500000000001
gravy : -0.2684375000000003
instability : 39.17031250000001
