molecularweight : 34991.56620000003
pI : 5.328791999816894
netcharge : -7.119021890649101
aromaticity : 0.07667731629392971
gravy : -0.12172523961661343
instability : 31.90990415335463
