molecularweight : 36571.285200000035
pI : 9.28475284576416
netcharge : 6.956174292604306
aromaticity : 0.08841463414634146
gravy : -0.24176829268292677
instability : 34.94545731707316
