molecularweight : 56120.60350000007
pI : 5.887348747253417
netcharge : -4.11299679721273
aromaticity : 0.08183632734530938
gravy : -0.28183632734530967
instability : 25.391836327345306
