molecularweight : 37021.2362
pI : 8.567671012878417
netcharge : 2.9529600662193047
aromaticity : 0.09248554913294797
gravy : -0.5745664739884395
instability : 43.008092485549106
