molecularweight : 83599.63730000051
pI : 9.606901359558105
netcharge : 27.54140815880514
aromaticity : 0.058355437665782495
gravy : -0.6033156498673734
instability : 56.25067639257312
