molecularweight : 59139.42980000006
pI : 5.412458992004394
netcharge : -14.374861014058837
aromaticity : 0.07722007722007722
gravy : -0.4121621621621617
instability : 36.823938223938214
