molecularweight : 32371.52230000003
pI : 5.344024848937988
netcharge : -7.970910236714801
aromaticity : 0.11510791366906475
gravy : -0.3043165467625901
instability : 34.039604316546765
