molecularweight : 63993.94460000013
pI : 5.244101905822753
netcharge : -22.028728353105365
aromaticity : 0.0641711229946524
gravy : -0.4119429590017823
instability : 43.89126559714803
