molecularweight : 64758.900100000166
pI : 7.036121559143066
netcharge : 0.0779578178987208
aromaticity : 0.11484098939929328
gravy : -0.3026501766784453
instability : 31.61114840989398
