molecularweight : 52320.28230000005
pI : 6.235260200500488
netcharge : -3.6688744430313776
aromaticity : 0.08227848101265822
gravy : -0.004008438818565406
instability : 37.77552742616032
