molecularweight : 60350.85290000015
pI : 5.522612953186035
netcharge : -12.468451906585209
aromaticity : 0.08193668528864059
gravy : -0.5137802607076352
instability : 51.93242085661086
