molecularweight : 57992.31770000013
pI : 5.286390113830565
netcharge : -18.972761236753406
aromaticity : 0.09904761904761905
gravy : -0.28933333333333366
instability : 36.42535238095239
