molecularweight : 151232.61780000027
pI : 5.706259727478028
netcharge : -23.83045131722838
aromaticity : 0.06778370144706779
gravy : -0.5980198019801982
instability : 42.72392993145489
