molecularweight : 52670.53540000002
pI : 8.325076484680178
netcharge : 2.338655189310586
aromaticity : 0.10629067245119306
gravy : -0.27483731019522706
instability : 40.938633405639905
