molecularweight : 35715.44210000004
pI : 6.337797737121583
netcharge : -3.372781663183744
aromaticity : 0.14012738853503187
gravy : 0.15828025477706978
instability : 45.35636942675156
