molecularweight : 82164.02960000045
pI : 8.307347679138186
netcharge : 4.984807445168514
aromaticity : 0.0905292479108635
gravy : -0.1604456824512536
instability : 44.07438718662958
