molecularweight : 37779.809300000015
pI : 8.19891185760498
netcharge : 2.1085521461562067
aromaticity : 0.0471976401179941
gravy : -0.3244837758112098
instability : 44.88613569321535
