molecularweight : 85313.71030000063
pI : 5.375797843933106
netcharge : -17.357820905874675
aromaticity : 0.09814323607427056
gravy : -0.4755968169761268
instability : 39.421233421750806
