molecularweight : 44630.804100000074
pI : 5.973175621032715
netcharge : -4.033465763515082
aromaticity : 0.05115089514066497
gravy : -0.931969309462915
instability : 49.605370843989746
