molecularweight : 44912.27430000007
pI : 6.416519737243653
netcharge : -2.61902870104727
aromaticity : 0.08374384236453203
gravy : -0.19852216748768475
instability : 46.899999999999984
