molecularweight : 31193.49290000005
pI : 9.238400077819822
netcharge : 9.15314961669895
aromaticity : 0.06569343065693431
gravy : -0.33576642335766416
instability : 59.47481751824815
