molecularweight : 57762.53010000006
pI : 8.872864341735841
netcharge : 7.837602668037398
aromaticity : 0.09486166007905139
gravy : -0.40296442687746975
instability : 44.40612648221349
