molecularweight : 90673.56060000046
pI : 8.808524894714356
netcharge : 11.259051240117714
aromaticity : 0.09937106918238994
gravy : -0.6320754716981123
instability : 49.48051572327063
