molecularweight : 85842.01580000052
pI : 6.22116413116455
netcharge : -8.355504807584381
aromaticity : 0.0706806282722513
gravy : -0.44306282722513013
instability : 52.677918848167785
