molecularweight : 11497.741299999996
pI : 6.043883323669434
netcharge : -2.132481007439937
aromaticity : 0.07766990291262135
gravy : -0.36213592233009717
instability : 21.275922330097085
