molecularweight : 56865.20230000005
pI : 5.5311388015747065
netcharge : -10.610756330923294
aromaticity : 0.11967545638945233
gravy : -0.7073022312373222
instability : 43.387423935091256
