molecularweight : 43830.28660000003
pI : 6.6057935714721685
netcharge : -1.545609907298612
aromaticity : 0.08247422680412371
gravy : -0.43298969072164994
instability : 41.36469072164947
