molecularweight : 32490.738900000026
pI : 9.018240547180177
netcharge : 5.970869238684596
aromaticity : 0.14285714285714285
gravy : 0.5811846689895471
instability : 35.34358885017422
