molecularweight : 54430.831500000015
pI : 9.497305107116702
netcharge : 16.270595731696623
aromaticity : 0.11182795698924732
gravy : -0.08817204301075289
instability : 35.05010752688171
