molecularweight : 16750.651199999997
pI : 9.665696525573733
netcharge : 8.99647224716983
aromaticity : 0.10526315789473684
gravy : 0.30855263157894736
instability : 41.88092105263154
