molecularweight : 182005.11160000006
pI : 5.8446626663208
netcharge : -32.74497654704177
aromaticity : 0.06948831332912192
gravy : -0.7568540745420118
instability : 52.52130764371481
