molecularweight : 32102.651000000005
pI : 5.7755464553833
netcharge : -4.939242687347466
aromaticity : 0.04593639575971732
gravy : -0.6120141342756177
instability : 45.79964664310953
