molecularweight : 17353.753499999984
pI : 6.2946569442749025
netcharge : -1.2284632268787448
aromaticity : 0.07947019867549669
gravy : -0.45827814569536424
instability : 47.22847682119204
