molecularweight : 57420.53490000008
pI : 8.772680473327636
netcharge : 9.538693156867353
aromaticity : 0.12757201646090535
gravy : -0.25514403292181137
instability : 45.25109053497943
