molecularweight : 22538.041499999992
pI : 9.097214317321779
netcharge : 5.817524820979234
aromaticity : 0.0845771144278607
gravy : -0.22786069651741278
instability : 37.49661691542288
