molecularweight : 130894.82780000039
pI : 7.143831443786621
netcharge : 0.9132519076333949
aromaticity : 0.08669527896995707
gravy : -0.3686695278969947
instability : 34.526875536480894
