molecularweight : 58577.45660000003
pI : 6.318131446838379
netcharge : -4.250800351951526
aromaticity : 0.06986027944111776
gravy : -0.5459081836327342
instability : 35.50502994011975
