molecularweight : 56193.2188000001
pI : 8.9155424118042
netcharge : 8.921547801584417
aromaticity : 0.11923076923076922
gravy : 0.5876923076923091
instability : 29.008846153846143
