molecularweight : 34165.32530000004
pI : 6.34564151763916
netcharge : -1.2200655438654309
aromaticity : 0.10963455149501662
gravy : -0.26777408637873773
instability : 46.52029900332224
