molecularweight : 106076.6127000007
pI : 5.0689809799194325
netcharge : -41.0592510864692
aromaticity : 0.0517799352750809
gravy : -1.0740021574973024
instability : 52.521359223301246
