molecularweight : 18225.3614
pI : 4.4730241775512685
netcharge : -14.221316805244836
aromaticity : 0.12101910828025478
gravy : -0.43184713375796185
instability : 40.65095541401273
