molecularweight : 39892.8507000001
pI : 5.466171836853028
netcharge : -7.952821387664663
aromaticity : 0.0646067415730337
gravy : -0.7820224719101123
instability : 73.78904494382031
