molecularweight : 59768.393400000175
pI : 8.50932712554932
netcharge : 5.112708389774411
aromaticity : 0.08333333333333334
gravy : -0.7149621212121194
instability : 40.95191287878789
