molecularweight : 61119.595700000275
pI : 4.55407657623291
netcharge : -47.45922381869298
aromaticity : 0.05225225225225225
gravy : -0.8953153153153138
instability : 51.11767567567582
