molecularweight : 72182.4030000002
pI : 6.037915229797362
netcharge : -8.125065289629376
aromaticity : 0.09615384615384615
gravy : -0.4525641025641019
instability : 40.083173076923146
