molecularweight : 111926.42640000084
pI : 4.978948020935058
netcharge : -55.219535689526566
aromaticity : 0.04612365063788028
gravy : -0.8305201177625131
instability : 59.04250245338598
