molecularweight : 53942.09110000011
pI : 5.232790946960448
netcharge : -17.446219389640063
aromaticity : 0.10706638115631692
gravy : -0.6265524625267653
instability : 44.29274089935762
