molecularweight : 37986.197500000024
pI : 5.285253334045408
netcharge : -9.653450500820668
aromaticity : 0.08284023668639054
gravy : -0.4692307692307696
instability : 43.40239644970413
