molecularweight : 17341.521099999998
pI : 5.319527244567872
netcharge : -4.292240717697542
aromaticity : 0.07006369426751592
gravy : -0.33057324840764335
instability : 29.31273885350318
