molecularweight : 22413.656400000003
pI : 5.998241615295409
netcharge : -1.3911661381594094
aromaticity : 0.09473684210526316
gravy : -0.4652631578947369
instability : 64.25157894736843
