molecularweight : 51972.660299999974
pI : 5.027488517761231
netcharge : -13.127590507843536
aromaticity : 0.07472527472527472
gravy : -0.3083516483516486
instability : 43.881098901098895
