molecularweight : 64788.89650000015
pI : 5.158275032043456
netcharge : -13.715395923726255
aromaticity : 0.12542372881355932
gravy : 0.41423728813559363
instability : 32.243593220338965
