molecularweight : 55449.76440000001
pI : 9.096569633483888
netcharge : 11.324854647351131
aromaticity : 0.07056451612903225
gravy : -0.5207661290322584
instability : 35.20062499999999
