molecularweight : 83353.65980000055
pI : 4.48859806060791
netcharge : -72.02285460260606
aromaticity : 0.07503410641200546
gravy : -0.6186903137789891
instability : 42.51570259208748
