molecularweight : 137256.72620000076
pI : 5.9245214462280265
netcharge : -16.964159034836484
aromaticity : 0.10592160133444536
gravy : -0.1306088407005839
instability : 47.260150125104566
