molecularweight : 40513.943700000076
pI : 4.760004234313963
netcharge : -25.48099775243039
aromaticity : 0.07887323943661972
gravy : -0.5284507042253521
instability : 41.68143661971829
