molecularweight : 32895.81090000007
pI : 9.386161613464353
netcharge : 11.91661731116617
aromaticity : 0.06206896551724138
gravy : -0.45517241379310364
instability : 42.11862068965517
