molecularweight : 33876.35340000003
pI : 4.826960563659667
netcharge : -16.037842012924088
aromaticity : 0.10033444816053512
gravy : -0.23210702341137127
instability : 31.727157190635445
