molecularweight : 280901.1725000008
pI : 5.358802986145019
netcharge : -77.50481759574097
aromaticity : 0.0603921568627451
gravy : -0.9064705882352943
instability : 60.39612156862782
