molecularweight : 100709.34240000069
pI : 7.601953697204592
netcharge : 1.6736602461274401
aromaticity : 0.11692650334075724
gravy : 0.1169265033407572
instability : 41.48120267260596
