molecularweight : 57676.888700000054
pI : 7.661350440979004
netcharge : 1.7662759469425708
aromaticity : 0.07630522088353414
gravy : -0.6315261044176704
instability : 50.03232931726911
