molecularweight : 28197.682800000013
pI : 6.422089958190917
netcharge : -1.21454075534729
aromaticity : 0.08032128514056225
gravy : -0.5120481927710845
instability : 63.944578313253
