molecularweight : 12769.904899999987
pI : 9.328849220275881
netcharge : 3.514172514569239
aromaticity : 0.08411214953271028
gravy : -0.3981308411214955
instability : 31.215887850467283
