molecularweight : 11329.109399999992
pI : 10.59868297576904
netcharge : 8.494785517148946
aromaticity : 0.019801980198019802
gravy : -0.3534653465346535
instability : 48.30495049504948
