molecularweight : 123838.98170000056
pI : 5.0095842361450185
netcharge : -37.13957537893714
aromaticity : 0.09656453110492108
gravy : -0.1420612813370478
instability : 40.40831940575692
