molecularweight : 35247.732500000006
pI : 9.607932853698731
netcharge : 12.85491434491269
aromaticity : 0.062111801242236024
gravy : -0.07049689440993788
instability : 23.249409937888203
