molecularweight : 75074.94230000034
pI : 5.832442283630371
netcharge : -10.149959406345232
aromaticity : 0.09603658536585366
gravy : -0.3884146341463417
instability : 50.4493902439026
