molecularweight : 20439.459199999994
pI : 9.54056339263916
netcharge : 6.700769937794078
aromaticity : 0.05084745762711865
gravy : -1.2141242937853112
instability : 75.3994350282486
