molecularweight : 58930.66870000014
pI : 4.6054590225219725
netcharge : -32.87063933781226
aromaticity : 0.09143968871595332
gravy : -0.39961089494163404
instability : 41.997276264591456
