molecularweight : 16305.292699999996
pI : 8.25332317352295
netcharge : 1.4402102450878624
aromaticity : 0.08125
gravy : 1.1443749999999997
instability : 26.55874999999998
