molecularweight : 77867.46660000035
pI : 8.783704566955567
netcharge : 10.380185974825721
aromaticity : 0.06741573033707865
gravy : -0.5321629213483139
instability : 55.30266853932605
