molecularweight : 57915.515700000076
pI : 4.827756309509277
netcharge : -26.691708621797666
aromaticity : 0.06591337099811675
gravy : -0.19623352165725058
instability : 36.69755178907721
