molecularweight : 29619.2405
pI : 9.023655891418457
netcharge : 4.847472150377648
aromaticity : 0.08480565371024734
gravy : -0.03286219081272061
instability : 14.971413427561837
