molecularweight : 14236.122499999981
pI : 9.736289405822752
netcharge : 5.954138339426214
aromaticity : 0.08333333333333333
gravy : -0.8608333333333335
instability : 52.75166666666665
