molecularweight : 19752.414099999987
pI : 4.197298240661621
netcharge : -19.286905650683405
aromaticity : 0.08045977011494253
gravy : -0.714367816091954
instability : 63.594252873563214
