molecularweight : 19254.643199999995
pI : 8.717624473571778
netcharge : 3.034181012541559
aromaticity : 0.0658682634730539
gravy : -0.9017964071856286
instability : 60.91017964071855
