molecularweight : 43368.55060000003
pI : 8.366916465759278
netcharge : 2.3346398683924505
aromaticity : 0.0731070496083551
gravy : -0.526892950391645
instability : 45.9054830287206
