molecularweight : 68332.81270000014
pI : 5.086089515686035
netcharge : -29.030337250268772
aromaticity : 0.08747855917667238
gravy : -0.7797598627787299
instability : 42.38044596912526
