molecularweight : 14632.954699999977
pI : 10.404310798645017
netcharge : 10.010312262406948
aromaticity : 0.168
gravy : 0.021599999999999866
instability : 37.27047999999999
