molecularweight : 50291.3728
pI : 5.228186988830565
netcharge : -16.453894747743902
aromaticity : 0.05206073752711497
gravy : -0.019088937093275395
instability : 32.747071583514085
