molecularweight : 26823.78850000002
pI : 9.585111045837401
netcharge : 10.7812640953488
aromaticity : 0.05761316872427984
gravy : -0.2893004115226342
instability : 38.87572016460905
