molecularweight : 16275.339399999997
pI : 5.158047676086424
netcharge : -6.245611715756198
aromaticity : 0.06
gravy : -0.31266666666666654
instability : 42.69666666666665
