molecularweight : 13861.75409999998
pI : 6.493138694763183
netcharge : -1.0970632914600902
aromaticity : 0.1092436974789916
gravy : -0.14621848739495796
instability : 37.93789915966386
