molecularweight : 23788.819200000027
pI : 7.748143577575684
netcharge : 0.6169147495206317
aromaticity : 0.09615384615384616
gravy : -0.2615384615384616
instability : 41.277884615384615
