molecularweight : 143895.0854000004
pI : 4.7914930343627935
netcharge : -40.851735307188335
aromaticity : 0.12461059190031151
gravy : 0.14034267912772563
instability : 42.567936137071904
