molecularweight : 48908.15870000008
pI : 6.0973119735717765
netcharge : -6.245608947594949
aromaticity : 0.12814645308924486
gravy : 0.3853546910755151
instability : 34.55537757437069
