molecularweight : 28421.52540000001
pI : 4.736529731750489
netcharge : -11.140788442830594
aromaticity : 0.13043478260869565
gravy : -0.21897233201581048
instability : 27.2794861660079
