molecularweight : 61072.150400000006
pI : 4.880275535583496
netcharge : -22.667665984746783
aromaticity : 0.13295880149812733
gravy : -0.34850187265917626
instability : 39.30395131086143
