molecularweight : 82511.14680000045
pI : 4.249987983703614
netcharge : -56.87372785109734
aromaticity : 0.08256880733944955
gravy : -0.38650065530799443
instability : 38.22361730013114
