molecularweight : 77031.07580000036
pI : 5.577064704895019
netcharge : -14.131502502786631
aromaticity : 0.11764705882352941
gravy : -0.14735294117647102
instability : 35.14075000000005
