molecularweight : 34672.716000000015
pI : 5.139575004577636
netcharge : -11.732876672302584
aromaticity : 0.12459016393442623
gravy : -0.33278688524590205
instability : 47.69704918032787
