molecularweight : 109628.98650000086
pI : 4.6473493576049805
netcharge : -40.263115549102125
aromaticity : 0.10324483775811208
gravy : -0.1388397246804327
instability : 36.16324483775827
