molecularweight : 109585.22430000083
pI : 5.111610221862793
netcharge : -35.52613727321231
aromaticity : 0.09625126646403243
gravy : 0.05207700101317122
instability : 47.68329280648454
