molecularweight : 33514.93500000001
pI : 9.415365791320802
netcharge : 13.000929679492288
aromaticity : 0.09731543624161074
gravy : -0.4456375838926179
instability : 35.37426174496645
