molecularweight : 71658.16230000065
pI : 4.104082298278808
netcharge : -39.30988964660218
aromaticity : 0.09620991253644315
gravy : -0.13556851311953366
instability : 42.70004373177858
