molecularweight : 63025.715500000166
pI : 4.505308723449708
netcharge : -44.86169294737674
aromaticity : 0.09911504424778761
gravy : -0.5568141592920345
instability : 32.424955752212384
