molecularweight : 258633.6190999954
pI : 4.0500284194946286
netcharge : -265.1626469900595
aromaticity : 0.09486652977412731
gravy : -0.28205338809034997
instability : 13.850184804928194
