molecularweight : 99522.79900000062
pI : 5.043289756774903
netcharge : -36.79431852494422
aromaticity : 0.06152125279642058
gravy : -0.4184563758389258
instability : 41.471375838926335
