molecularweight : 81196.84110000028
pI : 8.537564277648926
netcharge : 5.40516468516261
aromaticity : 0.1174863387978142
gravy : 0.349863387978143
instability : 34.83088797814211
