molecularweight : 164796.1277000003
pI : 6.523831748962402
netcharge : -5.522085660535907
aromaticity : 0.08943089430894309
gravy : -0.23360433604335976
instability : 41.76084688346912
