molecularweight : 54286.96070000006
pI : 5.601391792297362
netcharge : -6.974488391553905
aromaticity : 0.07818930041152264
gravy : -0.0034979423868313005
instability : 52.37228395061736
