molecularweight : 84895.13490000053
pI : 6.580954933166503
netcharge : -2.8383340230794687
aromaticity : 0.15374149659863945
gravy : 0.07605442176870737
instability : 34.991047619047684
