molecularweight : 24988.227300000013
pI : 7.778449058532716
netcharge : 1.1302833882398389
aromaticity : 0.11737089201877934
gravy : -0.3854460093896716
instability : 25.603849765258214
