molecularweight : 69669.93970000025
pI : 4.106696891784667
netcharge : -53.92494687134606
aromaticity : 0.11532385466034754
gravy : -0.22243285939968396
instability : 36.3181832543444
