molecularweight : 33401.84690000005
pI : 4.531284141540527
netcharge : -15.272746778831117
aromaticity : 0.08176100628930817
gravy : -0.3135220125786162
instability : 54.67798742138361
