molecularweight : 45475.96860000008
pI : 4.812239265441894
netcharge : -25.22104953251381
aromaticity : 0.092964824120603
gravy : -1.1045226130653247
instability : 46.7437185929648
