molecularweight : 132054.21440000067
pI : 5.6171361923217775
netcharge : -23.18840369222775
aromaticity : 0.0955249569707401
gravy : -0.47728055077452575
instability : 49.15761617900195
