molecularweight : 45234.27720000004
pI : 5.0798372268676735
netcharge : -11.888631470613216
aromaticity : 0.08775981524249424
gravy : -0.20623556581986183
instability : 43.639953810623524
