molecularweight : 53808.20850000015
pI : 4.121588706970214
netcharge : -53.91227443966483
aromaticity : 0.10408163265306122
gravy : -0.3238775510204078
instability : 36.25530612244898
