molecularweight : 48976.315200000085
pI : 5.62225170135498
netcharge : -7.773356246219642
aromaticity : 0.06997742663656885
gravy : -0.07742663656884882
instability : 36.23905191873588
