molecularweight : 62866.05390000025
pI : 4.344056510925294
netcharge : -31.884034356398015
aromaticity : 0.0979381443298969
gravy : -0.04518900343642612
instability : 44.508969072165016
