molecularweight : 88066.27810000037
pI : 5.2384748458862305
netcharge : -27.48013473685618
aromaticity : 0.10765239948119326
gravy : -0.14747081712062218
instability : 44.819221789883436
