molecularweight : 78124.37610000056
pI : 4.774611854553222
netcharge : -24.70662722343782
aromaticity : 0.11253561253561253
gravy : 0.4504273504273508
instability : 42.09874643874653
