molecularweight : 43796.67780000003
pI : 5.135482597351074
netcharge : -13.696269861979651
aromaticity : 0.11286089238845144
gravy : -0.4073490813648295
instability : 39.63627296587926
