molecularweight : 25659.036700000026
pI : 4.747499656677246
netcharge : -26.944065481631753
aromaticity : 0.08444444444444445
gravy : -0.6271111111111113
instability : 30.66537777777776
