molecularweight : 67163.90540000028
pI : 4.264481925964356
netcharge : -46.80423776567863
aromaticity : 0.12563667232597622
gravy : -0.278607809847199
instability : 38.15638370118848
