molecularweight : 38825.663700000056
pI : 4.851458168029784
netcharge : -12.152408840395061
aromaticity : 0.08130081300813008
gravy : -0.26178861788617924
instability : 36.99457994579946
