molecularweight : 59973.297400000134
pI : 5.209543800354003
netcharge : -16.563725863121533
aromaticity : 0.09090909090909091
gravy : -0.20072727272727295
instability : 36.248200000000004
