molecularweight : 69315.0405000002
pI : 5.480779457092285
netcharge : -12.540020660430315
aromaticity : 0.11221122112211221
gravy : -0.30544554455445516
instability : 45.64968646864699
