molecularweight : 49493.589800000336
pI : 4.3088163375854505
netcharge : -33.65651030562031
aromaticity : 0.07889125799573561
gravy : -0.361407249466951
instability : 58.98279317697242
