molecularweight : 172798.370599999
pI : 4.0500284194946286
netcharge : -377.2048633025558
aromaticity : 0.03955500618046971
gravy : -0.782323856613104
instability : 77.07651421508093
