molecularweight : 47721.943600000086
pI : 9.190629005432129
netcharge : 12.330597991164453
aromaticity : 0.12285012285012285
gravy : -0.44496314496314493
instability : 42.07889434889435
