molecularweight : 24758.153700000003
pI : 5.17765712738037
netcharge : -4.392901838941661
aromaticity : 0.09417040358744394
gravy : -0.08520179372197303
instability : 36.81300448430492
