molecularweight : 31885.955799999967
pI : 5.257686424255371
netcharge : -9.732288408200095
aromaticity : 0.07348242811501597
gravy : -0.41309904153354693
instability : 24.35527156549519
