molecularweight : 24382.808599999968
pI : 4.0500284194946286
netcharge : -9.484374044728924
aromaticity : 0.03629032258064516
gravy : 0.12943548387096793
instability : 14.494758064516116
