molecularweight : 20604.614800000003
pI : 4.0500284194946286
netcharge : -36.32539172430681
aromaticity : 0.08762886597938144
gravy : -0.2695876288659796
instability : 51.27685567010308
