molecularweight : 62955.40650000024
pI : 4.453357887268066
netcharge : -28.965554337767777
aromaticity : 0.08347245409015025
gravy : -0.08414023372287173
instability : 39.26646076794661
