molecularweight : 44228.02610000003
pI : 9.409885978698732
netcharge : 18.99638991629439
aromaticity : 0.1595744680851064
gravy : -0.05425531914893616
instability : 41.87289893617022
