molecularweight : 47741.68890000009
pI : 4.924666786193847
netcharge : -18.497264887270983
aromaticity : 0.10068649885583525
gravy : 0.16132723112128147
instability : 35.1107551487414
