molecularweight : 51246.252200000046
pI : 8.425131416320802
netcharge : 4.534663463437461
aromaticity : 0.10244988864142537
gravy : -0.514922048997773
instability : 44.44545657015588
