molecularweight : 85370.80990000047
pI : 7.805267906188965
netcharge : 2.9578964945959427
aromaticity : 0.13654618473895583
gravy : 0.12637215528781787
instability : 35.743668005354806
