molecularweight : 22594.335600000013
pI : 7.00952091217041
netcharge : 0.01785928083441135
aromaticity : 0.1116751269035533
gravy : -0.25380710659898487
instability : 32.834517766497456
