molecularweight : 66399.80390000023
pI : 9.055309867858885
netcharge : 11.236093900098595
aromaticity : 0.12412587412587411
gravy : -0.7204545454545445
instability : 39.827832167832234
