molecularweight : 52227.07040000001
pI : 5.4808931350708
netcharge : -7.92277941768625
aromaticity : 0.12526997840172788
gravy : -0.052267818574514055
instability : 40.93501079913607
