molecularweight : 31375.937500000062
pI : 4.450743293762207
netcharge : -25.651661435553606
aromaticity : 0.1013986013986014
gravy : -0.3034965034965037
instability : 31.756678321678326
