molecularweight : 49061.22640000006
pI : 4.093567085266113
netcharge : -33.1992849518647
aromaticity : 0.12669683257918551
gravy : -0.11538461538461592
instability : 36.11266968325792
