molecularweight : 137102.42970000065
pI : 4.130114555358887
netcharge : -94.33667298992893
aromaticity : 0.10737179487179488
gravy : -0.14455128205128215
instability : 28.43689102564114
