molecularweight : 70148.28680000026
pI : 4.637118339538574
netcharge : -36.37938403682845
aromaticity : 0.11057692307692307
gravy : -0.2740384615384616
instability : 36.65836538461542
