molecularweight : 69401.2694000002
pI : 4.90329532623291
netcharge : -25.390457166198665
aromaticity : 0.14192495921696574
gravy : -0.4557911908646001
instability : 24.413898858075026
