molecularweight : 13598.403099999989
pI : 6.1469324111938475
netcharge : -0.578698057469003
aromaticity : 0.10833333333333334
gravy : -0.3533333333333332
instability : 47.87499999999998
