molecularweight : 70909.91680000025
pI : 4.214975166320801
netcharge : -64.94281214267815
aromaticity : 0.1192368839427663
gravy : -0.274880763116057
instability : 23.589825119236874
