molecularweight : 38625.645900000076
pI : 4.154271125793457
netcharge : -26.342038651558887
aromaticity : 0.06182795698924731
gravy : -0.4053763440860213
instability : 60.51693548387101
