molecularweight : 166022.52960000024
pI : 4.970706367492675
netcharge : -56.99878305990643
aromaticity : 0.10689655172413792
gravy : -0.24137931034482726
instability : 34.39415862068992
