molecularweight : 32876.91760000001
pI : 6.410892677307129
netcharge : -2.5567239543800433
aromaticity : 0.10452961672473868
gravy : -0.426829268292683
instability : 46.08052264808362
