molecularweight : 97515.31870000057
pI : 5.796349525451659
netcharge : -14.65804836452594
aromaticity : 0.09457900807381776
gravy : -0.3510957324106108
instability : 44.260692041522645
