molecularweight : 26484.72909999998
pI : 4.152850151062012
netcharge : -30.100811949935018
aromaticity : 0.09787234042553192
gravy : -0.6327659574468087
instability : 57.71744680851065
