molecularweight : 40169.92900000005
pI : 4.843159675598144
netcharge : -24.583588967788245
aromaticity : 0.07386363636363637
gravy : -0.494886363636364
instability : 47.5122443181818
