molecularweight : 105355.15180000088
pI : 5.787255287170409
netcharge : -11.300418586215997
aromaticity : 0.09456521739130436
gravy : -0.30119565217391153
instability : 35.61273913043492
