molecularweight : 28164.982100000012
pI : 5.125649452209472
netcharge : -5.316255804846701
aromaticity : 0.11553784860557768
gravy : 0.06294820717131455
instability : 41.76414342629484
