molecularweight : 66307.04590000013
pI : 5.417290306091308
netcharge : -13.59805296493765
aromaticity : 0.0657672849915683
gravy : -0.49999999999999906
instability : 40.826661045531274
