molecularweight : 118036.13780000106
pI : 6.251288795471192
netcharge : -9.738876081992416
aromaticity : 0.13173076923076923
gravy : 0.2179807692307691
instability : 44.594644230769454
