molecularweight : 24535.74170000001
pI : 4.476718711853027
netcharge : -21.00499407425871
aromaticity : 0.0849056603773585
gravy : -0.8047169811320757
instability : 40.449056603773585
