molecularweight : 113857.49700000076
pI : 8.953836631774902
netcharge : 18.274001221125275
aromaticity : 0.09716599190283401
gravy : -0.31113360323886596
instability : 36.93796558704465
