molecularweight : 49282.31240000007
pI : 4.969001197814941
netcharge : -20.857259789889795
aromaticity : 0.07925407925407926
gravy : -1.0333333333333328
instability : 51.97435897435897
