molecularweight : 54127.486600000135
pI : 6.560379219055175
netcharge : -1.6378017189059477
aromaticity : 0.1010752688172043
gravy : -0.7793548387096763
instability : 60.88733333333347
