molecularweight : 68595.66790000026
pI : 8.243137168884278
netcharge : 3.442435594490597
aromaticity : 0.12685337726523888
gravy : -0.29258649093904426
instability : 31.999851729818776
