molecularweight : 67181.09690000021
pI : 4.905398368835448
netcharge : -27.374378376518507
aromaticity : 0.07154742096505823
gravy : -0.22129783693843602
instability : 38.761064891846964
