molecularweight : 48706.492900000034
pI : 5.340102958679199
netcharge : -10.898612324434062
aromaticity : 0.04918032786885246
gravy : -0.7079625292740049
instability : 33.47728337236534
