molecularweight : 111682.83860000053
pI : 6.7208356857299805
netcharge : -1.7815535231398485
aromaticity : 0.07987866531850353
gravy : -0.5672396359959551
instability : 49.69819009100128
