molecularweight : 64132.60220000026
pI : 8.735030937194825
netcharge : 8.43301099634327
aromaticity : 0.09171075837742504
gravy : -0.4335097001763671
instability : 36.130529100529095
