molecularweight : 65011.06310000019
pI : 6.715265464782715
netcharge : -0.868002396146828
aromaticity : 0.1366782006920415
gravy : 0.13096885813148773
instability : 37.58775086505192
