molecularweight : 65704.91480000014
pI : 5.745819664001465
netcharge : -17.21911225357796
aromaticity : 0.0586145648312611
gravy : -0.85222024866785
instability : 55.747602131438846
