molecularweight : 59943.6606
pI : 5.643623161315918
netcharge : -16.655647809281604
aromaticity : 0.07020872865275142
gravy : -0.9419354838709664
instability : 53.159240986717364
