molecularweight : 167073.73640000026
pI : 8.992453193664552
netcharge : 26.682783476592192
aromaticity : 0.09372846312887664
gravy : -0.5196416264645076
instability : 44.82393521709194
