molecularweight : 50568.668000000114
pI : 6.284766960144044
netcharge : -4.2729870162435475
aromaticity : 0.07079646017699115
gravy : -0.3975663716814159
instability : 31.699115044247776
