molecularweight : 23010.67510000001
pI : 5.949587440490721
netcharge : -3.0538343514299875
aromaticity : 0.1306532663316583
gravy : -0.4603015075376885
instability : 32.654321608040206
