molecularweight : 13058.980499999985
pI : 7.820675849914552
netcharge : 0.7547901403201891
aromaticity : 0.12280701754385964
gravy : 0.09736842105263156
instability : 47.665789473684185
