molecularweight : 15587.031699999987
pI : 10.18208827972412
netcharge : 19.711223458652885
aromaticity : 0.06666666666666667
gravy : -0.8762962962962965
instability : 45.62074074074072
