molecularweight : 32814.93130000005
pI : 5.47179889678955
netcharge : -11.33547607040914
aromaticity : 0.06188925081433225
gravy : 0.0403908794788273
instability : 36.11859934853418
