molecularweight : 57123.01950000011
pI : 9.703668403625485
netcharge : 31.307692727927062
aromaticity : 0.0808080808080808
gravy : -0.775555555555554
instability : 34.57555555555556
