molecularweight : 36111.75340000003
pI : 5.483678245544433
netcharge : -9.674291137174983
aromaticity : 0.1142857142857143
gravy : -0.24888888888888885
instability : 33.87463492063491
