molecularweight : 68835.02700000018
pI : 6.192858314514161
netcharge : -4.515385376586281
aromaticity : 0.105982905982906
gravy : -0.36393162393162304
instability : 37.4820854700855
