molecularweight : 50860.14570000005
pI : 4.829177284240722
netcharge : -22.657833953103754
aromaticity : 0.10738255033557047
gravy : -0.4892617449664434
instability : 31.60315436241611
