molecularweight : 15763.645099999996
pI : 4.4309064865112315
netcharge : -13.209946812046843
aromaticity : 0.043478260869565216
gravy : -0.3739130434782609
instability : 41.748550724637674
