molecularweight : 65830.38920000009
pI : 9.177928733825684
netcharge : 8.234182267430008
aromaticity : 0.07718120805369127
gravy : -0.7125838926174495
instability : 62.09731543624184
