molecularweight : 69546.04010000036
pI : 7.126325035095214
netcharge : 0.32783341190261694
aromaticity : 0.09163987138263666
gravy : -0.8233118971061079
instability : 44.673006430868284
