molecularweight : 72029.4553000002
pI : 6.788530921936036
netcharge : -0.7085070125730795
aromaticity : 0.0966183574879227
gravy : -0.42705314009661827
instability : 39.01470209339785
