molecularweight : 58207.86140000005
pI : 6.164381980895995
netcharge : -5.334678010591745
aromaticity : 0.0703125
gravy : -0.6361328124999986
instability : 52.5109375000001
