molecularweight : 100330.81850000053
pI : 5.789983558654785
netcharge : -11.243730906095394
aromaticity : 0.09578107183580387
gravy : -0.5007981755986308
instability : 40.946533637400414
