molecularweight : 17903.598199999975
pI : 11.03287754058838
netcharge : 28.854207777613496
aromaticity : 0.06329113924050633
gravy : -0.9329113924050637
instability : 43.439240506329114
