molecularweight : 82611.65870000032
pI : 5.779070472717284
netcharge : -11.194824346333363
aromaticity : 0.08368200836820083
gravy : -0.5965132496513242
instability : 48.48955369595549
