molecularweight : 46864.44310000007
pI : 4.7974042892456055
netcharge : -19.878483431751597
aromaticity : 0.09219858156028368
gravy : -0.19267139479905449
instability : 39.53073286052009
