molecularweight : 87210.71930000052
pI : 5.540687751770019
netcharge : -13.440743641972148
aromaticity : 0.09974424552429667
gravy : -0.21930946291560066
instability : 42.849002557544914
