molecularweight : 79314.83610000035
pI : 8.327332878112792
netcharge : 4.730821288419818
aromaticity : 0.09883720930232559
gravy : -0.4277616279069761
instability : 44.703081395348946
