molecularweight : 73038.16150000009
pI : 8.97414417266846
netcharge : 13.972918238271504
aromaticity : 0.1056
gravy : -0.7329599999999993
instability : 37.54800000000004
