molecularweight : 55486.66710000002
pI : 9.035840415954592
netcharge : 7.927411960922782
aromaticity : 0.052000000000000005
gravy : -0.5959999999999984
instability : 47.721800000000094
