molecularweight : 19177.6662
pI : 10.27015209197998
netcharge : 17.056879996736573
aromaticity : 0.03125
gravy : -1.4787500000000002
instability : 47.962499999999984
