molecularweight : 33367.28520000004
pI : 6.260098838806152
netcharge : -3.5683580683401175
aromaticity : 0.10247349823321555
gravy : -0.09081272084805662
instability : 50.12759717314486
