molecularweight : 13872.552199999976
pI : 4.97343463897705
netcharge : -6.285775452288558
aromaticity : 0.06557377049180328
gravy : -0.4434426229508196
instability : 48.71639344262295
