molecularweight : 50280.63240000008
pI : 8.896846580505372
netcharge : 7.335578897240708
aromaticity : 0.1561771561771562
gravy : 0.016317016317016337
instability : 47.292540792540784
