molecularweight : 67129.3771000002
pI : 6.103166389465331
netcharge : -6.256627949624232
aromaticity : 0.10552763819095479
gravy : -0.3026800670016754
instability : 38.05929648241211
