molecularweight : 28984.414499999984
pI : 6.339502906799316
netcharge : -1.288242116617898
aromaticity : 0.051094890510948905
gravy : 0.14854014598540133
instability : 36.142737226277376
