molecularweight : 29678.870100000044
pI : 5.368579292297363
netcharge : -7.077731652447383
aromaticity : 0.046511627906976744
gravy : -0.8100775193798453
instability : 51.87325581395349
