molecularweight : 51679.42520000009
pI : 5.509596824645995
netcharge : -12.254962333022341
aromaticity : 0.09433962264150944
gravy : -0.10712788259958066
instability : 32.780712788259954
