molecularweight : 17804.797699999996
pI : 8.166742134094239
netcharge : 1.707610809709923
aromaticity : 0.08860759493670886
gravy : 0.28987341772151903
instability : 47.83740506329114
