molecularweight : 57455.5729000001
pI : 5.090693473815917
netcharge : -21.457539604352554
aromaticity : 0.07114624505928854
gravy : -0.3723320158102765
instability : 41.21247035573123
