molecularweight : 14023.734899999985
pI : 10.07558650970459
netcharge : 6.775395799059353
aromaticity : 0.049586776859504134
gravy : -1.014876033057851
instability : 66.27685950413223
