molecularweight : 46879.266500000056
pI : 7.152925682067871
netcharge : 0.38694598400101654
aromaticity : 0.11633663366336634
gravy : -0.2700495049504953
instability : 43.28242574257427
