molecularweight : 20503.245400000007
pI : 9.69612560272217
netcharge : 12.725417528259785
aromaticity : 0.1348314606741573
gravy : -0.3960674157303371
instability : 50.82471910112359
