molecularweight : 58703.825000000084
pI : 5.524204444885252
netcharge : -13.25386228528653
aromaticity : 0.06214689265536723
gravy : -0.4836158192090397
instability : 59.9655555555557
