molecularweight : 31510.17780000006
pI : 6.059514045715332
netcharge : -3.8020126797112574
aromaticity : 0.11956521739130435
gravy : 0.17210144927536214
instability : 40.49934782608695
