molecularweight : 89591.91340000051
pI : 6.013133430480956
netcharge : -8.984978749370313
aromaticity : 0.06801007556675062
gravy : -0.35302267002518806
instability : 40.164861460957304
