molecularweight : 35211.32280000001
pI : 9.312861061096193
netcharge : 8.983312792077768
aromaticity : 0.18272425249169436
gravy : 0.5534883720930237
instability : 40.13963455149502
