molecularweight : 24143.8713
pI : 9.177541923522949
netcharge : 5.574056873644373
aromaticity : 0.15566037735849056
gravy : 0.13679245283018865
instability : 26.73066037735848
