molecularweight : 36016.242500000044
pI : 5.201870536804199
netcharge : -15.363390303529265
aromaticity : 0.1266233766233766
gravy : -0.41818181818181877
instability : 45.10561688311686
