molecularweight : 19371.735599999996
pI : 6.048487281799316
netcharge : -2.999429855577173
aromaticity : 0.08092485549132948
gravy : -0.3236994219653179
instability : 48.365317919075146
