molecularweight : 24772.565300000027
pI : 6.0784414291381825
netcharge : -2.1295765875509396
aromaticity : 0.10232558139534884
gravy : -0.6186046511627907
instability : 50.527906976744184
