molecularweight : 51351.199500000126
pI : 9.60999584197998
netcharge : 17.19498233344082
aromaticity : 0.041666666666666664
gravy : -1.021710526315788
instability : 56.62872807017548
