molecularweight : 75944.91570000025
pI : 5.248023796081542
netcharge : -15.769254240895847
aromaticity : 0.06865671641791045
gravy : -0.057611940298507476
instability : 44.20761194029858
