molecularweight : 59835.01010000005
pI : 8.803689765930176
netcharge : 6.696959269431559
aromaticity : 0.10326086956521739
gravy : 0.6639492753623202
instability : 33.41759057971015
