molecularweight : 15233.444299999981
pI : 10.681266975402831
netcharge : 20.100899811244048
aromaticity : 0.06818181818181818
gravy : -0.8598484848484856
instability : 45.42803030303028
