molecularweight : 39020.86150000007
pI : 9.158652687072756
netcharge : 6.086946677510841
aromaticity : 0.15743440233236153
gravy : -0.1373177842565589
instability : 49.66122448979592
