molecularweight : 31478.640800000016
pI : 9.263027000427243
netcharge : 5.693409749848403
aromaticity : 0.042704626334519574
gravy : -0.4832740213523133
instability : 40.85729537366548
