molecularweight : 46939.132500000036
pI : 4.5174154281616214
netcharge : -36.953977070464305
aromaticity : 0.06428571428571428
gravy : -0.4085714285714285
instability : 40.14645238095235
