molecularweight : 36911.0084000001
pI : 6.759372520446779
netcharge : -0.71133225122135
aromaticity : 0.08108108108108109
gravy : -0.06936936936936934
instability : 31.2156156156156
