molecularweight : 15017.680499999979
pI : 10.056117057800293
netcharge : 6.780518324887154
aromaticity : 0.028985507246376812
gravy : -0.6913043478260876
instability : 47.93550724637682
