molecularweight : 38966.58750000004
pI : 7.716143226623536
netcharge : 1.2382725095340774
aromaticity : 0.06158357771260997
gravy : -0.7260997067448676
instability : 47.51319648093838
