molecularweight : 71897.92320000034
pI : 5.252627754211424
netcharge : -26.522502312956362
aromaticity : 0.08137715179968702
gravy : -0.8420970266040689
instability : 46.73161189358383
