molecularweight : 44470.47419999999
pI : 7.036121559143066
netcharge : 0.08168471564648172
aromaticity : 0.08072916666666666
gravy : 0.013541666666666697
instability : 50.95729166666666
