molecularweight : 17322.63949999999
pI : 9.515420722961426
netcharge : 5.770813192834083
aromaticity : 0.1292517006802721
gravy : -0.6775510204081633
instability : 65.95176870748301
