molecularweight : 45215.07100000004
pI : 5.191241645812987
netcharge : -9.712207232338095
aromaticity : 0.10941475826972011
gravy : -0.15954198473282455
instability : 34.53944020356234
