molecularweight : 22727.325500000006
pI : 4.702198982238768
netcharge : -13.185020353572195
aromaticity : 0.05670103092783505
gravy : -0.6644329896907218
instability : 45.76752577319587
