molecularweight : 115035.3003000008
pI : 4.655306816101075
netcharge : -53.42127899767729
aromaticity : 0.10515873015873015
gravy : -0.08154761904761933
instability : 42.84735119047639
