molecularweight : 59047.56990000021
pI : 5.91196002960205
netcharge : -10.816492488290699
aromaticity : 0.05791505791505791
gravy : -0.9359073359073349
instability : 62.29596525096541
