molecularweight : 30645.963400000044
pI : 6.493820762634278
netcharge : -1.0965804907047634
aromaticity : 0.11785714285714285
gravy : 0.2042857142857137
instability : 60.23399999999998
