molecularweight : 91127.12960000073
pI : 4.823891258239747
netcharge : -37.56774357380988
aromaticity : 0.05783132530120482
gravy : -0.316746987951807
instability : 40.80301204819289
