molecularweight : 34516.812099999974
pI : 8.885177803039554
netcharge : 4.040278598222734
aromaticity : 0.11589403973509935
gravy : -0.5195364238410597
instability : 35.57880794701986
