molecularweight : 22714.357300000007
pI : 4.644109535217285
netcharge : -6.502133085304148
aromaticity : 0.11386138613861387
gravy : -0.28712871287128716
instability : 43.433663366336624
