molecularweight : 69314.80710000018
pI : 9.742284965515136
netcharge : 36.17878458631716
aromaticity : 0.10641891891891891
gravy : -0.5437499999999986
instability : 43.640574324324426
