molecularweight : 48079.506000000016
pI : 6.277662086486816
netcharge : -3.527313671331818
aromaticity : 0.13317191283292978
gravy : -0.274576271186441
instability : 41.86784503631961
