molecularweight : 30277.738900000004
pI : 9.299580574035645
netcharge : 7.7456397023657715
aromaticity : 0.10752688172043011
gravy : 0.16666666666666674
instability : 30.704659498207878
