molecularweight : 49789.435900000055
pI : 8.883050346374514
netcharge : 5.89910395223858
aromaticity : 0.1137855579868709
gravy : 0.7929978118161941
instability : 26.473522975929956
