molecularweight : 52592.26650000003
pI : 8.849784660339356
netcharge : 7.551370103725333
aromaticity : 0.11816192560175055
gravy : -0.33544857768052555
instability : 42.59365426695841
