molecularweight : 50187.46480000006
pI : 5.540630912780761
netcharge : -10.522899811092103
aromaticity : 0.10091743119266056
gravy : -0.3238532110091744
instability : 44.690596330275234
