molecularweight : 56207.24210000009
pI : 8.40469493865967
netcharge : 4.65056915393324
aromaticity : 0.12048192771084337
gravy : 0.660843373493977
instability : 34.14598393574295
