molecularweight : 53518.8281
pI : 7.293659019470215
netcharge : 0.9813079676258667
aromaticity : 0.10828025477707007
gravy : -0.10721868365180462
instability : 31.553524416135872
