molecularweight : 115495.15310000084
pI : 7.222155570983888
netcharge : 1.4840768055231024
aromaticity : 0.1325910931174089
gravy : -0.41963562753036304
instability : 36.9310931174091
