molecularweight : 115727.05670000073
pI : 5.703645133972168
netcharge : -16.758982528443084
aromaticity : 0.06551059730250482
gravy : -0.21368015414258204
instability : 37.69778420038552
