molecularweight : 29431.44710000002
pI : 5.095638465881346
netcharge : -9.399929528751201
aromaticity : 0.07086614173228346
gravy : -1.0980314960629922
instability : 53.50358267716535
