molecularweight : 21249.64609999999
pI : 6.592947959899903
netcharge : -0.9475298624207582
aromaticity : 0.07567567567567568
gravy : -0.5664864864864866
instability : 43.90648648648648
