molecularweight : 62295.507000000056
pI : 9.223056602478025
netcharge : 19.27256890112629
aromaticity : 0.07550644567219153
gravy : -0.4567219152854508
instability : 55.893075506445854
