molecularweight : 105210.92240000081
pI : 8.969437980651858
netcharge : 13.955645109344118
aromaticity : 0.07098121085594988
gravy : -0.27014613778705565
instability : 53.198653444676765
