molecularweight : 45185.07030000004
pI : 8.449435997009278
netcharge : 3.0669959511272715
aromaticity : 0.17829457364341084
gravy : 0.7503875968992261
instability : 32.38118863049095
