molecularweight : 38314.62620000003
pI : 5.509994697570799
netcharge : -8.765454616573884
aromaticity : 0.11572700296735905
gravy : -0.4593471810089019
instability : 32.2320474777448
