molecularweight : 89616.89740000051
pI : 6.700828361511231
netcharge : -2.3255294098683805
aromaticity : 0.10573248407643313
gravy : -0.15528662420382197
instability : 48.62625477707024
