molecularweight : 26205.244300000002
pI : 9.716497611999511
netcharge : 12.742613242557315
aromaticity : 0.06302521008403361
gravy : -0.623529411764706
instability : 45.88025210084032
