molecularweight : 22162.291500000003
pI : 6.7444238662719735
netcharge : -0.31517515685290576
aromaticity : 0.10552763819095476
gravy : -0.12412060301507535
instability : 16.572864321608023
