molecularweight : 55889.71480000006
pI : 5.5947984695434565
netcharge : -14.044037551852739
aromaticity : 0.07847082494969819
gravy : -0.6130784708249495
instability : 51.727967806841114
