molecularweight : 11109.971699999991
pI : 4.0500284194946286
netcharge : -17.450654699594082
aromaticity : 0.03669724770642202
gravy : -0.1779816513761468
instability : 49.60091743119266
