molecularweight : 62588.21190000013
pI : 8.845013999938963
netcharge : 11.455006024614782
aromaticity : 0.09601449275362318
gravy : -0.19384057971014523
instability : 47.7826268115943
