molecularweight : 69516.79330000018
pI : 5.125990486145019
netcharge : -22.821498982997824
aromaticity : 0.06386554621848739
gravy : -1.1694117647058826
instability : 57.688756302521156
