molecularweight : 63872.852000000064
pI : 8.80085315704346
netcharge : 8.30090805696085
aromaticity : 0.06890459363957596
gravy : -0.3985865724381628
instability : 35.589946996466416
