molecularweight : 57117.96770000013
pI : 6.332170677185059
netcharge : -4.1846295725254095
aromaticity : 0.0873015873015873
gravy : -0.4619047619047615
instability : 43.1702777777778
