molecularweight : 11964.407499999992
pI : 4.990770530700683
netcharge : -5.300132480345791
aromaticity : 0.04854368932038835
gravy : -0.779611650485437
instability : 56.944660194174745
