molecularweight : 15871.182199999996
pI : 9.792312431335446
netcharge : 8.745055008567116
aromaticity : 0.07746478873239437
gravy : -0.33239436619718304
instability : 48.97464788732393
