molecularweight : 20709.579400000006
pI : 6.586695671081543
netcharge : -1.5430838962076088
aromaticity : 0.058823529411764705
gravy : -0.13529411764705881
instability : 24.64759358288769
