molecularweight : 27138.934800000014
pI : 4.583746528625488
netcharge : -20.322963531704744
aromaticity : 0.07391304347826087
gravy : -0.96
instability : 41.03226086956522
