molecularweight : 40544.72090000004
pI : 6.139486503601074
netcharge : -2.960900670545719
aromaticity : 0.036939313984168866
gravy : -0.08522427440633237
instability : 30.242744063324547
