molecularweight : 70611.52230000027
pI : 5.412856864929199
netcharge : -17.095846935239464
aromaticity : 0.07915993537964458
gravy : -0.2793214862681741
instability : 45.27416801292416
