molecularweight : 37502.62810000007
pI : 8.88614482879639
netcharge : 5.448215453651656
aromaticity : 0.08823529411764706
gravy : -0.12558823529411767
instability : 44.2091176470588
