molecularweight : 25794.55120000001
pI : 4.581984519958497
netcharge : -16.10714891784375
aromaticity : 0.10714285714285714
gravy : -0.4022321428571431
instability : 52.27991071428569
