molecularweight : 120405.90850000073
pI : 5.539096260070799
netcharge : -20.641288643074375
aromaticity : 0.06989748369058714
gravy : -1.0881640260950634
instability : 53.283038210624724
