molecularweight : 74336.72700000035
pI : 6.00290241241455
netcharge : -7.4086175313587574
aromaticity : 0.09202453987730061
gravy : -0.5173312883435579
instability : 40.041303680981635
