molecularweight : 75485.48970000024
pI : 6.03513011932373
netcharge : -9.77690600520323
aromaticity : 0.11338582677165354
gravy : -0.24929133858267727
instability : 55.768818897637914
