molecularweight : 68361.38090000016
pI : 8.798081016540529
netcharge : 8.587017199245224
aromaticity : 0.07154742096505823
gravy : -0.4950083194675535
instability : 38.14326123128121
