molecularweight : 102397.42700000084
pI : 4.984745597839355
netcharge : -36.852880913212786
aromaticity : 0.10244988864142537
gravy : -0.15812917594654782
instability : 41.29668151447677
