molecularweight : 98439.26680000061
pI : 6.217810630798339
netcharge : -8.375590079117572
aromaticity : 0.11785297549591597
gravy : -0.449591598599765
instability : 34.32780630105034
