molecularweight : 61697.58780000023
pI : 5.945153999328612
netcharge : -3.973265320711512
aromaticity : 0.10657193605683836
gravy : 0.3458259325044403
instability : 41.684724689165236
