molecularweight : 71833.52240000032
pI : 5.358632469177246
netcharge : -14.656628783420757
aromaticity : 0.08744038155802862
gravy : -0.4042925278219394
instability : 36.37106518282991
