molecularweight : 42472.002800000024
pI : 9.351735496520995
netcharge : 12.424854649710316
aromaticity : 0.08421052631578947
gravy : -0.2984210526315792
instability : 35.19105263157894
