molecularweight : 98517.19480000052
pI : 9.090122795104982
netcharge : 16.53272693526334
aromaticity : 0.07216494845360824
gravy : -0.6216494845360825
instability : 50.133917525773406
