molecularweight : 437548.2666000035
pI : 5.74570598602295
netcharge : -61.37627396408186
aromaticity : 0.09176470588235294
gravy : -0.1979869281045753
instability : 47.021458823529414
