molecularweight : 16936.941399999996
pI : 4.515994453430175
netcharge : -9.467972831939694
aromaticity : 0.07947019867549669
gravy : -0.3264900662251655
instability : 56.903973509933785
