molecularweight : 25426.29260000002
pI : 5.370284461975097
netcharge : -9.70288170472141
aromaticity : 0.05405405405405406
gravy : -0.5450450450450451
instability : 60.66621621621622
