molecularweight : 102909.08460000082
pI : 4.83054141998291
netcharge : -48.5983172565096
aromaticity : 0.08250825082508251
gravy : -0.2589658965896593
instability : 41.427612761276244
