molecularweight : 61215.541200000094
pI : 4.672585868835449
netcharge : -25.375879130684503
aromaticity : 0.06569343065693431
gravy : -0.34708029197080287
instability : 50.5449087591242
