molecularweight : 33438.432300000015
pI : 6.1393159866333
netcharge : -2.142173949004878
aromaticity : 0.11186440677966102
gravy : -0.34644067796610195
instability : 49.93661016949153
