molecularweight : 38342.814599999976
pI : 5.492601966857909
netcharge : -7.860719988953321
aromaticity : 0.11337209302325582
gravy : -0.33750000000000024
instability : 35.71046511627907
