molecularweight : 36038.83810000008
pI : 5.982838249206543
netcharge : -4.790028682765609
aromaticity : 0.08306709265175719
gravy : -0.9626198083067088
instability : 48.4140575079872
