molecularweight : 31998.777800000025
pI : 5.560865592956542
netcharge : -8.653945701406705
aromaticity : 0.08394160583941607
gravy : -0.5598540145985402
instability : 60.21459854014598
