molecularweight : 37480.65760000002
pI : 5.430022239685058
netcharge : -7.93472032686595
aromaticity : 0.08982035928143713
gravy : -0.44640718562874265
instability : 30.85988023952095
