molecularweight : 58999.76170000012
pI : 9.401440620422363
netcharge : 25.95163403068181
aromaticity : 0.06641366223908919
gravy : -0.7829222011385193
instability : 55.69184060721068
