molecularweight : 40049.352799999986
pI : 5.32992877960205
netcharge : -6.42488933539552
aromaticity : 0.055248618784530384
gravy : -0.9720994475138104
instability : 44.748646408839754
