molecularweight : 46661.371400000186
pI : 6.042064476013183
netcharge : -4.650963217296358
aromaticity : 0.06993006993006992
gravy : -0.8006993006993003
instability : 38.54918414918415
