molecularweight : 35367.65470000008
pI : 6.089922904968262
netcharge : -2.1874737472327794
aromaticity : 0.13183279742765275
gravy : 0.27395498392282946
instability : 34.216752411575555
