molecularweight : 37420.15740000002
pI : 5.094103813171387
netcharge : -10.05249350072297
aromaticity : 0.1125
gravy : -0.27218750000000036
instability : 39.96471874999999
