molecularweight : 23638.77550000001
pI : 9.891787147521974
netcharge : 15.86304234343072
aromaticity : 0.07804878048780488
gravy : -1.0458536585365856
instability : 43.15273170731708
