molecularweight : 37779.809600000066
pI : 4.819969367980956
netcharge : -18.0592654586886
aromaticity : 0.05555555555555555
gravy : -1.0426900584795316
instability : 60.97573099415204
