molecularweight : 50203.671700000006
pI : 5.258425331115721
netcharge : -15.584529045803414
aromaticity : 0.07142857142857142
gravy : -0.6964285714285705
instability : 33.77703125
