molecularweight : 34383.113400000024
pI : 9.29990291595459
netcharge : 10.452610835975285
aromaticity : 0.08053691275167785
gravy : -0.44697986577181215
instability : 34.92285234899328
