molecularweight : 38938.92269999999
pI : 5.109450340270995
netcharge : -10.941583228804511
aromaticity : 0.07932011331444759
gravy : -0.06345609065155802
instability : 30.633994334277624
