molecularweight : 61388.0628000002
pI : 6.439084815979004
netcharge : -3.8396402532565332
aromaticity : 0.09125475285171103
gravy : -1.200570342205324
instability : 52.61391634980999
