molecularweight : 45413.363400000024
pI : 5.75582332611084
netcharge : -7.589502159134
aromaticity : 0.0847457627118644
gravy : -0.03559322033898303
instability : 37.10435835351087
