molecularweight : 23006.614600000015
pI : 5.863021659851074
netcharge : -4.852759199127249
aromaticity : 0.08040201005025126
gravy : -0.8301507537688444
instability : 47.53467336683416
