molecularweight : 25002.561700000002
pI : 6.330238151550293
netcharge : -1.2593829644513228
aromaticity : 0.1
gravy : -0.25545454545454543
instability : 34.325045454545446
