molecularweight : 70330.09240000023
pI : 8.664824867248537
netcharge : 10.011527976288278
aromaticity : 0.08252427184466019
gravy : -0.7014563106796105
instability : 39.268122977346316
