molecularweight : 61728.92050000017
pI : 5.67136058807373
netcharge : -14.719761142572722
aromaticity : 0.11439114391143912
gravy : -0.2913284132841328
instability : 41.949280442804486
