molecularweight : 58458.72010000015
pI : 6.3492223739624025
netcharge : -4.1434601221423435
aromaticity : 0.07283464566929135
gravy : -0.6248031496062986
instability : 40.649015748031495
