molecularweight : 105372.92870000069
pI : 4.856289482116699
netcharge : -55.857915580685685
aromaticity : 0.07802197802197802
gravy : -1.0431868131868132
instability : 58.201538461538675
