molecularweight : 33686.09110000002
pI : 6.191380500793457
netcharge : -2.88389492744826
aromaticity : 0.05128205128205128
gravy : -0.16794871794871793
instability : 20.891987179487163
