molecularweight : 12812.236899999984
pI : 7.749962425231933
netcharge : 0.6601601441172757
aromaticity : 0.09821428571428571
gravy : 0.8437499999999997
instability : 25.118749999999995
