molecularweight : 20985.62320000001
pI : 5.801521873474121
netcharge : -3.138177937922059
aromaticity : 0.0962566844919786
gravy : -0.08128342245989302
instability : 36.91336898395722
