molecularweight : 71672.53450000031
pI : 8.962991142272951
netcharge : 13.429644467428858
aromaticity : 0.09872611464968153
gravy : -0.38439490445859853
instability : 37.81178343949048
