molecularweight : 108036.13130000076
pI : 8.892978477478028
netcharge : 14.251211906814532
aromaticity : 0.08210526315789474
gravy : -0.2731578947368415
instability : 44.52989473684228
