molecularweight : 126759.46690000092
pI : 5.9555555343627935
netcharge : -13.531242854960169
aromaticity : 0.08431550317316411
gravy : -0.5434270172257462
instability : 46.07382592928402
