molecularweight : 54093.86390000002
pI : 8.732967948913572
netcharge : 6.3743975028487725
aromaticity : 0.08723404255319149
gravy : -0.5257446808510634
instability : 33.61087234042553
