molecularweight : 35242.00680000004
pI : 9.689227485656737
netcharge : 21.229235231498635
aromaticity : 0.0718954248366013
gravy : -0.2676470588235303
instability : 34.37385620915032
