molecularweight : 32775.2963
pI : 8.703119087219239
netcharge : 3.9482557000531955
aromaticity : 0.12867647058823528
gravy : -0.6963235294117651
instability : 47.54779411764702
