molecularweight : 65022.99270000013
pI : 6.530481910705566
netcharge : -2.315244710004592
aromaticity : 0.08121827411167512
gravy : -0.2739424703891712
instability : 34.39729272419626
