molecularweight : 22020.9115
pI : 9.37545986175537
netcharge : 6.044520466851495
aromaticity : 0.05641025641025641
gravy : -0.557948717948718
instability : 45.26820512820512
