molecularweight : 46871.38610000005
pI : 5.4473581314086905
netcharge : -5.185934990059913
aromaticity : 0.11981566820276497
gravy : 0.7870967741935498
instability : 34.07119815668202
