molecularweight : 21867.231900000002
pI : 9.023720359802244
netcharge : 2.864504187438005
aromaticity : 0.06153846153846154
gravy : -0.13794871794871805
instability : 31.617435897435875
