molecularweight : 51442.94760000007
pI : 8.357052803039554
netcharge : 4.292478450379264
aromaticity : 0.11333333333333333
gravy : 0.2106666666666661
instability : 40.152266666666655
