molecularweight : 31153.840200000042
pI : 10.02684841156006
netcharge : 14.936876458947223
aromaticity : 0.13074204946996465
gravy : 0.376325088339222
instability : 32.93395759717315
