molecularweight : 57980.68540000015
pI : 5.924066734313963
netcharge : -9.864428449928674
aromaticity : 0.11434108527131784
gravy : -0.36550387596899214
instability : 41.09653100775193
