molecularweight : 81763.5488000002
pI : 4.505308723449708
netcharge : -65.73507810500756
aromaticity : 0.05955678670360111
gravy : -1.0811634349030466
instability : 58.09709141274263
