molecularweight : 60214.72530000006
pI : 8.997094917297364
netcharge : 10.963002020789745
aromaticity : 0.11025145067698258
gravy : -0.2916827852998067
instability : 43.13000000000004
