molecularweight : 66392.60330000026
pI : 9.089993858337401
netcharge : 11.658803725823624
aromaticity : 0.1695501730103806
gravy : 0.6046712802768176
instability : 38.2066089965398
