molecularweight : 38405.68990000008
pI : 5.882972145080566
netcharge : -6.52529718433091
aromaticity : 0.1111111111111111
gravy : -0.05615615615615618
instability : 26.552552552552545
