molecularweight : 46149.10440000008
pI : 5.350333976745605
netcharge : -12.496563222419688
aromaticity : 0.07951807228915662
gravy : -0.39325301204819274
instability : 37.17831325301204
