molecularweight : 109871.63170000065
pI : 5.59911823272705
netcharge : -14.288058307960753
aromaticity : 0.10796645702306079
gravy : -0.24874213836477976
instability : 44.84742138364797
