molecularweight : 15677.11369999998
pI : 5.921906852722167
netcharge : -3.889077841188028
aromaticity : 0.03896103896103896
gravy : -0.3051948051948052
instability : 31.78896103896101
