molecularweight : 24418.078300000005
pI : 8.265636634826663
netcharge : 1.5777252526667773
aromaticity : 0.09259259259259259
gravy : -0.1587962962962962
instability : 32.14828703703703
