molecularweight : 82189.86240000039
pI : 4.969853782653809
netcharge : -35.69979848600475
aromaticity : 0.1006896551724138
gravy : -0.34924137931034444
instability : 34.77244137931038
