molecularweight : 45373.944700000065
pI : 5.158729743957519
netcharge : -8.257220469435794
aromaticity : 0.06542056074766354
gravy : -0.040186915887850484
instability : 27.294626168224283
