molecularweight : 131733.03950000086
pI : 5.511643028259276
netcharge : -26.39191319923239
aromaticity : 0.07757885763000852
gravy : -0.4585677749360605
instability : 43.981687979539885
