molecularweight : 16696.97109999998
pI : 9.646613883972169
netcharge : 8.595223274653227
aromaticity : 0.07236842105263158
gravy : -0.46447368421052637
instability : 32.1111842105263
