molecularweight : 13427.800299999984
pI : 8.817808341979983
netcharge : 1.5855714089860138
aromaticity : 0.1452991452991453
gravy : 0.5444444444444442
instability : 37.89239316239314
