molecularweight : 14809.41279999999
pI : 5.8217565536499025
netcharge : -1.4014495202413322
aromaticity : 0.10236220472440945
gravy : -0.7566929133858269
instability : 76.76377952755904
