molecularweight : 24270.54860000004
pI : 5.348742485046387
netcharge : -5.232360218170562
aromaticity : 0.03686635944700461
gravy : -0.2700460829493088
instability : 46.722119815668194
