molecularweight : 14679.121899999995
pI : 5.297132682800293
netcharge : -5.184762864078001
aromaticity : 0.09774436090225563
gravy : -0.6082706766917294
instability : 36.03616541353382
