molecularweight : 159922.77690000087
pI : 6.336717796325684
netcharge : -7.964866894809916
aromaticity : 0.0821917808219178
gravy : -0.8031002162941596
instability : 43.1116798846434
