molecularweight : 32127.60150000002
pI : 5.432636833190917
netcharge : -7.876943821399053
aromaticity : 0.0798611111111111
gravy : -0.4697916666666669
instability : 47.37499999999999
