molecularweight : 106198.69580000064
pI : 7.2664899826049805
netcharge : 1.208939384175423
aromaticity : 0.08858057630736393
gravy : -0.5397011739594442
instability : 49.92177161152643
