molecularweight : 22666.469000000012
pI : 6.441585731506346
netcharge : -1.1509606148470368
aromaticity : 0.095
gravy : -0.41600000000000015
instability : 50.31704999999999
