molecularweight : 69728.5074000002
pI : 7.538123512268067
netcharge : 1.110349451985087
aromaticity : 0.15268456375838926
gravy : -0.06711409395973175
instability : 46.2861241610739
