molecularweight : 48164.62850000008
pI : 5.56194553375244
netcharge : -13.120591600037173
aromaticity : 0.09953703703703703
gravy : -0.534259259259259
instability : 43.34236111111111
