molecularweight : 38182.41410000002
pI : 7.646856498718263
netcharge : 1.0313653836699714
aromaticity : 0.10810810810810811
gravy : -0.3195195195195198
instability : 42.665165165165156
