molecularweight : 49706.30780000005
pI : 7.137067604064941
netcharge : 0.4167478651589249
aromaticity : 0.15056179775280898
gravy : 0.8705617977528111
instability : 33.439595505617966
