molecularweight : 71745.56330000018
pI : 9.61147861480713
netcharge : 30.15801384337584
aromaticity : 0.07352941176470588
gravy : -0.6137254901960775
instability : 54.46274509803932
