molecularweight : 70077.49300000018
pI : 5.182317924499511
netcharge : -18.61503437073607
aromaticity : 0.07987220447284345
gravy : -0.6960063897763574
instability : 46.715031948881915
