molecularweight : 16697.713899999988
pI : 6.133063697814941
netcharge : -1.298949958865112
aromaticity : 0.05161290322580645
gravy : -0.24645161290322568
instability : 26.0264516129032
