molecularweight : 34696.511800000044
pI : 6.090604972839355
netcharge : -3.804820268218478
aromaticity : 0.11333333333333334
gravy : -0.5546666666666669
instability : 30.827999999999992
