molecularweight : 44091.8763
pI : 7.106033515930175
netcharge : 0.23502652918138978
aromaticity : 0.0845771144278607
gravy : -0.09800995024875618
instability : 27.963184079601987
