molecularweight : 109108.0096000008
pI : 5.460772132873536
netcharge : -23.632221960083356
aromaticity : 0.09174311926605505
gravy : -0.3710499490315984
instability : 34.98512742099917
