molecularweight : 71328.45420000027
pI : 5.1062105178833
netcharge : -20.606058672226055
aromaticity : 0.09538950715421304
gravy : -0.21255961844197163
instability : 33.059157392686814
