molecularweight : 67214.26870000016
pI : 5.3935884475708
netcharge : -12.577747087724127
aromaticity : 0.1035653650254669
gravy : 0.026994906621391954
instability : 37.807487266553494
