molecularweight : 56271.25640000004
pI : 6.57430477142334
netcharge : -1.6313207788017863
aromaticity : 0.14519427402862986
gravy : -0.3237218813905935
instability : 30.222106339468308
