molecularweight : 39125.66640000003
pI : 8.992324256896975
netcharge : 7.191337122656321
aromaticity : 0.0847953216374269
gravy : -0.3847953216374275
instability : 35.55497076023391
