molecularweight : 18458.103399999996
pI : 7.76798038482666
netcharge : 0.9402877816142059
aromaticity : 0.11320754716981132
gravy : -0.33899371069182405
instability : 41.41132075471698
