molecularweight : 20898.327700000013
pI : 9.628820610046386
netcharge : 12.804124702905277
aromaticity : 0.06951871657754011
gravy : -0.8133689839572192
instability : 49.11283422459894
