molecularweight : 136733.0091000007
pI : 6.242365074157715
netcharge : -12.104852531832307
aromaticity : 0.06907894736842105
gravy : -0.45781249999999885
instability : 50.06653782894772
