molecularweight : 21466.345100000006
pI : 6.998153114318847
netcharge : -0.0034941967863169054
aromaticity : 0.09230769230769231
gravy : 0.11435897435897445
instability : 22.772307692307685
