molecularweight : 107692.47800000085
pI : 6.879530143737793
netcharge : -0.4969941143771308
aromaticity : 0.09674027339642483
gravy : -0.13722397476340728
instability : 45.18739221871735
