molecularweight : 50532.98010000009
pI : 9.181732368469238
netcharge : 11.363746093293997
aromaticity : 0.04148471615720524
gravy : -0.7751091703056783
instability : 61.106768558952155
