molecularweight : 49063.19870000009
pI : 5.710863685607911
netcharge : -7.737342750977696
aromaticity : 0.10328638497652581
gravy : -0.39812206572770004
instability : 51.94323943661974
