molecularweight : 48457.75980000016
pI : 4.665253639221191
netcharge : -24.049013028052755
aromaticity : 0.05405405405405405
gravy : -0.6148648648648646
instability : 49.64662162162164
