molecularweight : 25187.29470000002
pI : 9.463652610778809
netcharge : 7.848526728569842
aromaticity : 0.18604651162790697
gravy : 0.46930232558139506
instability : 20.586558139534873
