molecularweight : 26844.349300000034
pI : 8.825931358337403
netcharge : 2.6357621236695437
aromaticity : 0.05217391304347826
gravy : -0.7604347826086958
instability : 52.26434782608696
