molecularweight : 42214.007800000094
pI : 9.586658287048337
netcharge : 13.2865390722896
aromaticity : 0.07792207792207792
gravy : -0.5610389610389606
instability : 50.40337662337662
