molecularweight : 31742.85760000006
pI : 5.0189058303833
netcharge : -12.933533149399558
aromaticity : 0.07664233576642335
gravy : -0.3525547445255477
instability : 43.752956204379544
