molecularweight : 33166.027500000026
pI : 5.250126838684081
netcharge : -9.019646310214107
aromaticity : 0.08561643835616438
gravy : -0.4845890410958907
instability : 41.433595890410935
