molecularweight : 26182.303700000004
pI : 4.7822282791137685
netcharge : -16.07304684954715
aromaticity : 0.02586206896551724
gravy : -0.7508620689655175
instability : 50.12931034482758
