molecularweight : 57772.02620000003
pI : 8.532793617248537
netcharge : 3.9931548880151198
aromaticity : 0.09788867562380038
gravy : 0.3698656429942419
instability : 30.23360844529749
