molecularweight : 12320.86029999999
pI : 9.820162773132324
netcharge : 6.674255061030676
aromaticity : 0.14678899082568808
gravy : -0.5559633027522936
instability : 32.84495412844036
