molecularweight : 24516.127200000024
pI : 4.896019935607909
netcharge : -11.141417109218665
aromaticity : 0.04072398190045249
gravy : -0.5628959276018101
instability : 46.50135746606334
