molecularweight : 49403.77940000006
pI : 5.535572242736816
netcharge : -13.197813549284255
aromaticity : 0.10697674418604651
gravy : -0.6302325581395354
instability : 38.20930232558139
