molecularweight : 40468.54010000007
pI : 5.758324241638183
netcharge : -5.035095617607382
aromaticity : 0.07356948228882834
gravy : -0.2923705722070848
instability : 36.26760217983651
