molecularweight : 76630.99510000047
pI : 5.701826286315918
netcharge : -11.904615420586964
aromaticity : 0.0759493670886076
gravy : -0.13459915611814383
instability : 36.920956399437486
