molecularweight : 17775.375399999994
pI : 8.062432289123535
netcharge : 0.8693004538342688
aromaticity : 0.12337662337662338
gravy : -0.01428571428571427
instability : 43.779935064935046
