molecularweight : 39056.38470000004
pI : 8.226762199401858
netcharge : 2.277742539663592
aromaticity : 0.09295774647887324
gravy : -0.43774647887323986
instability : 44.48112676056338
