molecularweight : 45506.36480000003
pI : 7.728818321228027
netcharge : 1.5527840948025258
aromaticity : 0.0847457627118644
gravy : -0.2225181598062957
instability : 30.55159806295399
