molecularweight : 66524.83450000023
pI : 8.64670925140381
netcharge : 5.788159996970251
aromaticity : 0.10841423948220064
gravy : 0.5179611650485444
instability : 38.1772006472492
