molecularweight : 14291.17069999999
pI : 9.637717247009277
netcharge : 6.674116857420021
aromaticity : 0.09836065573770492
gravy : -0.8434426229508197
instability : 40.37139344262292
