molecularweight : 103056.52020000086
pI : 5.9662981033325195
netcharge : -10.035916489485743
aromaticity : 0.09427609427609428
gravy : -0.22547699214365893
instability : 35.249842873176306
