molecularweight : 32044.28370000002
pI : 9.251293754577635
netcharge : 7.714254017480085
aromaticity : 0.13745704467353953
gravy : 0.744329896907217
instability : 36.69453608247423
