molecularweight : 24539.989000000012
pI : 8.759399986267091
netcharge : 2.927971550659013
aromaticity : 0.05309734513274336
gravy : -0.04070796460176988
instability : 57.2570796460177
