molecularweight : 37197.52990000005
pI : 8.691708183288572
netcharge : 5.13728303002906
aromaticity : 0.1910828025477707
gravy : -0.08694267515923572
instability : 42.86085987261146
