molecularweight : 65804.87250000017
pI : 7.2518823623657225
netcharge : 0.8486363132332286
aromaticity : 0.08732876712328766
gravy : -0.4731164383561631
instability : 42.09657534246581
