molecularweight : 58264.97850000009
pI : 6.019840431213378
netcharge : -5.63157251068094
aromaticity : 0.11309523809523808
gravy : -0.3736111111111111
instability : 40.410535714285714
