molecularweight : 49595.186400000144
pI : 4.7282312393188475
netcharge : -29.58795517409869
aromaticity : 0.0651685393258427
gravy : -0.6386516853932585
instability : 55.549460674157416
