molecularweight : 51129.95630000005
pI : 6.537302589416504
netcharge : -1.6754677688847863
aromaticity : 0.11135857461024498
gravy : -0.23385300668151468
instability : 41.76641425389755
