molecularweight : 14226.130299999992
pI : 9.323756217956543
netcharge : 4.589818891430603
aromaticity : 0.11023622047244094
gravy : -0.39842519685039357
instability : 35.932283464566915
