molecularweight : 54545.55370000009
pI : 5.674657249450684
netcharge : -12.169628394764047
aromaticity : 0.05907172995780591
gravy : -0.5985232067510544
instability : 43.10105485232065
