molecularweight : 53529.28350000006
pI : 5.757187461853028
netcharge : -7.625779573863113
aromaticity : 0.08488612836438923
gravy : -0.23478260869565212
instability : 41.29730848861282
