molecularweight : 38812.66920000003
pI : 7.59990749359131
netcharge : 0.8535732021397351
aromaticity : 0.08262108262108261
gravy : -0.4680911680911683
instability : 38.86296296296294
