molecularweight : 213583.6861000015
pI : 6.1878564834594725
netcharge : -11.90509182373114
aromaticity : 0.0650887573964497
gravy : -0.7392146315223258
instability : 41.006519634212275
