molecularweight : 15412.483199999982
pI : 9.594265556335447
netcharge : 4.889044202978383
aromaticity : 0.05185185185185185
gravy : -0.631111111111111
instability : 60.91703703703704
