molecularweight : 64250.54230000017
pI : 9.569122886657713
netcharge : 21.289390598165802
aromaticity : 0.04912280701754386
gravy : -0.2943859649122802
instability : 47.63894736842115
