molecularweight : 129455.49740000091
pI : 6.109248161315917
netcharge : -11.23027449948097
aromaticity : 0.06842105263157895
gravy : -0.5172807017543855
instability : 51.584140350877455
