molecularweight : 112508.04680000077
pI : 5.697165489196778
netcharge : -16.757047484588185
aromaticity : 0.09045226130653267
gravy : -0.542613065326632
instability : 62.10222110552792
