molecularweight : 16427.437899999983
pI : 5.257231712341309
netcharge : -6.201297495399594
aromaticity : 0.05673758865248227
gravy : -0.7347517730496456
instability : 62.48794326241135
