molecularweight : 61314.62380000011
pI : 6.700828361511231
netcharge : -0.8365602718012326
aromaticity : 0.07985480943738657
gravy : -0.6945553539019953
instability : 31.88711433756805
