molecularweight : 72201.70890000023
pI : 6.83439998626709
netcharge : -0.9029449528825069
aromaticity : 0.12261146496815287
gravy : -0.264331210191083
instability : 39.094442675159264
