molecularweight : 62406.41830000015
pI : 6.581580162048341
netcharge : -1.5963327073557565
aromaticity : 0.060283687943262415
gravy : -0.2687943262411345
instability : 42.65622340425541
