molecularweight : 70231.44460000022
pI : 6.08031711578369
netcharge : -12.000170081151808
aromaticity : 0.07849293563579278
gravy : -0.34646781789638975
instability : 41.139403453689226
