molecularweight : 64458.521900000305
pI : 8.166548728942871
netcharge : 1.9375840265847586
aromaticity : 0.06799336650082918
gravy : -0.7184079601990027
instability : 36.176285240464416
