molecularweight : 39853.54930000005
pI : 7.1836755752563475
netcharge : 0.5173314612603406
aromaticity : 0.09090909090909091
gravy : -0.28457300275482106
instability : 34.269421487603296
