molecularweight : 12456.370699999989
pI : 4.811955070495605
netcharge : -5.4734048771980675
aromaticity : 0.042735042735042736
gravy : -1.1085470085470097
instability : 16.407692307692297
