molecularweight : 37096.441300000064
pI : 5.597072029113768
netcharge : -6.988066105575271
aromaticity : 0.08860759493670886
gravy : -0.9367088607594928
instability : 65.74465189873419
