molecularweight : 51904.845300000015
pI : 7.806170463562013
netcharge : 1.6246275508142318
aromaticity : 0.09168443496801706
gravy : -0.20682302771855068
instability : 32.52859275053304
