molecularweight : 23606.741599999994
pI : 10.192274284362792
netcharge : 17.668438131748545
aromaticity : 0.10731707317073172
gravy : -0.61609756097561
instability : 33.99560975609756
