molecularweight : 17874.46589999998
pI : 5.028966331481934
netcharge : -5.382104587193503
aromaticity : 0.07947019867549669
gravy : -0.44701986754966877
instability : 54.68807947019868
