molecularweight : 24196.98690000004
pI : 9.387708854675292
netcharge : 8.11132661515369
aromaticity : 0.0861244019138756
gravy : -0.13157894736842107
instability : 42.30095693779903
