molecularweight : 45030.34120000003
pI : 4.714078330993652
netcharge : -15.181335790909795
aromaticity : 0.1389578163771712
gravy : 0.24863523573200955
instability : 30.04789081885856
