molecularweight : 33498.446900000024
pI : 9.891013526916506
netcharge : 12.92465586866875
aromaticity : 0.08524590163934426
gravy : 0.011147540983606664
instability : 33.70360655737705
