molecularweight : 25620.97570000001
pI : 5.1830568313598615
netcharge : -8.065793069821552
aromaticity : 0.08888888888888889
gravy : -0.292888888888889
instability : 44.23466666666668
