molecularweight : 32893.51090000004
pI : 6.916020774841309
netcharge : -0.14763833871433718
aromaticity : 0.08421052631578949
gravy : -0.4600000000000003
instability : 43.94950877192983
