molecularweight : 29699.349000000024
pI : 10.284850883483884
netcharge : 20.236306958127926
aromaticity : 0.03543307086614173
gravy : -1.1622047244094487
instability : 45.2771653543307
