molecularweight : 165034.4729000001
pI : 6.393386268615722
netcharge : -7.625209766756939
aromaticity : 0.09510682288077188
gravy : -0.45541006202618756
instability : 42.257918676775034
