molecularweight : 66688.5530000002
pI : 5.789472007751464
netcharge : -8.510604601900098
aromaticity : 0.08419243986254296
gravy : -0.6463917525773197
instability : 56.75072164948471
