molecularweight : 72321.25620000035
pI : 5.5651853561401365
netcharge : -13.427196733650192
aromaticity : 0.0546875
gravy : -0.9567187499999988
instability : 58.44031250000013
