molecularweight : 70726.11500000021
pI : 4.540264701843263
netcharge : -61.54919722470798
aromaticity : 0.037037037037037035
gravy : -1.0152979066022547
instability : 49.8330112721418
