molecularweight : 21781.1977
pI : 9.737191963195798
netcharge : 13.100966107337747
aromaticity : 0.08743169398907104
gravy : -0.6125683060109294
instability : 39.150819672131135
