molecularweight : 33761.45810000002
pI : 8.187436485290526
netcharge : 2.367522986731842
aromaticity : 0.10616438356164383
gravy : -0.3958904109589044
instability : 34.73698630136987
