molecularweight : 105389.64790000068
pI : 6.369286537170409
netcharge : -6.221449764323211
aromaticity : 0.06918238993710692
gravy : -0.6084905660377359
instability : 60.41164570230639
