molecularweight : 122285.28210000065
pI : 6.250379371643067
netcharge : -8.262112697868986
aromaticity : 0.11018518518518518
gravy : 0.056666666666666726
instability : 44.409925925926075
