molecularweight : 245025.2899000003
pI : 5.675680351257324
netcharge : -34.861665783217575
aromaticity : 0.0853273137697517
gravy : -0.12541760722347614
instability : 40.42550790067744
