molecularweight : 35326.61100000006
pI : 4.90068073272705
netcharge : -13.174523451308602
aromaticity : 0.0744336569579288
gravy : -0.4909385113268607
instability : 49.181909385113265
