molecularweight : 16991.07869999999
pI : 4.879707145690918
netcharge : -7.285642990227064
aromaticity : 0.037267080745341616
gravy : 0.0832298136645963
instability : 39.2031055900621
