molecularweight : 28865.69970000003
pI : 8.186211585998535
netcharge : 2.0946968135344015
aromaticity : 0.11462450592885376
gravy : -0.3948616600790519
instability : 45.15418972332015
