molecularweight : 14742.184999999983
pI : 10.130771446228025
netcharge : 8.767945752002978
aromaticity : 0.058823529411764705
gravy : -0.9044117647058826
instability : 46.930882352941175
