molecularweight : 58077.85560000011
pI : 6.44795169830322
netcharge : -3.1487865742597663
aromaticity : 0.14663951120162932
gravy : -0.7152749490835018
instability : 33.90942973523423
