molecularweight : 49164.55130000003
pI : 5.401034355163574
netcharge : -9.87398721142192
aromaticity : 0.09669811320754718
gravy : -0.3370283018867931
instability : 29.696933962264154
