molecularweight : 125935.85980000068
pI : 5.234382438659667
netcharge : -32.59817485595481
aromaticity : 0.08136482939632547
gravy : -0.13377077865266873
instability : 41.325196850393944
