molecularweight : 38515.49830000004
pI : 9.108883094787597
netcharge : 6.297180836633629
aromaticity : 0.06376811594202898
gravy : -0.2692753623188408
instability : 38.98666666666664
