molecularweight : 75841.86680000038
pI : 8.608672904968266
netcharge : 5.525851538155322
aromaticity : 0.06705539358600583
gravy : -0.30932944606414037
instability : 37.56896501457733
