molecularweight : 52791.23060000001
pI : 8.53446979522705
netcharge : 5.351625638800925
aromaticity : 0.11434977578475336
gravy : -0.45582959641255555
instability : 42.232331838565024
