molecularweight : 111243.02790000083
pI : 5.492033576965332
netcharge : -26.360835968589925
aromaticity : 0.04751847940865892
gravy : -1.0693769799366422
instability : 49.04667370644169
