molecularweight : 59119.974400000065
pI : 4.721808433532714
netcharge : -31.635300100144946
aromaticity : 0.08206106870229007
gravy : -0.6131679389312955
instability : 33.908778625954206
