molecularweight : 57063.40880000002
pI : 5.187319755554198
netcharge : -19.32128254151189
aromaticity : 0.1214574898785425
gravy : -0.2712550607287452
instability : 44.54850202429151
