molecularweight : 44557.19599999997
pI : 9.168967628479006
netcharge : 14.30010147512877
aromaticity : 0.06281407035175879
gravy : -0.3346733668341712
instability : 47.76281407035174
