molecularweight : 75147.6870000003
pI : 7.9590250015258786
netcharge : 3.4211654236970617
aromaticity : 0.1004566210045662
gravy : -0.1226788432267889
instability : 40.410228310502376
