molecularweight : 25451.813700000035
pI : 5.502207756042479
netcharge : -2.4200196623365287
aromaticity : 0.11711711711711711
gravy : -0.11351351351351356
instability : 57.11545045045045
