molecularweight : 100858.40710000086
pI : 5.185103034973143
netcharge : -22.328962538916812
aromaticity : 0.07427341227125941
gravy : 0.29989235737352
instability : 32.99333692142103
