molecularweight : 48967.638600000224
pI : 9.177799797058107
netcharge : 7.000787885415356
aromaticity : 0.05274725274725275
gravy : -0.4030769230769228
instability : 66.70769230769244
