molecularweight : 33357.1024
pI : 8.96176624298096
netcharge : 5.0109746106545465
aromaticity : 0.046875
gravy : 0.11125000000000007
instability : 32.553124999999994
