molecularweight : 44444.947400000085
pI : 9.331814765930176
netcharge : 11.121012951699065
aromaticity : 0.07052896725440806
gravy : -0.46095717884130955
instability : 37.337531486146084
