molecularweight : 42725.445200000046
pI : 4.618816184997558
netcharge : -25.029714770544842
aromaticity : 0.08947368421052632
gravy : -0.4478947368421053
instability : 42.44294736842104
