molecularweight : 48870.35090000005
pI : 8.524090385437013
netcharge : 5.12711139381436
aromaticity : 0.09862385321100918
gravy : 0.15389908256880666
instability : 33.46905963302752
