molecularweight : 22259.086900000002
pI : 11.179091835021975
netcharge : 45.72383741281801
aromaticity : 0.06341463414634146
gravy : -0.6287804878048784
instability : 33.87560975609755
