molecularweight : 22781.056699999997
pI : 9.138022804260256
netcharge : 3.50297134185379
aromaticity : 0.1
gravy : -0.5461904761904761
instability : 73.25819047619044
