molecularweight : 89082.4182000008
pI : 4.70708713531494
netcharge : -52.25703966720732
aromaticity : 0.06491885143570536
gravy : -1.0449438202247185
instability : 41.50049937578043
