molecularweight : 47458.92040000006
pI : 4.57698268890381
netcharge : -31.715334043240112
aromaticity : 0.11138014527845036
gravy : -0.22518159806295407
instability : 39.58692493946731
