molecularweight : 41529.84350000006
pI : 8.245522499084473
netcharge : 4.186947476782507
aromaticity : 0.10027855153203344
gravy : -0.575766016713092
instability : 45.08220055710305
