molecularweight : 27245.947600000025
pI : 4.867145729064941
netcharge : -13.689504327010958
aromaticity : 0.07171314741035856
gravy : -0.27689243027888444
instability : 45.21553784860558
