molecularweight : 32661.13700000004
pI : 5.053009223937988
netcharge : -15.782502437865531
aromaticity : 0.07317073170731707
gravy : -0.7627177700348436
instability : 46.05156794425086
