molecularweight : 57124.42210000007
pI : 6.882087898254395
netcharge : -0.42520281967897233
aromaticity : 0.030360531309297913
gravy : -0.03225806451612898
instability : 31.51897533206829
