molecularweight : 63897.168500000145
pI : 8.712789344787598
netcharge : 5.085769721336277
aromaticity : 0.08797127468581688
gravy : -0.4908438061041282
instability : 49.38619389587086
