molecularweight : 16557.796399999996
pI : 5.746558570861817
netcharge : -3.1832186189049807
aromaticity : 0.09999999999999999
gravy : -0.2307142857142856
instability : 40.620714285714264
