molecularweight : 38653.742300000034
pI : 5.690685844421386
netcharge : -5.079887970382423
aromaticity : 0.09792284866468842
gravy : -0.29050445103857575
instability : 51.88219584569732
