molecularweight : 63161.30140000015
pI : 9.11694164276123
netcharge : 15.823660179956633
aromaticity : 0.11338289962825279
gravy : -0.2864312267657993
instability : 39.37810408921935
