molecularweight : 22771.979700000004
pI : 9.318083000183105
netcharge : 5.962446599862947
aromaticity : 0.05583756345177665
gravy : -0.6959390862944165
instability : 50.596954314720804
