molecularweight : 62601.79950000024
pI : 5.959818458557129
netcharge : -8.988703894682189
aromaticity : 0.11172161172161171
gravy : -0.5485347985347975
instability : 45.145805860805964
