molecularweight : 97228.16490000056
pI : 5.702792549133301
netcharge : -15.791679272044135
aromaticity : 0.1063321385902031
gravy : -0.30298685782556734
instability : 39.949103942652464
