molecularweight : 17504.53869999999
pI : 10.117039680480957
netcharge : 12.827410732950488
aromaticity : 0.050955414012738856
gravy : -0.038216560509554104
instability : 41.84777070063694
