molecularweight : 52453.986800000064
pI : 4.508264350891113
netcharge : -39.55715375994996
aromaticity : 0.08441558441558442
gravy : -0.843939393939393
instability : 51.683982683982755
