molecularweight : 63115.25400000016
pI : 8.757336997985842
netcharge : 7.137125051353223
aromaticity : 0.125
gravy : 0.5208333333333345
instability : 35.965138888888895
