molecularweight : 29774.980199999995
pI : 8.62885150909424
netcharge : 3.8071844458657793
aromaticity : 0.07553956834532374
gravy : 0.10431654676258983
instability : 24.32377697841726
