molecularweight : 78130.56790000037
pI : 6.150399589538574
netcharge : -4.6240119636862005
aromaticity : 0.05300859598853869
gravy : -0.6921203438395402
instability : 55.41934097421223
