molecularweight : 44344.79280000011
pI : 4.677019309997559
netcharge : -30.56775188676633
aromaticity : 0.058673469387755105
gravy : -0.643112244897959
instability : 43.0472193877551
