molecularweight : 42550.47010000008
pI : 5.309409904479979
netcharge : -9.89740596612969
aromaticity : 0.06233766233766234
gravy : -0.7758441558441556
instability : 53.35324675324676
