molecularweight : 48218.23800000007
pI : 8.675333213806152
netcharge : 6.081615890724414
aromaticity : 0.07764705882352942
gravy : -0.2800000000000001
instability : 52.13152941176472
