molecularweight : 27144.99440000004
pI : 5.881153297424316
netcharge : -7.355048769633527
aromaticity : 0.09704641350210971
gravy : -0.6181434599156119
instability : 38.36160337552743
