molecularweight : 81516.31890000042
pI : 5.531650352478027
netcharge : -15.236387960103912
aromaticity : 0.07476635514018692
gravy : -0.29853137516688977
instability : 45.54528704939934
