molecularweight : 21387.408399999997
pI : 4.5200300216674805
netcharge : -14.812123486571984
aromaticity : 0.0878048780487805
gravy : 0.1278048780487804
instability : 31.984390243902443
