molecularweight : 16024.517499999998
pI : 9.4719690322876
netcharge : 6.148296285154638
aromaticity : 0.08450704225352113
gravy : 0.2126760563380283
instability : 24.091549295774648
