molecularweight : 35159.68870000003
pI : 5.432636833190917
netcharge : -9.695616001013882
aromaticity : 0.06748466257668712
gravy : -0.12177914110429489
instability : 33.008926380368095
