molecularweight : 40694.73770000001
pI : 5.782651329040527
netcharge : -9.294853236127771
aromaticity : 0.08011049723756905
gravy : -0.33701657458563555
instability : 37.58756906077347
