molecularweight : 37330.49939999999
pI : 5.61810245513916
netcharge : -4.23464384895432
aromaticity : 0.11854103343465044
gravy : -1.1762917933130712
instability : 41.58814589665655
