molecularweight : 54371.119300000064
pI : 7.079887580871582
netcharge : 0.25019931345488544
aromaticity : 0.06458333333333334
gravy : -0.9547916666666652
instability : 57.997916666666754
