molecularweight : 63033.05650000012
pI : 4.7684732437133786
netcharge : -22.889852910641586
aromaticity : 0.0831858407079646
gravy : -0.3079646017699115
instability : 40.88320353982303
