molecularweight : 84937.79070000045
pI : 8.038643455505369
netcharge : 3.8496358699827766
aromaticity : 0.09822646657571624
gravy : -0.2939972714870396
instability : 46.181077762619516
