molecularweight : 23457.347900000015
pI : 6.312731742858888
netcharge : -1.949397190141358
aromaticity : 0.06280193236714976
gravy : -0.48405797101449316
instability : 58.51980676328501
