molecularweight : 92563.06490000061
pI : 6.366387748718262
netcharge : -4.251759783895835
aromaticity : 0.10061349693251534
gravy : -0.351901840490797
instability : 51.50506748466281
