molecularweight : 85410.24790000048
pI : 5.953850364685059
netcharge : -4.952925763269448
aromaticity : 0.09536784741144415
gravy : -0.3651226158038143
instability : 44.27603542234347
