molecularweight : 29252.323200000028
pI : 5.224435615539549
netcharge : -7.984214044821435
aromaticity : 0.12941176470588234
gravy : -0.4031372549019613
instability : 26.330588235294112
