molecularweight : 61634.06230000009
pI : 7.091880607604979
netcharge : 0.25467729861593114
aromaticity : 0.07962962962962963
gravy : -0.3555555555555553
instability : 43.57964814814823
