molecularweight : 90528.16760000061
pI : 7.577058219909668
netcharge : 1.9040922785208068
aromaticity : 0.06297229219143577
gravy : -0.6973551637279598
instability : 44.8357682619649
