molecularweight : 25548.53190000001
pI : 5.901956367492676
netcharge : -2.2420448006619242
aromaticity : 0.16591928251121074
gravy : 0.5026905829596412
instability : 38.17538116591928
