molecularweight : 32039.03639999996
pI : 4.274315071105957
netcharge : -17.506474376195843
aromaticity : 0.04901960784313726
gravy : -0.21960784313725515
instability : 33.50856209150327
