molecularweight : 60308.37860000013
pI : 7.5587560653686525
netcharge : 1.436346381588713
aromaticity : 0.0903954802259887
gravy : -0.5602636534839918
instability : 54.88156308851235
