molecularweight : 36179.92430000006
pI : 6.047236824035645
netcharge : -5.505624902478175
aromaticity : 0.10509554140127389
gravy : -0.22866242038216572
instability : 27.24968152866243
