molecularweight : 30735.953300000034
pI : 9.143309211730958
netcharge : 6.739906878389203
aromaticity : 0.09057971014492754
gravy : -0.15289855072463757
instability : 46.57282608695653
