molecularweight : 39659.32570000004
pI : 7.597179222106934
netcharge : 1.1037694357901344
aromaticity : 0.07871720116618076
gravy : -0.7927113702623905
instability : 54.29241982507289
