molecularweight : 56639.44380000005
pI : 6.794214820861816
netcharge : -1.013831378314805
aromaticity : 0.09146341463414634
gravy : -0.5591463414634144
instability : 41.34920731707318
