molecularweight : 144461.13240000064
pI : 5.17924861907959
netcharge : -42.449644152167565
aromaticity : 0.0732283464566929
gravy : -0.7352755905511814
instability : 48.99363779527594
