molecularweight : 82391.44630000037
pI : 5.22022953033447
netcharge : -24.921937627037465
aromaticity : 0.08502024291497975
gravy : -0.24116059379217303
instability : 40.59286099865062
