molecularweight : 24756.2757
pI : 5.26160831451416
netcharge : -6.137255239789916
aromaticity : 0.06666666666666667
gravy : 0.10533333333333338
instability : 45.45111111111112
