molecularweight : 26772.411300000007
pI : 5.318731498718263
netcharge : -4.388155579132217
aromaticity : 0.0851063829787234
gravy : -0.31702127659574475
instability : 39.365957446808515
