molecularweight : 116494.12870000073
pI : 5.665051460266113
netcharge : -20.292191361257238
aromaticity : 0.09523809523809525
gravy : -0.32147716229348827
instability : 44.04443148688069
