molecularweight : 30473.941700000032
pI : 5.263313484191894
netcharge : -7.076500759003821
aromaticity : 0.11808118081180811
gravy : -0.10922509225092253
instability : 33.65280442804428
