molecularweight : 173371.0217999999
pI : 6.406516075134278
netcharge : -6.326217027158066
aromaticity : 0.09895150720838794
gravy : -0.30366972477064025
instability : 43.42878768020992
