molecularweight : 12060.809599999988
pI : 7.825059700012208
netcharge : 0.7568608819680396
aromaticity : 0.17647058823529413
gravy : 0.0323529411764706
instability : 24.145098039215686
