molecularweight : 16715.521799999984
pI : 9.29719524383545
netcharge : 3.776788834471688
aromaticity : 0.07333333333333333
gravy : -0.7000000000000002
instability : 47.14739999999999
