molecularweight : 34954.13150000002
pI : 6.658767509460451
netcharge : -0.8904243108324366
aromaticity : 0.20408163265306123
gravy : 0.13503401360544182
instability : 26.330952380952375
