molecularweight : 30239.58170000002
pI : 4.961384773254394
netcharge : -9.339673032287749
aromaticity : 0.05054151624548736
gravy : -0.0581227436823104
instability : 30.58953068592056
