molecularweight : 37513.54330000005
pI : 9.26193103790283
netcharge : 10.255268976680398
aromaticity : 0.08895705521472393
gravy : -0.4696319018404912
instability : 63.11687116564418
