molecularweight : 19881.623000000003
pI : 9.994291877746583
netcharge : 12.862504523353138
aromaticity : 0.07471264367816091
gravy : -0.6511494252873569
instability : 30.18626436781609
