molecularweight : 36423.35170000002
pI : 6.0781572341918935
netcharge : -5.418539383235249
aromaticity : 0.08598726114649682
gravy : -0.42133757961783497
instability : 43.09999999999999
