molecularweight : 19576.10709999998
pI : 5.140541267395019
netcharge : -3.4320693530679094
aromaticity : 0.09782608695652173
gravy : -0.04130434782608691
instability : 49.060869565217374
