molecularweight : 146013.01490000088
pI : 5.006742286682129
netcharge : -60.55876345012925
aromaticity : 0.07586206896551725
gravy : -0.5909578544061302
instability : 58.93173946360192
