molecularweight : 74589.15120000052
pI : 6.03302707672119
netcharge : -8.900378959961358
aromaticity : 0.07507507507507508
gravy : -0.31066066066066045
instability : 41.324624624624754
