molecularweight : 22657.864500000003
pI : 8.702538871765139
netcharge : 3.5893270558106636
aromaticity : 0.05940594059405941
gravy : -0.5975247524752485
instability : 40.23316831683169
