molecularweight : 77562.91720000029
pI : 4.165013694763183
netcharge : -50.94969850624685
aromaticity : 0.09510489510489512
gravy : -0.2055944055944055
instability : 34.49848951048956
