molecularweight : 58821.766400000066
pI : 7.137977027893067
netcharge : 0.3806258680441488
aromaticity : 0.07797270955165692
gravy : -0.39298245614035093
instability : 39.14992202729044
