molecularweight : 20474.793099999984
pI : 4.8532201766967775
netcharge : -2.5228109410182675
aromaticity : 0.116751269035533
gravy : 1.0101522842639596
instability : 9.773604060913708
