molecularweight : 53360.57120000014
pI : 9.599938774108885
netcharge : 16.986877771610615
aromaticity : 0.06418219461697722
gravy : -0.7546583850931677
instability : 61.74886128364408
