molecularweight : 95157.00790000055
pI : 6.564301109313964
netcharge : -2.334294375012206
aromaticity : 0.057971014492753624
gravy : -0.8758454106280185
instability : 38.96968599033825
