molecularweight : 97822.71860000078
pI : 7.078011894226075
netcharge : 0.3869646033162013
aromaticity : 0.05749718151071026
gravy : -0.6052987598647136
instability : 59.11545659526529
