molecularweight : 50713.03640000004
pI : 5.4286012649536115
netcharge : -14.321848620609046
aromaticity : 0.09843400447427292
gravy : -0.36979865771812087
instability : 37.90854586129753
