molecularweight : 33685.42020000005
pI : 8.955706214904787
netcharge : 4.478817262519023
aromaticity : 0.09183673469387756
gravy : -0.5989795918367344
instability : 42.63506802721088
