molecularweight : 32590.572500000024
pI : 9.703152656555176
netcharge : 13.86366446102582
aromaticity : 0.07560137457044674
gravy : -0.6649484536082473
instability : 46.389725085910655
