molecularweight : 34929.00200000004
pI : 4.836054801940917
netcharge : -16.772130837499347
aromaticity : 0.11920529801324503
gravy : -0.2801324503311261
instability : 44.440761589403955
