molecularweight : 39599.38300000005
pI : 9.020690345764159
netcharge : 8.436382594006034
aromaticity : 0.06647398843930635
gravy : -0.27312138728323726
instability : 31.639306358381496
