molecularweight : 25607.09160000004
pI : 6.535995292663575
netcharge : -0.5011566825004365
aromaticity : 0.1346153846153846
gravy : -0.9480769230769237
instability : 40.51932692307692
