molecularweight : 127779.28470000101
pI : 5.990511512756346
netcharge : -11.682163867320682
aromaticity : 0.076592082616179
gravy : 0.13588640275387237
instability : 37.65302065404499
