molecularweight : 58203.039500000086
pI : 8.716657447814942
netcharge : 6.175197135228807
aromaticity : 0.08203125
gravy : -0.3037109375000003
instability : 39.91992187500001
