molecularweight : 22552.27160000001
pI : 8.362532615661621
netcharge : 1.832082515408601
aromaticity : 0.1693121693121693
gravy : 0.14867724867724866
instability : 50.644444444444446
