molecularweight : 11587.379499999992
pI : 5.844946861267089
netcharge : -3.9452094464609537
aromaticity : 0.058252427184466014
gravy : -1.3533980582524274
instability : 42.148543689320384
