molecularweight : 100786.94480000077
pI : 5.346412086486816
netcharge : -13.965095395096583
aromaticity : 0.06298342541436464
gravy : -0.712375690607734
instability : 60.815049723757255
