molecularweight : 74810.24890000033
pI : 4.943935203552246
netcharge : -33.26232354938794
aromaticity : 0.05990783410138249
gravy : -0.8517665130568365
instability : 51.00569892473137
