molecularweight : 18104.99599999999
pI : 10.688809776306151
netcharge : 18.745941433744925
aromaticity : 0.03550295857988166
gravy : -1.0893491124260357
instability : 54.09999999999998
