molecularweight : 28652.235900000025
pI : 5.6645399093627935
netcharge : -7.637585835775987
aromaticity : 0.09486166007905139
gravy : -0.2411067193675892
instability : 41.79802371541501
