molecularweight : 138440.21900000056
pI : 6.9396089553833
netcharge : -0.39479719270883606
aromaticity : 0.10190555095277548
gravy : -0.4223695111847539
instability : 42.90224523612292
