molecularweight : 62388.68600000018
pI : 4.809340476989747
netcharge : -28.640836905923834
aromaticity : 0.09437386569872958
gravy : -0.3678765880217782
instability : 40.6947549909256
