molecularweight : 178847.45200000043
pI : 5.934297752380371
netcharge : -22.783727210266363
aromaticity : 0.0655940594059406
gravy : -0.5037747524752483
instability : 50.88483910891121
