molecularweight : 43399.91440000005
pI : 6.0358690261840815
netcharge : -5.572151101816154
aromaticity : 0.07142857142857142
gravy : -0.33035714285714307
instability : 41.66173469387755
