molecularweight : 67206.76030000031
pI : 5.47259464263916
netcharge : -17.081691753121078
aromaticity : 0.07439446366782007
gravy : -0.7641868512110711
instability : 58.49536332179949
