molecularweight : 40450.22880000008
pI : 5.869046592712402
netcharge : -8.272969452257811
aromaticity : 0.08888888888888888
gravy : -0.3463888888888893
instability : 43.601944444444435
