molecularweight : 13827.936299999988
pI : 9.624372291564942
netcharge : 5.504445185041217
aromaticity : 0.12931034482758622
gravy : -0.4353448275862069
instability : 57.43629310344828
