molecularweight : 110923.55350000098
pI : 6.557935142517089
netcharge : -2.314300545083853
aromaticity : 0.07586206896551724
gravy : -0.33064039408867
instability : 50.97835467980319
