molecularweight : 124248.53650000076
pI : 5.267633247375487
netcharge : -32.747615563314184
aromaticity : 0.05877034358047016
gravy : -0.5720614828209754
instability : 45.229674502712754
