molecularweight : 31256.317000000057
pI : 9.354765510559083
netcharge : 8.046779643566463
aromaticity : 0.11152416356877325
gravy : -0.5680297397769515
instability : 40.64758364312269
