molecularweight : 28402.539500000014
pI : 5.013790321350096
netcharge : -9.120363966908855
aromaticity : 0.09411764705882353
gravy : -0.2980392156862748
instability : 33.32356862745097
