molecularweight : 64003.901600000136
pI : 5.0013425827026365
netcharge : -18.796266297311924
aromaticity : 0.10017574692442882
gravy : -0.46731107205623856
instability : 37.988804920913914
