molecularweight : 69325.20040000032
pI : 5.43985538482666
netcharge : -14.540817039212968
aromaticity : 0.08237232289950577
gravy : -0.6878088962108713
instability : 42.55721581548609
