molecularweight : 44172.464499999995
pI : 6.257938957214355
netcharge : -2.0766155232342385
aromaticity : 0.10173697270471466
gravy : -0.20595533498759297
instability : 22.2563523573201
