molecularweight : 35638.474100000036
pI : 8.85977725982666
netcharge : 4.186874351683944
aromaticity : 0.0911854103343465
gravy : 0.07021276595744688
instability : 32.12647416413373
