molecularweight : 109922.19060000082
pI : 5.498456382751464
netcharge : -21.671435712097775
aromaticity : 0.09927611168562564
gravy : -0.2529472595656668
instability : 37.103433298862605
