molecularweight : 51258.70960000007
pI : 8.590621757507325
netcharge : 4.719155920693673
aromaticity : 0.09684684684684686
gravy : -0.5049549549549546
instability : 39.35855855855855
