molecularweight : 35592.987000000045
pI : 9.529732704162598
netcharge : 13.604157727634385
aromaticity : 0.11455108359133126
gravy : 0.6557275541795665
instability : 29.58823529411765
