molecularweight : 200359.82649999976
pI : 8.184084129333495
netcharge : 9.769055096841441
aromaticity : 0.1438474870017331
gravy : 0.11039861351819752
instability : 33.869416522241735
