molecularweight : 60561.146900000094
pI : 5.599061393737792
netcharge : -9.77543807496194
aromaticity : 0.07224334600760457
gravy : -1.0241444866920142
instability : 50.67395437262365
