molecularweight : 63757.39130000015
pI : 5.907753944396972
netcharge : -5.701805329465742
aromaticity : 0.11379310344827585
gravy : 0.3839655172413796
instability : 42.64055172413797
