molecularweight : 14014.342299999993
pI : 9.882697105407715
netcharge : 10.595389815877017
aromaticity : 0.0819672131147541
gravy : -0.30491803278688506
instability : 19.281147540983607
