molecularweight : 29397.036300000032
pI : 9.40098934173584
netcharge : 8.973302345266077
aromaticity : 0.05928853754940712
gravy : -0.8632411067193676
instability : 49.961660079051384
