molecularweight : 19108.029799999993
pI : 10.124002265930173
netcharge : 15.608626645225748
aromaticity : 0.017857142857142856
gravy : -0.8208333333333337
instability : 58.6642857142857
