molecularweight : 127754.33370000077
pI : 5.870581245422362
netcharge : -17.161677841750674
aromaticity : 0.08444444444444443
gravy : -0.32222222222222124
instability : 44.76766222222244
