molecularweight : 34671.51750000002
pI : 5.782935523986816
netcharge : -6.6366972129232344
aromaticity : 0.1178343949044586
gravy : -0.2891719745222932
instability : 31.659872611464966
