molecularweight : 75210.9292000003
pI : 7.245004844665529
netcharge : 0.84120408465445
aromaticity : 0.0880597014925373
gravy : -0.3214925373134331
instability : 34.196567164179115
