molecularweight : 16766.151599999994
pI : 9.858456993103026
netcharge : 9.998240828204889
aromaticity : 0.06711409395973154
gravy : -0.6187919463087252
instability : 41.77718120805368
