molecularweight : 18161.238800000003
pI : 9.681040000915527
netcharge : 9.024570290229633
aromaticity : 0.08227848101265822
gravy : -0.9468354430379745
instability : 46.86772151898736
