molecularweight : 12607.19899999999
pI : 9.807913780212402
netcharge : 6.6640805513499775
aromaticity : 0.10714285714285714
gravy : -0.38125000000000003
instability : 32.607142857142854
