molecularweight : 138154.2313000009
pI : 7.929820823669434
netcharge : 4.467206990662703
aromaticity : 0.05144694533762058
gravy : -0.5702572347266878
instability : 45.59927652733155
