molecularweight : 15915.175999999989
pI : 10.294843482971189
netcharge : 14.086011075700196
aromaticity : 0.06428571428571428
gravy : -0.5635714285714286
instability : 44.197857142857124
