molecularweight : 58321.54430000005
pI : 6.292724418640137
netcharge : -4.2717170787668906
aromaticity : 0.08267716535433071
gravy : -0.042519685039370064
instability : 50.026240157480366
