molecularweight : 98112.0517000007
pI : 5.737862205505372
netcharge : -18.22860931232634
aromaticity : 0.11004784688995216
gravy : -0.30777511961722454
instability : 40.81796650717715
