molecularweight : 23116.5507
pI : 7.661577796936036
netcharge : 0.5105952060366583
aromaticity : 0.09405940594059406
gravy : -0.9891089108910894
instability : 53.206980198019814
