molecularweight : 23686.728000000025
pI : 9.429033088684083
netcharge : 5.873495732017087
aromaticity : 0.06796116504854369
gravy : -0.4752427184466021
instability : 38.780582524271836
