molecularweight : 122477.45190000063
pI : 5.4170629501342775
netcharge : -29.118803898387554
aromaticity : 0.11469194312796208
gravy : -0.41725118483412166
instability : 34.70011374407598
