molecularweight : 29966.26250000004
pI : 9.16090908050537
netcharge : 7.220734395553151
aromaticity : 0.1062992125984252
gravy : -1.0555118110236217
instability : 39.53582677165353
