molecularweight : 58300.680500000104
pI : 5.0082201004028315
netcharge : -21.532963376999867
aromaticity : 0.07604562737642585
gravy : -0.43117870722433455
instability : 31.458935361216728
