molecularweight : 47759.18620000007
pI : 7.3450414657592775
netcharge : 1.3735678661301165
aromaticity : 0.1614457831325301
gravy : -0.0007228915662651267
instability : 35.54532530120483
