molecularweight : 40024.52200000007
pI : 5.442754173278809
netcharge : -10.595999781250015
aromaticity : 0.07204610951008646
gravy : -0.6518731988472615
instability : 47.14469740634005
