molecularweight : 74608.80720000037
pI : 5.441844749450683
netcharge : -20.672202147253756
aromaticity : 0.1163141993957704
gravy : -0.3500000000000001
instability : 45.22885196374634
