molecularweight : 79706.81330000033
pI : 6.490808296203612
netcharge : -3.223448046115294
aromaticity : 0.08882521489971347
gravy : -0.19283667621776557
instability : 36.066504297994335
