molecularweight : 31082.986300000033
pI : 5.670280647277832
netcharge : -5.911310072698754
aromaticity : 0.11363636363636365
gravy : -0.5295454545454549
instability : 38.22083333333333
