molecularweight : 59349.40590000007
pI : 6.303239631652833
netcharge : -2.81627633334449
aromaticity : 0.05504587155963303
gravy : -0.08477064220183486
instability : 41.475229357798185
