molecularweight : 43520.4882000001
pI : 5.469354820251465
netcharge : -8.81234004527932
aromaticity : 0.06299212598425197
gravy : -1.1412073490813648
instability : 67.09212598425206
