molecularweight : 66694.06240000021
pI : 6.319438743591309
netcharge : -5.043380667464724
aromaticity : 0.10996563573883161
gravy : -0.10773195876288662
instability : 41.008951890034425
