molecularweight : 21921.053099999997
pI : 11.17934970855713
netcharge : 29.956733338938598
aromaticity : 0.05291005291005291
gravy : -1.0550264550264554
instability : 46.40370370370369
