molecularweight : 40301.17670000003
pI : 8.300256156921389
netcharge : 3.1693863225106753
aromaticity : 0.07102272727272727
gravy : -0.2625000000000001
instability : 36.62389204545453
