molecularweight : 78024.84690000034
pI : 5.414221000671386
netcharge : -19.825415620898625
aromaticity : 0.1187683284457478
gravy : -0.4406158357771259
instability : 38.744149560117364
