molecularweight : 39006.896200000156
pI : 4.884652137756347
netcharge : -14.28062249831624
aromaticity : 0.06069364161849711
gravy : -0.9066473988439306
instability : 56.5193930635838
