molecularweight : 37200.95090000005
pI : 7.057720375061035
netcharge : 0.14435967709778907
aromaticity : 0.0856269113149847
gravy : -0.5211009174311929
instability : 51.71223241590214
