molecularweight : 17571.971400000006
pI : 7.676640129089357
netcharge : 0.9065496305883265
aromaticity : 0.11464968152866242
gravy : -0.005732484076433049
instability : 37.15229299363057
