molecularweight : 100802.64390000082
pI : 6.656607627868653
netcharge : -2.048372677201627
aromaticity : 0.11047835990888383
gravy : -0.37448747152619494
instability : 42.07443052391823
