molecularweight : 31663.356799999987
pI : 4.437784004211426
netcharge : -23.004517286911028
aromaticity : 0.10380622837370242
gravy : -0.6141868512110733
instability : 14.637370242214518
