molecularweight : 40264.87510000003
pI : 4.864758491516112
netcharge : -15.920755811124494
aromaticity : 0.05205479452054794
gravy : -0.9153424657534244
instability : 63.775890410958944
