molecularweight : 29240.27990000001
pI : 4.645246315002441
netcharge : -21.986213982285655
aromaticity : 0.052000000000000005
gravy : -0.9815999999999999
instability : 52.770800000000015
