molecularweight : 33699.40550000004
pI : 8.96589221954346
netcharge : 5.398743355946493
aromaticity : 0.08191126279863481
gravy : -0.46006825938566615
instability : 36.08327645051196
