molecularweight : 40933.02030000006
pI : 5.625605201721191
netcharge : -5.997188754580286
aromaticity : 0.07365439093484419
gravy : -0.5263456090651552
instability : 47.428045325779024
