molecularweight : 35209.72940000006
pI : 5.912812614440917
netcharge : -3.150263747211561
aromaticity : 0.1597444089456869
gravy : 0.6357827476038345
instability : 22.096549520766775
