molecularweight : 41142.3168000001
pI : 4.913469505310058
netcharge : -19.783702106056367
aromaticity : 0.04155124653739613
gravy : -0.7393351800554008
instability : 52.14238227146814
