molecularweight : 39337.58800000001
pI : 5.812150764465333
netcharge : -6.63122506241163
aromaticity : 0.030555555555555558
gravy : -0.741388888888888
instability : 41.79388888888888
