molecularweight : 45045.68300000008
pI : 7.134850883483887
netcharge : 0.3258000763673934
aromaticity : 0.09343434343434344
gravy : -0.4315656565656567
instability : 37.80482323232322
