molecularweight : 44297.66760000004
pI : 5.203973579406737
netcharge : -15.476166005634461
aromaticity : 0.0703125
gravy : -1.1494791666666657
instability : 56.12710937500004
