molecularweight : 76375.17860000044
pI : 4.833269691467284
netcharge : -40.29822774916697
aromaticity : 0.08536585365853658
gravy : -0.7940548780487793
instability : 40.453978658536684
