molecularweight : 47883.79650000005
pI : 5.660447502136231
netcharge : -10.34132528685447
aromaticity : 0.10141509433962265
gravy : -0.35424528301886815
instability : 34.317523584905665
