molecularweight : 90633.61990000049
pI : 5.542108726501463
netcharge : -18.68692094858565
aromaticity : 0.05738705738705739
gravy : -0.20537240537240548
instability : 35.358241758241874
