molecularweight : 29784.226900000052
pI : 9.748602867126461
netcharge : 14.390487835359604
aromaticity : 0.054474708171206226
gravy : -0.45914396887159575
instability : 41.619066147859904
