molecularweight : 103250.5833000008
pI : 4.931942176818846
netcharge : -46.4723086050752
aromaticity : 0.06828193832599119
gravy : -0.1577092511013219
instability : 42.70629955947151
