molecularweight : 27128.60400000002
pI : 5.085975837707519
netcharge : -8.172378197759677
aromaticity : 0.0934959349593496
gravy : -0.1532520325203254
instability : 30.033333333333324
