molecularweight : 87172.91500000046
pI : 9.064528846740721
netcharge : 14.478237980142751
aromaticity : 0.07682458386683738
gravy : -1.0719590268886066
instability : 55.59590268886069
