molecularweight : 52127.85130000005
pI : 5.834886360168457
netcharge : -7.53050230045352
aromaticity : 0.08441558441558442
gravy : -0.34134199134199156
instability : 42.05870129870129
