molecularweight : 72537.21550000034
pI : 7.530222892761232
netcharge : 1.7422703301893705
aromaticity : 0.10416666666666666
gravy : -0.035737179487179485
instability : 39.78479166666673
