molecularweight : 79110.94540000038
pI : 5.28315029144287
netcharge : -20.229161296949812
aromaticity : 0.09406657018813314
gravy : -0.3643994211287982
instability : 41.080188133140496
