molecularweight : 28401.198299999996
pI : 6.136758232116699
netcharge : -2.909245784086435
aromaticity : 0.13688212927756654
gravy : 0.354372623574144
instability : 40.76733840304182
