molecularweight : 35251.34890000007
pI : 4.642915916442871
netcharge : -22.991662471213843
aromaticity : 0.06962025316455697
gravy : -0.29113924050632944
instability : 32.43196202531645
