molecularweight : 139923.0792000005
pI : 9.212032508850097
netcharge : 27.36399731043028
aromaticity : 0.0856685348278623
gravy : -0.46373098478783004
instability : 45.196909527622374
