molecularweight : 32708.429300000025
pI : 9.255613136291505
netcharge : 7.318743231591455
aromaticity : 0.08243727598566308
gravy : -0.45878136200716907
instability : 40.037992831541224
