molecularweight : 11661.433699999983
pI : 7.679254722595215
netcharge : 0.49416837254478096
aromaticity : 0.019801980198019802
gravy : -0.5227722772277228
instability : 41.519801980198025
