molecularweight : 27925.26740000001
pI : 5.901444816589356
netcharge : -3.9458490491758944
aromaticity : 0.07874015748031496
gravy : -0.28818897637795293
instability : 32.21496062992126
