molecularweight : 21084.182100000013
pI : 5.781287193298339
netcharge : -2.324023648728218
aromaticity : 0.09289617486338797
gravy : -0.04480874316939893
instability : 26.96448087431693
