molecularweight : 17972.2055
pI : 6.840254402160644
netcharge : -0.21899707936815815
aromaticity : 0.047058823529411764
gravy : -0.2094117647058824
instability : 24.14235294117646
