molecularweight : 31147.81750000001
pI : 9.208809089660644
netcharge : 9.69533011755993
aromaticity : 0.12323943661971831
gravy : 0.08239436619718317
instability : 23.779225352112658
