molecularweight : 17499.716299999996
pI : 8.22669773101807
netcharge : 1.907374288138488
aromaticity : 0.058823529411764705
gravy : -0.8411764705882356
instability : 56.696732026143785
