molecularweight : 34554.654899999994
pI : 9.480865669250488
netcharge : 14.765914207250422
aromaticity : 0.1262135922330097
gravy : 0.5022653721682846
instability : 30.8699352750809
