molecularweight : 64390.609800000064
pI : 5.185387229919432
netcharge : -14.01289378021933
aromaticity : 0.08838821490467938
gravy : -0.2916811091854424
instability : 42.21318890814563
