molecularweight : 76814.01690000031
pI : 9.682522773742676
netcharge : 37.25892342344133
aromaticity : 0.08695652173913043
gravy : -0.5806596701649158
instability : 48.42863568215908
