molecularweight : 30638.324400000027
pI : 8.52292995452881
netcharge : 1.7043838390515056
aromaticity : 0.0925925925925926
gravy : -0.3711111111111112
instability : 35.102259259259256
