molecularweight : 32213.40660000004
pI : 7.181345176696779
netcharge : 0.5605325600794977
aromaticity : 0.0763888888888889
gravy : -0.20243055555555578
instability : 53.497256944444445
