molecularweight : 57688.04490000003
pI : 6.125333595275878
netcharge : -5.399216037316222
aromaticity : 0.10912698412698413
gravy : -0.45119047619047636
instability : 34.5190873015873
