molecularweight : 56926.50780000017
pI : 6.611420631408691
netcharge : -1.544130310519705
aromaticity : 0.11623246492985971
gravy : 0.03146292585170303
instability : 44.05050100200401
