molecularweight : 54180.90780000012
pI : 6.0147817611694325
netcharge : -6.325851487531452
aromaticity : 0.07312252964426877
gravy : -0.39782608695652194
instability : 67.669367588933
