molecularweight : 97360.87920000074
pI : 6.624834632873536
netcharge : -2.076180416824542
aromaticity : 0.06847697756788666
gravy : -0.5714285714285697
instability : 47.55561983471093
