molecularweight : 20362.13660000001
pI : 6.424193000793457
netcharge : -1.1716933917334131
aromaticity : 0.1206896551724138
gravy : -0.31781609195402316
instability : 24.9471264367816
