molecularweight : 73621.2559000002
pI : 8.45626964569092
netcharge : 3.9901170929380356
aromaticity : 0.06906906906906907
gravy : -0.9094594594594594
instability : 51.92749249249263
