molecularweight : 40463.46280000001
pI : 9.367788124084473
netcharge : 12.92718665674846
aromaticity : 0.061281337047353765
gravy : -0.3515320334261845
instability : 35.969359331476326
