molecularweight : 21987.853000000003
pI : 5.793621253967285
netcharge : -1.455792665325717
aromaticity : 0.08947368421052632
gravy : -0.4721052631578949
instability : 45.72105263157894
