molecularweight : 15384.43389999998
pI : 9.425874137878417
netcharge : 4.572494537101955
aromaticity : 0.10071942446043165
gravy : -0.1273381294964028
instability : 41.779856115107904
