molecularweight : 33974.301300000014
pI : 5.173678398132323
netcharge : -11.719193881267095
aromaticity : 0.10231023102310231
gravy : -0.06897689768976888
instability : 28.211584158415832
