molecularweight : 71950.1032000003
pI : 5.275874900817871
netcharge : -18.361065547934544
aromaticity : 0.1152
gravy : -0.5046399999999992
instability : 37.00016000000004
