molecularweight : 58299.24370000012
pI : 7.257111549377441
netcharge : 0.7928435779430885
aromaticity : 0.06990291262135923
gravy : -0.7188349514563097
instability : 36.53864077669901
