molecularweight : 37837.83110000004
pI : 8.29451847076416
netcharge : 2.8750796935346017
aromaticity : 0.07647058823529412
gravy : -0.16941176470588235
instability : 55.434999999999995
