molecularweight : 64543.1188000002
pI : 5.912812614440917
netcharge : -9.171715563729165
aromaticity : 0.06272401433691757
gravy : -1.0761648745519712
instability : 57.091397849462446
