molecularweight : 25948.76950000001
pI : 9.595232582092283
netcharge : 9.775495650769592
aromaticity : 0.05603448275862069
gravy : -0.9530172413793105
instability : 68.55862068965516
