molecularweight : 35741.688400000014
pI : 9.225055122375487
netcharge : 10.471668686324413
aromaticity : 0.09210526315789475
gravy : -0.7325657894736836
instability : 41.3382236842105
