molecularweight : 62747.54730000005
pI : 5.864215278625487
netcharge : -11.021934993069024
aromaticity : 0.11743119266055047
gravy : -0.4666055045871558
instability : 38.320403669724755
