molecularweight : 54894.16870000011
pI : 5.587295722961425
netcharge : -10.572801699801218
aromaticity : 0.10105263157894737
gravy : -0.796
instability : 43.659389473684215
