molecularweight : 79358.23940000037
pI : 7.957026481628418
netcharge : 3.1434400162087712
aromaticity : 0.09557774607703282
gravy : -0.1577746077032811
instability : 40.1664907275322
