molecularweight : 50144.82990000003
pI : 8.818646430969238
netcharge : 6.107939939576831
aromaticity : 0.07972665148063782
gravy : -0.16810933940774495
instability : 43.29323462414578
