molecularweight : 30065.259100000017
pI : 7.013897514343261
netcharge : 0.02654980743838209
aromaticity : 0.09433962264150944
gravy : -0.18415094339622637
instability : 41.3833962264151
