molecularweight : 14285.680499999984
pI : 9.842662239074706
netcharge : 9.875601125955312
aromaticity : 0.1487603305785124
gravy : 0.06528925619834702
instability : 53.63809917355372
