molecularweight : 37452.658599999995
pI : 5.523806571960448
netcharge : -9.686808518985359
aromaticity : 0.07471264367816091
gravy : 0.11551724137931023
instability : 28.413247126436787
