molecularweight : 42530.99880000004
pI : 5.3703413009643555
netcharge : -11.51326847372615
aromaticity : 0.1293800539083558
gravy : -0.25013477088948843
instability : 31.926442048517508
