molecularweight : 45587.241300000074
pI : 8.896717643737794
netcharge : 7.440209036236126
aromaticity : 0.08905852417302798
gravy : -0.6763358778625945
instability : 59.357760814249424
