molecularweight : 22520.147500000014
pI : 5.431500053405761
netcharge : -2.5251879330319262
aromaticity : 0.09230769230769231
gravy : -0.8220512820512825
instability : 42.0225641025641
