molecularweight : 85140.75860000048
pI : 6.150797462463378
netcharge : -18.238109543464716
aromaticity : 0.0749665327978581
gravy : -0.8382864792503347
instability : 47.025301204819435
