molecularweight : 189248.5955000004
pI : 5.961068916320801
netcharge : -23.552234821735055
aromaticity : 0.10523076923076924
gravy : -0.44726153846154165
instability : 44.75504615384648
