molecularweight : 62558.45260000024
pI : 6.5103609085083
netcharge : -2.98420332899002
aromaticity : 0.10825688073394496
gravy : -0.6442201834862379
instability : 41.88500917431202
