molecularweight : 7995.003500000001
pI : 7.902228355407716
netcharge : 0.677005120918297
aromaticity : 0.056338028169014086
gravy : -0.6323943661971836
instability : 52.797183098591546
