molecularweight : 41758.41760000004
pI : 9.539080619812012
netcharge : 16.3410510820884
aromaticity : 0.08539944903581267
gravy : -0.5104683195592289
instability : 62.08980716253448
