molecularweight : 33275.06530000004
pI : 5.479131126403809
netcharge : -7.851742239661355
aromaticity : 0.11724137931034481
gravy : -0.5775862068965516
instability : 35.8248275862069
