molecularweight : 98290.89190000064
pI : 8.844820594787599
netcharge : 13.134270492384687
aromaticity : 0.09048723897911833
gravy : -0.39153132250580003
instability : 44.18748259860806
