molecularweight : 72946.22020000024
pI : 4.573288154602051
netcharge : -43.71640530330935
aromaticity : 0.12172573189522343
gravy : -0.5540832049306612
instability : 43.939768875192755
