molecularweight : 209985.39530000024
pI : 6.431809425354003
netcharge : -8.762995570027414
aromaticity : 0.10936654033567948
gravy : -0.09918787222523028
instability : 41.476318354088
