molecularweight : 78534.71820000038
pI : 8.903486824035646
netcharge : 12.343076369403306
aromaticity : 0.09615384615384616
gravy : -0.6238165680473365
instability : 34.958165680473414
