molecularweight : 35620.650800000054
pI : 8.945778083801272
netcharge : 6.7696447320291036
aromaticity : 0.12539184952978055
gravy : 0.677742946708464
instability : 24.494984326018795
