molecularweight : 46068.83600000007
pI : 9.308864021301268
netcharge : 8.847246383897662
aromaticity : 0.09313725490196079
gravy : -0.5710784313725488
instability : 33.637009803921565
