molecularweight : 17888.37789999998
pI : 4.965704536437988
netcharge : -4.414474054961136
aromaticity : 0.08823529411764705
gravy : 0.30588235294117666
instability : 20.21058823529411
