molecularweight : 66218.97200000018
pI : 8.551360511779787
netcharge : 5.034218431430077
aromaticity : 0.07785467128027682
gravy : -0.3660899653979238
instability : 41.12423875432529
