molecularweight : 32964.95130000006
pI : 5.07398281097412
netcharge : -12.817436123727397
aromaticity : 0.046511627906976744
gravy : -0.28936877076411993
instability : 51.07641196013286
