molecularweight : 100061.16450000083
pI : 5.773784446716308
netcharge : -11.262788924597999
aromaticity : 0.11213872832369942
gravy : -0.4753757225433516
instability : 48.604635838150514
