molecularweight : 32439.233700000048
pI : 8.586624717712404
netcharge : 2.785312395787379
aromaticity : 0.08394160583941607
gravy : -0.882116788321168
instability : 68.285401459854
