molecularweight : 23656.21660000002
pI : 6.087024116516112
netcharge : -2.15536833473492
aromaticity : 0.08018867924528301
gravy : 0.12547169811320763
instability : 32.65188679245282
