molecularweight : 12182.719399999987
pI : 8.718784904479982
netcharge : 2.7215617692075345
aromaticity : 0.14285714285714285
gravy : -0.5257142857142858
instability : 73.94761904761904
