molecularweight : 20609.1641
pI : 9.37907009124756
netcharge : 7.170963601885791
aromaticity : 0.12777777777777777
gravy : -0.38277777777777766
instability : 32.447777777777766
