molecularweight : 41505.017200000104
pI : 5.029193687438965
netcharge : -13.948299046525932
aromaticity : 0.07466666666666666
gravy : -0.20773333333333388
instability : 41.13146666666666
