molecularweight : 55357.759900000055
pI : 5.491408348083495
netcharge : -10.68863928843566
aromaticity : 0.08669354838709678
gravy : -0.2604838709677425
instability : 41.96675403225808
