molecularweight : 83194.01920000055
pI : 6.503369712829589
netcharge : -3.063448543154678
aromaticity : 0.07162534435261708
gravy : -0.4694214876033042
instability : 41.85705234159789
