molecularweight : 40700.75289999999
pI : 5.878766059875488
netcharge : -4.890260418895295
aromaticity : 0.10826210826210825
gravy : -0.4649572649572654
instability : 33.14245014245014
