molecularweight : 73677.79510000035
pI : 4.9072172164916985
netcharge : -29.443931817810423
aromaticity : 0.0783132530120482
gravy : -0.1987951807228916
instability : 36.944427710843414
