molecularweight : 23292.285199999995
pI : 5.418768119812011
netcharge : -6.944857167524088
aromaticity : 0.09268292682926829
gravy : -0.35756097560975625
instability : 43.60390243902439
