molecularweight : 63700.800100000175
pI : 8.407273674011233
netcharge : 3.8074365928049403
aromaticity : 0.11986301369863013
gravy : 0.48938356164383623
instability : 26.569897260273965
