molecularweight : 22172.220100000013
pI : 9.930081367492676
netcharge : 18.74635300964749
aromaticity : 0.11702127659574468
gravy : -0.8420212765957448
instability : 35.911170212765946
