molecularweight : 36621.93460000004
pI : 5.833863258361816
netcharge : -6.6825655797864485
aromaticity : 0.04375
gravy : -0.8415624999999993
instability : 59.94656250000001
