molecularweight : 59288.037200000086
pI : 4.9105138778686515
netcharge : -33.0423730731339
aromaticity : 0.05222437137330754
gravy : -0.8899419729206959
instability : 54.830367504835685
