molecularweight : 45988.03850000007
pI : 5.882403755187987
netcharge : -7.44404867194401
aromaticity : 0.12623762376237624
gravy : -0.5158415841584162
instability : 40.9730198019802
