molecularweight : 38995.30780000002
pI : 9.86902980804443
netcharge : 19.72638553236623
aromaticity : 0.03498542274052478
gravy : -1.2793002915451883
instability : 54.65714285714286
