molecularweight : 23122.720500000007
pI : 5.559274101257324
netcharge : -5.932090934268917
aromaticity : 0.09900990099009901
gravy : -0.5519801980198026
instability : 27.45396039603959
