molecularweight : 28514.909799999994
pI : 10.14966068267822
netcharge : 22.365180254473024
aromaticity : 0.07251908396946564
gravy : -0.23740458015267163
instability : 27.261870229007638
