molecularweight : 49618.79740000007
pI : 6.64785442352295
netcharge : -1.9090256561441379
aromaticity : 0.04772234273318872
gravy : -0.4449023861171357
instability : 52.607375271149756
