molecularweight : 60724.681300000084
pI : 4.85782413482666
netcharge : -20.92403702663109
aromaticity : 0.03776978417266187
gravy : -0.018705035971223038
instability : 44.848201438848974
