molecularweight : 59199.35170000009
pI : 6.867480278015138
netcharge : -0.4702538010118502
aromaticity : 0.08333333333333334
gravy : -0.7786821705426334
instability : 45.60639534883727
