molecularweight : 24212.660700000004
pI : 4.941832160949706
netcharge : -9.228707296522135
aromaticity : 0.07339449541284404
gravy : -0.4802752293577984
instability : 41.314220183486235
