molecularweight : 16468.753399999987
pI : 11.046415901184083
netcharge : 18.20085023265381
aromaticity : 0.06711409395973154
gravy : -0.6006711409395978
instability : 27.062416107382543
