molecularweight : 23866.8134
pI : 4.340873527526856
netcharge : -25.34756012320377
aromaticity : 0.10396039603960397
gravy : -1.246039603960396
instability : 38.87579207920792
