molecularweight : 19962.9154
pI : 4.519916343688965
netcharge : -13.177001775493487
aromaticity : 0.06285714285714286
gravy : -0.7097142857142859
instability : 63.120000000000005
