molecularweight : 65474.314900000216
pI : 8.596746253967286
netcharge : 6.504912953310438
aromaticity : 0.10479573712255774
gravy : -0.5907637655417389
instability : 44.007104795737135
