molecularweight : 65090.05220000021
pI : 5.5993455886840815
netcharge : -15.005000620940706
aromaticity : 0.10416666666666666
gravy : -0.41649305555555594
instability : 35.230555555555554
