molecularweight : 189448.17310000063
pI : 7.18856372833252
netcharge : 1.354636333250454
aromaticity : 0.09352078239608802
gravy : -0.5813569682151579
instability : 46.08767114914458
