molecularweight : 57132.46289999997
pI : 8.029295539855958
netcharge : 2.3802201857223793
aromaticity : 0.10869565217391304
gravy : -0.34960474308300393
instability : 39.540928853754934
