molecularweight : 52324.89830000002
pI : 5.697904396057129
netcharge : -7.755505436137852
aromaticity : 0.07284768211920531
gravy : -0.4880794701986753
instability : 45.69075055187638
