molecularweight : 126954.24570000102
pI : 5.791347694396973
netcharge : -15.657861977451418
aromaticity : 0.05445116681071738
gravy : -0.2864304235090747
instability : 46.00069144338834
