molecularweight : 79237.24060000021
pI : 6.582716941833497
netcharge : -3.9323954671387185
aromaticity : 0.05555555555555555
gravy : -0.5261111111111098
instability : 42.656805555555714
