molecularweight : 71506.90630000031
pI : 5.688355445861816
netcharge : -12.186524982249665
aromaticity : 0.0991869918699187
gravy : -0.40146341463414614
instability : 49.793008130081404
