molecularweight : 14183.36779999998
pI : 9.722364234924317
netcharge : 9.500738461418855
aromaticity : 0.07874015748031496
gravy : -0.3275590551181101
instability : 23.58582677165353
