molecularweight : 77630.28490000028
pI : 8.873509025573732
netcharge : 10.571101084153895
aromaticity : 0.0819672131147541
gravy : -0.4439642324888227
instability : 58.60821162444131
