molecularweight : 73512.53830000029
pI : 7.095461463928221
netcharge : 0.2856701752470485
aromaticity : 0.11710323574730355
gravy : 0.0212634822804315
instability : 40.08926040061639
