molecularweight : 98216.8366000003
pI : 8.907225990295409
netcharge : 9.87135805393062
aromaticity : 0.09153318077803203
gravy : -0.8926773455377582
instability : 56.05232265446253
