molecularweight : 27562.63690000002
pI : 9.346771430969238
netcharge : 7.846161804432544
aromaticity : 0.06097560975609756
gravy : -0.3630081300813013
instability : 36.80203252032521
