molecularweight : 20640.407699999996
pI : 10.01866092681885
netcharge : 19.502052059862525
aromaticity : 0.10382513661202186
gravy : -0.7393442622950823
instability : 44.7011475409836
