molecularweight : 72923.69800000024
pI : 9.215384864807131
netcharge : 16.838972661942364
aromaticity : 0.06614173228346457
gravy : -0.6294488188976372
instability : 51.50444094488199
