molecularweight : 44735.00420000007
pI : 5.963740348815918
netcharge : -7.3220006226885275
aromaticity : 0.08977556109725686
gravy : -0.34463840399002504
instability : 25.914987531172084
