molecularweight : 34457.74670000002
pI : 4.928531837463377
netcharge : -10.189975775125205
aromaticity : 0.07523510971786834
gravy : 0.0699059561128528
instability : 32.8
