molecularweight : 99843.32990000052
pI : 8.884790992736818
netcharge : 12.224986472377765
aromaticity : 0.07300115874855156
gravy : -1.1668597914252627
instability : 51.77326767091561
