molecularweight : 33227.300000000054
pI : 9.893527793884278
netcharge : 13.032690897531069
aromaticity : 0.04666666666666667
gravy : -0.6949999999999997
instability : 49.34133333333334
