molecularweight : 36049.177900000024
pI : 5.514939689636229
netcharge : -6.994857529325721
aromaticity : 0.08615384615384616
gravy : -0.4747692307692306
instability : 40.06618461538461
