molecularweight : 81686.4679000005
pI : 9.445150184631348
netcharge : 26.864097060449808
aromaticity : 0.06327372764786796
gravy : -0.7354883081155432
instability : 61.50881705639642
