molecularweight : 49237.793400000075
pI : 6.07048397064209
netcharge : -7.114721500553934
aromaticity : 0.0951276102088167
gravy : -0.2928074245939679
instability : 42.72134570765662
