molecularweight : 19031.844999999998
pI : 11.092188453674314
netcharge : 15.676912101276173
aromaticity : 0.046511627906976744
gravy : -0.3465116279069772
instability : 31.367441860465114
