molecularweight : 61858.77070000013
pI : 9.242139244079588
netcharge : 9.318183051553106
aromaticity : 0.1234119782214156
gravy : 0.1724137931034479
instability : 36.30009074410162
