molecularweight : 48509.7793
pI : 5.971413612365722
netcharge : -3.173605927791698
aromaticity : 0.11904761904761904
gravy : -0.37333333333333374
instability : 37.24454761904761
