molecularweight : 54760.76890000001
pI : 8.262090873718265
netcharge : 2.790350983761847
aromaticity : 0.11847389558232932
gravy : 0.5435742971887553
instability : 40.85706827309236
