molecularweight : 35624.353800000055
pI : 6.602724266052246
netcharge : -1.5509450325045862
aromaticity : 0.10064935064935066
gravy : -0.3172077922077924
instability : 30.311038961038957
