molecularweight : 31895.303600000043
pI : 10.455627632141113
netcharge : 30.74587416770794
aromaticity : 0.09642857142857143
gravy : -0.6817857142857148
instability : 44.18717857142854
