molecularweight : 23109.150100000013
pI : 5.317310523986817
netcharge : -6.967309127025903
aromaticity : 0.08823529411764705
gravy : -0.24411764705882347
instability : 57.61323529411766
