molecularweight : 31634.021300000033
pI : 4.864417457580566
netcharge : -19.490409276431155
aromaticity : 0.10108303249097472
gravy : -0.8927797833935015
instability : 54.87404332129963
