molecularweight : 90543.60620000062
pI : 7.567793464660646
netcharge : 2.05142980999301
aromaticity : 0.07261146496815286
gravy : -0.7485350318471322
instability : 46.61910828025493
