molecularweight : 71203.28760000033
pI : 5.625662040710449
netcharge : -8.054626396412871
aromaticity : 0.0804416403785489
gravy : -0.062460567823343985
instability : 37.75916403785494
