molecularweight : 63534.36270000023
pI : 7.17532024383545
netcharge : 0.5525039952716355
aromaticity : 0.12131715771230503
gravy : 0.5194107452339691
instability : 37.45840554592721
