molecularweight : 58820.87300000009
pI : 5.720867347717285
netcharge : -10.308281702711582
aromaticity : 0.08653846153846154
gravy : -0.4617307692307692
instability : 40.95463461538463
