molecularweight : 16412.322299999996
pI : 9.276178550720214
netcharge : 4.762357025431509
aromaticity : 0.14285714285714285
gravy : -0.8957142857142858
instability : 45.93935714285712
