molecularweight : 33701.84510000002
pI : 4.67252902984619
netcharge : -18.99102888293987
aromaticity : 0.08532423208191126
gravy : -0.2392491467576796
instability : 38.552559726962464
