molecularweight : 51397.50620000015
pI : 9.466037940979007
netcharge : 11.914457044913881
aromaticity : 0.06382978723404255
gravy : -0.7202127659574468
instability : 57.89321276595755
