molecularweight : 26965.056600000018
pI : 5.528581047058105
netcharge : -6.0452198548010685
aromaticity : 0.07692307692307693
gravy : -0.7094017094017093
instability : 44.95004273504275
