molecularweight : 40878.94800000002
pI : 9.65615520477295
netcharge : 19.162137085698653
aromaticity : 0.11202185792349727
gravy : -0.06502732240437142
instability : 25.958797814207653
