molecularweight : 24008.271300000008
pI : 6.75959987640381
netcharge : -0.30489054921822856
aromaticity : 0.09134615384615385
gravy : -0.5677884615384617
instability : 44.5625
