molecularweight : 25408.89550000002
pI : 5.983406639099121
netcharge : -3.0555799192097517
aromaticity : 0.08296943231441048
gravy : -0.2174672489082968
instability : 29.6480349344978
