molecularweight : 20414.039099999995
pI : 5.152420616149901
netcharge : -7.153744936668403
aromaticity : 0.03260869565217391
gravy : -0.3782608695652176
instability : 34.1016304347826
