molecularweight : 50500.821200000006
pI : 8.564447593688964
netcharge : 5.123735103908395
aromaticity : 0.15261958997722097
gravy : 0.33644646924829136
instability : 43.33309794988609
