molecularweight : 46484.248600000035
pI : 8.014145469665529
netcharge : 2.3756188234470628
aromaticity : 0.15458937198067635
gravy : 0.61376811594203
instability : 39.29060386473428
