molecularweight : 65562.18920000011
pI : 5.6853429794311525
netcharge : -14.95068238044302
aromaticity : 0.11387900355871886
gravy : -0.29039145907473324
instability : 47.44736654804281
