molecularweight : 50318.66970000016
pI : 6.729986763000488
netcharge : -1.2575792778907484
aromaticity : 0.08314606741573033
gravy : -0.37977528089887674
instability : 50.9530561797753
