molecularweight : 62834.400900000015
pI : 7.123710441589356
netcharge : 0.36330479984893316
aromaticity : 0.07719298245614034
gravy : -0.12631578947368416
instability : 36.62615789473685
