molecularweight : 36868.88610000004
pI : 5.299519920349121
netcharge : -9.032384861271076
aromaticity : 0.12187500000000001
gravy : -0.2584375000000001
instability : 39.10503124999999
