molecularweight : 120508.11230000059
pI : 5.388359260559082
netcharge : -23.782707573677556
aromaticity : 0.08723599632690542
gravy : 0.019008264462809656
instability : 35.622130394857784
