molecularweight : 60584.00070000016
pI : 5.976301765441894
netcharge : -8.137736212502347
aromaticity : 0.08426966292134831
gravy : -0.5123595505617973
instability : 48.309382022471965
