molecularweight : 35915.60480000002
pI : 9.640167045593262
netcharge : 11.851138874186347
aromaticity : 0.16666666666666669
gravy : 0.28044871794871773
instability : 36.10291666666666
