molecularweight : 30897.571300000003
pI : 9.579695701599118
netcharge : 12.137347710935146
aromaticity : 0.051470588235294115
gravy : -0.5805147058823535
instability : 32.51511029411765
