molecularweight : 60320.7670000001
pI : 6.454601860046386
netcharge : -2.5273532642226613
aromaticity : 0.15196998123827393
gravy : 0.4395872420262675
instability : 35.70452157598497
