molecularweight : 65367.034700000215
pI : 6.4269212722778315
netcharge : -2.5754491811937825
aromaticity : 0.12776831345826234
gravy : 0.2838160136286203
instability : 39.8499148211244
