molecularweight : 88931.00150000046
pI : 6.915111351013183
netcharge : -0.6502399719566512
aromaticity : 0.1310615989515072
gravy : -0.4170380078636954
instability : 38.107640891218985
