molecularweight : 58748.02920000028
pI : 9.251422691345212
netcharge : 11.115017215438883
aromaticity : 0.0546875
gravy : -1.058007812499999
instability : 57.46328125000012
