molecularweight : 58492.55780000011
pI : 4.454551506042479
netcharge : -59.52135571397032
aromaticity : 0.03747534516765286
gravy : -1.32958579881657
instability : 56.62465483234728
