molecularweight : 42966.80740000002
pI : 5.093649101257324
netcharge : -13.827792779082003
aromaticity : 0.09066666666666667
gravy : -0.616533333333333
instability : 39.23013333333333
