molecularweight : 55443.66340000005
pI : 5.451052665710448
netcharge : -16.04441568847505
aromaticity : 0.10865191146881287
gravy : -0.3362173038229377
instability : 34.833239436619714
