molecularweight : 26271.46970000003
pI : 9.300160789489745
netcharge : 7.831706010133324
aromaticity : 0.07826086956521738
gravy : -0.003043478260869703
instability : 46.36217391304347
