molecularweight : 42755.30889999997
pI : 7.6730024337768565
netcharge : 0.7798320131158718
aromaticity : 0.09788359788359788
gravy : -0.6584656084656083
instability : 36.95
