molecularweight : 46167.78939999995
pI : 6.352291679382325
netcharge : -2.753252528653654
aromaticity : 0.09046454767726161
gravy : -0.6222493887530559
instability : 42.86112469437653
