molecularweight : 38636.78560000007
pI : 9.770844459533691
netcharge : 15.291709632112571
aromaticity : 0.07250755287009064
gravy : -0.5791540785498485
instability : 63.48277945619336
