molecularweight : 26732.277900000023
pI : 9.385774803161617
netcharge : 7.700090892446113
aromaticity : 0.11790393013100436
gravy : -0.8406113537117902
instability : 50.763842794759825
