molecularweight : 18204.670700000002
pI : 9.544367027282714
netcharge : 6.855562198737992
aromaticity : 0.09395973154362416
gravy : -0.8993288590604035
instability : 54.71610738255033
