molecularweight : 23059.42660000002
pI : 6.632848930358888
netcharge : -0.9275723992131244
aromaticity : 0.19387755102040816
gravy : 0.36020408163265305
instability : 35.88673469387754
