molecularweight : 87621.6122000007
pI : 4.746192359924316
netcharge : -43.4271797109692
aromaticity : 0.10313315926892949
gravy : -0.6951697127937317
instability : 35.80562663185396
