molecularweight : 38083.76469999999
pI : 6.227075386047363
netcharge : -2.8173662770999854
aromaticity : 0.11594202898550723
gravy : 0.8272463768115954
instability : 36.09799999999999
