molecularweight : 68450.77800000021
pI : 5.338397789001465
netcharge : -17.61776729551154
aromaticity : 0.04340567612687813
gravy : -1.096160267111852
instability : 38.105342237061805
