molecularweight : 74586.43070000038
pI : 6.154037284851074
netcharge : -7.805396560578828
aromaticity : 0.08258258258258258
gravy : -0.2512012012012007
instability : 40.72133633633645
