molecularweight : 18625.140799999997
pI : 9.022108650207517
netcharge : 2.7206543682024034
aromaticity : 0.0625
gravy : -0.6250000000000006
instability : 41.012562499999994
