molecularweight : 39700.32880000003
pI : 6.320575523376465
netcharge : -4.192545836677979
aromaticity : 0.06303724928366762
gravy : -0.5782234957020048
instability : 48.59799426934101
