molecularweight : 90506.1045000006
pI : 4.933761024475095
netcharge : -38.85466503706297
aromaticity : 0.09554140127388536
gravy : -0.39719745222929853
instability : 43.865630573248545
