molecularweight : 14512.558599999986
pI : 10.651031303405762
netcharge : 14.744243091266801
aromaticity : 0.14166666666666666
gravy : -0.8441666666666667
instability : 37.22666666666666
