molecularweight : 12679.911099999994
pI : 9.413302803039553
netcharge : 3.765063529588927
aromaticity : 0.07407407407407407
gravy : -1.1814814814814818
instability : 47.071296296296275
