molecularweight : 11890.267699999986
pI : 9.434964179992676
netcharge : 3.5965483787419217
aromaticity : 0.04761904761904762
gravy : -0.7209523809523808
instability : 37.51619047619046
