molecularweight : 69761.13250000031
pI : 4.242883110046387
netcharge : -88.09076422924525
aromaticity : 0.07915993537964458
gravy : -0.7680129240710812
instability : 54.18174474959623
