molecularweight : 14666.774799999994
pI : 6.728167915344239
netcharge : -0.32687556690667563
aromaticity : 0.12598425196850394
gravy : -0.15433070866141727
instability : 58.888976377952744
