molecularweight : 104130.46000000075
pI : 5.240918922424315
netcharge : -28.56915505275171
aromaticity : 0.08766233766233766
gravy : -0.45422077922077814
instability : 36.48995670995686
