molecularweight : 57988.05690000004
pI : 6.50933780670166
netcharge : -1.7496494703258492
aromaticity : 0.08695652173913043
gravy : -0.5897233201581025
instability : 43.337569169960474
