molecularweight : 35721.62400000004
pI : 7.040157127380371
netcharge : 0.0876941861012952
aromaticity : 0.04281345565749235
gravy : -0.009480122324158975
instability : 39.89357798165138
