molecularweight : 54809.65270000021
pI : 6.097766685485838
netcharge : -4.622422369271327
aromaticity : 0.09552845528455284
gravy : 0.1058943089430898
instability : 40.846788617886176
