molecularweight : 76601.84780000028
pI : 7.190666770935059
netcharge : 0.5840658240513363
aromaticity : 0.061224489795918366
gravy : -0.3188046647230322
instability : 40.36823615160362
