molecularweight : 21821.678699999997
pI : 5.168051338195799
netcharge : -5.346199831450281
aromaticity : 0.08717948717948718
gravy : -0.18307692307692314
instability : 45.26512820512822
