molecularweight : 103144.29820000063
pI : 7.918538856506348
netcharge : 3.3402421051561646
aromaticity : 0.12808988764044943
gravy : 0.010786516853932466
instability : 33.70001123595516
