molecularweight : 38657.66880000007
pI : 4.897156715393066
netcharge : -16.136100258125566
aromaticity : 0.03508771929824561
gravy : -1.1669590643274856
instability : 76.25263157894742
