molecularweight : 50421.65220000008
pI : 7.900100898742676
netcharge : 2.1788331803483914
aromaticity : 0.1
gravy : 0.49347826086956575
instability : 31.517195652173914
