molecularweight : 59811.521600000044
pI : 8.999351310729981
netcharge : 8.49697968335191
aromaticity : 0.08224299065420561
gravy : -0.5085981308411205
instability : 44.66841121495331
