molecularweight : 82879.39260000043
pI : 8.67552661895752
netcharge : 8.623030329976714
aromaticity : 0.06864064602960969
gravy : -0.4419919246298771
instability : 34.983310901749725
