molecularweight : 29215.150300000023
pI : 4.823379707336425
netcharge : -13.96282181249624
aromaticity : 0.09302325581395349
gravy : -0.011240310077519423
instability : 32.04147286821705
