molecularweight : 118648.33910000067
pI : 4.338258934020996
netcharge : -131.24310960678633
aromaticity : 0.0456663560111836
gravy : -0.6632805219012112
instability : 49.82750232991636
