molecularweight : 14797.324099999985
pI : 5.398306083679199
netcharge : -3.3046056641944794
aromaticity : 0.11450381679389313
gravy : -0.4587786259541983
instability : 49.6587786259542
