molecularweight : 104655.95350000076
pI : 8.475739097595216
netcharge : 7.172872326216449
aromaticity : 0.0509683995922528
gravy : -0.05382262996941908
instability : 34.775759429154085
