molecularweight : 23482.382299999987
pI : 9.328333473205568
netcharge : 3.788623747706403
aromaticity : 0.1111111111111111
gravy : -0.1592592592592591
instability : 30.300462962962957
