molecularweight : 14122.148199999985
pI : 9.847884178161618
netcharge : 5.67837994431472
aromaticity : 0.1111111111111111
gravy : -0.037301587301587204
instability : 20.778571428571418
