molecularweight : 72859.14870000033
pI : 6.616422462463379
netcharge : -1.5564223685993284
aromaticity : 0.08255451713395638
gravy : -0.8121495327102792
instability : 47.990809968847536
