molecularweight : 58380.91100000001
pI : 9.317631721496582
netcharge : 14.302658967081996
aromaticity : 0.13953488372093023
gravy : 0.4984496124031012
instability : 37.900251937984486
