molecularweight : 119774.52550000086
pI : 5.468843269348144
netcharge : -22.788701850296576
aromaticity : 0.10371819960861056
gravy : -0.44823874755381404
instability : 44.39638943248554
