molecularweight : 27139.55300000002
pI : 5.1553762435913075
netcharge : -7.243116954073436
aromaticity : 0.09704641350210971
gravy : -0.5578059071729962
instability : 25.192827004219406
