molecularweight : 23049.0646
pI : 5.992898750305175
netcharge : -3.0179435818654774
aromaticity : 0.05797101449275362
gravy : -0.20338164251207744
instability : 48.195700483091784
