molecularweight : 13434.825399999985
pI : 6.958820533752441
netcharge : -0.06983892624143984
aromaticity : 0.08620689655172414
gravy : -0.9448275862068966
instability : 53.81034482758619
