molecularweight : 104142.01500000073
pI : 7.369027519226075
netcharge : 1.7877610958792758
aromaticity : 0.08858057630736392
gravy : -0.22902881536819658
instability : 39.85585912486678
