molecularweight : 27293.39660000003
pI : 6.272432899475096
netcharge : -1.2693983594833185
aromaticity : 0.0379746835443038
gravy : -1.538818565400844
instability : 48.05569620253165
