molecularweight : 27024.671300000027
pI : 8.552714347839355
netcharge : 2.6802470115179418
aromaticity : 0.08898305084745763
gravy : -0.4936440677966106
instability : 37.46991525423728
