molecularweight : 86987.54240000065
pI : 4.954620933532714
netcharge : -35.91810487442763
aromaticity : 0.058524173027989825
gravy : -0.602162849872773
instability : 58.08410941475849
