molecularweight : 29812.1954
pI : 6.374970436096191
netcharge : -1.969883041469874
aromaticity : 0.11194029850746268
gravy : -0.3324626865671645
instability : 28.702611940298496
