molecularweight : 59289.702400000104
pI : 8.637812614440918
netcharge : 8.459577948275864
aromaticity : 0.10192307692307692
gravy : -0.5292307692307694
instability : 38.60019230769232
