molecularweight : 28864.17350000003
pI : 5.357779884338378
netcharge : -6.121239306623213
aromaticity : 0.08461538461538462
gravy : -0.37538461538461576
instability : 54.83538461538461
