molecularweight : 33621.44940000004
pI : 5.956294441223145
netcharge : -3.927290314362061
aromaticity : 0.05369127516778524
gravy : -1.2097315436241598
instability : 40.152013422818804
