molecularweight : 25201.981700000026
pI : 5.600368690490721
netcharge : -2.3710881943610147
aromaticity : 0.0547945205479452
gravy : -0.5150684931506847
instability : 45.99821917808218
