molecularweight : 51791.22520000008
pI : 5.295825386047363
netcharge : -11.790881223924636
aromaticity : 0.07809110629067245
gravy : -0.3156182212581349
instability : 36.279609544468535
