molecularweight : 56703.99390000006
pI : 6.0099504470825185
netcharge : -6.372817005225144
aromaticity : 0.09879032258064516
gravy : -0.4643145161290316
instability : 35.808084677419345
