molecularweight : 19920.44959999998
pI : 5.393417930603028
netcharge : -5.161186342280022
aromaticity : 0.10285714285714287
gravy : -0.40571428571428586
instability : 28.92399999999999
