molecularweight : 33888.77460000003
pI : 5.712512016296387
netcharge : -3.9373618768112024
aromaticity : 0.08389261744966442
gravy : -0.04899328859060397
instability : 35.521140939597316
