molecularweight : 60099.54700000012
pI : 5.9238393783569325
netcharge : -6.608468972723372
aromaticity : 0.047619047619047616
gravy : -0.09230769230769233
instability : 47.84102564102576
