molecularweight : 24503.65920000003
pI : 6.702760887145996
netcharge : -0.8106375860125716
aromaticity : 0.11682242990654204
gravy : 0.3471962616822425
instability : 34.85280373831775
