molecularweight : 97270.80390000058
pI : 8.390705299377444
netcharge : 6.383222557454815
aromaticity : 0.08111239860950174
gravy : -0.5578215527230578
instability : 54.941263035921416
