molecularweight : 57561.54500000001
pI : 8.238753318786621
netcharge : 3.6117793044888913
aromaticity : 0.10650887573964497
gravy : -0.4958579881656807
instability : 31.545009861932947
