molecularweight : 101844.75780000065
pI : 6.100665473937987
netcharge : -7.229838735319888
aromaticity : 0.07986501687289088
gravy : -0.5958380202474675
instability : 37.34161979752547
