molecularweight : 75965.1088000003
pI : 5.055169105529784
netcharge : -38.85464498840477
aromaticity : 0.1273006134969325
gravy : -0.537116564417177
instability : 44.49742331288358
