molecularweight : 44798.571800000034
pI : 4.279203224182129
netcharge : -44.12902546403
aromaticity : 0.05837563451776649
gravy : -0.46370558375634513
instability : 42.842664974619304
