molecularweight : 35247.83580000005
pI : 5.026749610900879
netcharge : -12.986840041440033
aromaticity : 0.0670926517571885
gravy : -0.6952076677316292
instability : 44.10319488817891
