molecularweight : 16264.836699999989
pI : 6.794612693786621
netcharge : -0.30024739710813897
aromaticity : 0.11724137931034483
gravy : 0.4958620689655171
instability : 47.69386206896552
