molecularweight : 85001.54580000047
pI : 9.26953830718994
netcharge : 20.00512578306966
aromaticity : 0.07228915662650602
gravy : -0.5637215528781779
instability : 48.72103078982616
