molecularweight : 53793.339400000004
pI : 8.1198091506958
netcharge : 3.4984545024714393
aromaticity : 0.06991525423728814
gravy : -0.3800847457627119
instability : 44.523961864406786
