molecularweight : 65305.96010000009
pI : 5.4509389877319325
netcharge : -13.417519518541113
aromaticity : 0.08450704225352113
gravy : -0.27535211267605636
instability : 33.58804577464788
