molecularweight : 52274.082800000164
pI : 5.120988655090332
netcharge : -14.046947638439327
aromaticity : 0.052742616033755275
gravy : -0.5983122362869199
instability : 63.47575949367108
