molecularweight : 32685.296400000007
pI : 9.908935737609863
netcharge : 14.741289504010684
aromaticity : 0.09764309764309764
gravy : 0.018518518518518472
instability : 34.975454545454554
