molecularweight : 124765.92470000059
pI : 9.283656883239747
netcharge : 20.797475008939088
aromaticity : 0.05944055944055944
gravy : -0.9224650349650395
instability : 71.49922202797254
