molecularweight : 64860.74870000021
pI : 6.408391761779785
netcharge : -2.576169611846254
aromaticity : 0.10921501706484642
gravy : -0.1865187713310583
instability : 37.80993174061435
