molecularweight : 76659.55530000036
pI : 8.747473335266115
netcharge : 7.6158782456687675
aromaticity : 0.0549777117384844
gravy : -0.575334323922732
instability : 50.6025260029719
