molecularweight : 77732.28940000043
pI : 5.84000186920166
netcharge : -11.03083989356736
aromaticity : 0.06386066763425254
gravy : -0.6036284470246732
instability : 36.656458635704
