molecularweight : 41989.81060000011
pI : 9.505943870544431
netcharge : 10.877021831849454
aromaticity : 0.07772020725388601
gravy : -0.0497409326424869
instability : 35.032953367875635
