molecularweight : 20768.916400000002
pI : 4.957065010070799
netcharge : -7.3759402457062
aromaticity : 0.03296703296703297
gravy : -0.8692307692307691
instability : 70.31153846153845
