molecularweight : 88856.8085000005
pI : 6.306479454040528
netcharge : -5.105965818528688
aromaticity : 0.08926261319534282
gravy : -0.21461836998706357
instability : 41.05990944372592
