molecularweight : 52686.57750000004
pI : 5.088419914245605
netcharge : -20.487061491919434
aromaticity : 0.07205240174672489
gravy : -0.6141921397379908
instability : 62.2751091703058
