molecularweight : 12914.524699999984
pI : 4.972127342224121
netcharge : -5.2401278761269054
aromaticity : 0.06837606837606838
gravy : -0.04786324786324774
instability : 31.272649572649563
