molecularweight : 126114.69490000073
pI : 8.896137428283694
netcharge : 17.731233788984554
aromaticity : 0.09715857011915674
gravy : -0.5161319890009155
instability : 44.13091659028439
