molecularweight : 140194.6349000006
pI : 8.411528587341312
netcharge : 7.534123088219246
aromaticity : 0.08931419457735247
gravy : 0.1880382775119618
instability : 32.64944976076577
