molecularweight : 16765.567999999985
pI : 5.317424201965332
netcharge : -5.9873051386367155
aromaticity : 0.10884353741496598
gravy : -0.45782312925170077
instability : 46.75857142857144
