molecularweight : 42047.19330000012
pI : 8.352024269104007
netcharge : 2.1316175293720647
aromaticity : 0.0797872340425532
gravy : -0.4042553191489356
instability : 54.777925531914896
