molecularweight : 49824.697800000016
pI : 5.744057655334472
netcharge : -5.942990783198709
aromaticity : 0.08045977011494253
gravy : -0.249195402298851
instability : 46.35657471264368
