molecularweight : 15480.9984
pI : 4.265107154846191
netcharge : -14.426574533093543
aromaticity : 0.08759124087591241
gravy : -0.5489051094890512
instability : 53.87883211678832
