molecularweight : 36242.32070000009
pI : 8.647547340393068
netcharge : 3.924596298716054
aromaticity : 0.10126582278481014
gravy : -0.6680379746835442
instability : 57.593417721518996
