molecularweight : 12700.420199999986
pI : 9.575440788269042
netcharge : 6.580494503660864
aromaticity : 0.1
gravy : -0.6672727272727272
instability : 47.15636363636362
