molecularweight : 23521.6799
pI : 8.468389701843265
netcharge : 2.100593848157324
aromaticity : 0.0966183574879227
gravy : -0.26328502415458965
instability : 42.39178743961353
