molecularweight : 50285.15160000009
pI : 9.43399715423584
netcharge : 10.120715200396145
aromaticity : 0.12053571428571429
gravy : 0.34553571428571456
instability : 34.228616071428576
