molecularweight : 23657.926100000015
pI : 6.4467580795288075
netcharge : -1.1233267507542521
aromaticity : 0.0966183574879227
gravy : -0.24830917874396127
instability : 38.414541062801916
