molecularweight : 24032.62600000002
pI : 9.628111457824708
netcharge : 10.938363877721294
aromaticity : 0.05581395348837209
gravy : -0.4051162790697676
instability : 27.46841860465115
