molecularweight : 58859.89280000012
pI : 7.672831916809083
netcharge : 1.813737029508097
aromaticity : 0.1145631067961165
gravy : -0.29203883495145627
instability : 37.24038834951457
