molecularweight : 88779.44050000036
pI : 6.245434379577637
netcharge : -5.242919419157261
aromaticity : 0.08538163001293661
gravy : -0.42302716688227643
instability : 46.885291073738856
