molecularweight : 103516.74500000072
pI : 4.512640953063964
netcharge : -56.641191391112784
aromaticity : 0.07792207792207792
gravy : -0.07867965367965397
instability : 41.327380952381056
