molecularweight : 46623.97170000009
pI : 6.462786674499512
netcharge : -1.1400351844585686
aromaticity : 0.03864734299516908
gravy : -0.8980676328502399
instability : 57.41717391304353
