molecularweight : 21789.893000000015
pI : 7.772811698913575
netcharge : 0.9524396106150448
aromaticity : 0.10052910052910052
gravy : -0.4624338624338625
instability : 42.084126984126975
