molecularweight : 115890.79700000065
pI : 7.118708610534668
netcharge : 0.6375284364698075
aromaticity : 0.07722772277227723
gravy : -0.7793069306930693
instability : 45.55655445544573
