molecularweight : 17001.00119999999
pI : 9.549460029602049
netcharge : 5.760986983718022
aromaticity : 0.0821917808219178
gravy : -0.910958904109589
instability : 25.308972602739708
