molecularweight : 78202.38880000034
pI : 7.963602256774902
netcharge : 3.3621579034159765
aromaticity : 0.10267857142857142
gravy : -0.5324404761904759
instability : 39.57812500000006
