molecularweight : 16105.328899999993
pI : 4.309555244445801
netcharge : -18.281424148813578
aromaticity : 0.07857142857142857
gravy : -0.9428571428571431
instability : 45.09571428571426
