molecularweight : 28140.500500000027
pI : 5.246091270446777
netcharge : -7.265504764871132
aromaticity : 0.061224489795918366
gravy : -0.8710204081632652
instability : 51.17514285714286
