molecularweight : 34396.12040000001
pI : 5.6307775497436525
netcharge : -7.688902653954408
aromaticity : 0.0932475884244373
gravy : 0.04662379421221868
instability : 37.29517684887459
