molecularweight : 114778.71440000067
pI : 6.670646858215333
netcharge : -2.940419401244867
aromaticity : 0.07684729064039408
gravy : -0.4181280788177325
instability : 47.83852216748792
