molecularweight : 32415.14569999999
pI : 9.166259956359863
netcharge : 7.254193983319322
aromaticity : 0.18478260869565216
gravy : 0.4391304347826086
instability : 33.561666666666675
