molecularweight : 22890.585500000005
pI : 4.742782020568847
netcharge : -14.031317662045456
aromaticity : 0.12121212121212122
gravy : -0.3313131313131313
instability : 48.16924242424242
