molecularweight : 71823.71770000028
pI : 7.237502098083497
netcharge : 0.9239756350588095
aromaticity : 0.09365079365079365
gravy : -0.23634920634920592
instability : 43.03952380952388
