molecularweight : 12756.546199999982
pI : 10.282078742980957
netcharge : 8.657034804507123
aromaticity : 0.12389380530973451
gravy : -0.22654867256637173
instability : 50.72389380530972
