molecularweight : 17867.884699999988
pI : 9.244782447814941
netcharge : 3.5932605969267186
aromaticity : 0.10062893081761007
gravy : -0.5257861635220127
instability : 16.067358490566033
