molecularweight : 32154.811900000015
pI : 5.12468318939209
netcharge : -10.956093690940644
aromaticity : 0.10676156583629892
gravy : -0.4761565836298936
instability : 43.803594306049824
