molecularweight : 86877.3393000006
pI : 5.594627952575683
netcharge : -15.991767085727076
aromaticity : 0.0783289817232376
gravy : -0.6825065274151425
instability : 45.785913838120265
