molecularweight : 33410.87890000003
pI : 4.883288002014161
netcharge : -16.853714530836356
aromaticity : 0.04697986577181208
gravy : -0.19395973154362406
instability : 38.096644295302006
