molecularweight : 171462.00110000026
pI : 5.742864036560059
netcharge : -22.959104792282176
aromaticity : 0.08704318936877076
gravy : -0.4041860465116268
instability : 50.80386710963487
