molecularweight : 40303.83200000001
pI : 6.600734901428223
netcharge : -1.5266197044116012
aromaticity : 0.13753581661891118
gravy : -0.03753581661891115
instability : 31.955902578796557
