molecularweight : 121494.14610000074
pI : 5.083759117126463
netcharge : -35.74997912965428
aromaticity : 0.06027397260273973
gravy : -0.4310502283105016
instability : 52.95736073059391
