molecularweight : 73764.9125000001
pI : 6.876176643371582
netcharge : -0.6970876260154171
aromaticity : 0.06307692307692309
gravy : -1.000153846153847
instability : 62.876630769231035
