molecularweight : 64284.0927000002
pI : 6.914201927185059
netcharge : -0.3157432911083191
aromaticity : 0.10619469026548672
gravy : -0.0968141592920355
instability : 39.482831858407096
