molecularweight : 92463.93530000054
pI : 6.525934791564941
netcharge : -3.5824615863442517
aromaticity : 0.07840772014475271
gravy : -0.2881785283474059
instability : 44.904246079614225
