molecularweight : 83460.23660000053
pI : 8.91831455230713
netcharge : 10.687654419088219
aromaticity : 0.09066305818673884
gravy : -0.353044654939107
instability : 46.55415426251705
