molecularweight : 22384.555100000016
pI : 9.890691184997557
netcharge : 15.853443350515846
aromaticity : 0.05050505050505051
gravy : -0.5368686868686875
instability : 43.68333333333332
