molecularweight : 18413.342799999988
pI : 4.823152351379394
netcharge : -6.420619004815636
aromaticity : 0.0787878787878788
gravy : -0.5121212121212121
instability : 45.04848484848484
