molecularweight : 13246.10099999998
pI : 10.626984596252441
netcharge : 9.995587047544774
aromaticity : 0.10434782608695653
gravy : -0.38260869565217387
instability : 52.4878260869565
