molecularweight : 55328.7994000001
pI : 8.847915077209475
netcharge : 7.375915205184356
aromaticity : 0.09650924024640657
gravy : -0.481724845995893
instability : 44.00043121149898
