molecularweight : 58272.97930000013
pI : 5.883313179016112
netcharge : -5.776861251422844
aromaticity : 0.040968342644320296
gravy : -0.1454376163873374
instability : 33.02925512104282
