molecularweight : 61589.631300000154
pI : 6.056501579284667
netcharge : -4.717802908353121
aromaticity : 0.08592321755027421
gravy : -0.2886654478976232
instability : 33.152650822669095
