molecularweight : 47476.92370000001
pI : 5.776058006286621
netcharge : -13.552857884147222
aromaticity : 0.07582938388625593
gravy : -0.7473933649289091
instability : 48.67867298578198
