molecularweight : 89212.40520000059
pI : 6.503994941711425
netcharge : -2.435557417347951
aromaticity : 0.06296296296296297
gravy : -0.09888888888888916
instability : 35.07481481481491
