molecularweight : 13285.950199999981
pI : 9.19469051361084
netcharge : 5.155205427508829
aromaticity : 0.05042016806722689
gravy : -0.6571428571428571
instability : 72.63361344537817
