molecularweight : 14167.029599999985
pI : 5.241259956359862
netcharge : -5.186367784228414
aromaticity : 0.13008130081300814
gravy : -0.0552845528455285
instability : 36.13577235772356
