molecularweight : 32934.637600000045
pI : 9.335876274108887
netcharge : 11.78108494039206
aromaticity : 0.06312292358803986
gravy : -0.08438538205980059
instability : 36.907973421926904
