molecularweight : 39897.19730000005
pI : 4.9790048599243155
netcharge : -17.527122751097018
aromaticity : 0.09418282548476455
gravy : -0.2041551246537397
instability : 30.950969529085864
