molecularweight : 123791.02250000065
pI : 4.658830833435059
netcharge : -75.4983052294232
aromaticity : 0.10402999062792877
gravy : -0.4423617619493899
instability : 42.636101218369475
