molecularweight : 71216.59820000018
pI : 7.551423835754395
netcharge : 1.5094239399990386
aromaticity : 0.075
gravy : -0.28906250000000006
instability : 39.06578125000005
