molecularweight : 54909.09120000019
pI : 6.699293708801269
netcharge : -1.3253475812502131
aromaticity : 0.13429752066115702
gravy : 0.06157024793388441
instability : 45.15669421487606
