molecularweight : 50718.5399
pI : 9.503687477111818
netcharge : 18.460346330892758
aromaticity : 0.12472160356347439
gravy : 0.21336302895322912
instability : 38.33543429844098
