molecularweight : 19123.88599999999
pI : 9.24555606842041
netcharge : 4.038710804206332
aromaticity : 0.08823529411764705
gravy : -0.17352941176470593
instability : 33.8170588235294
