molecularweight : 42591.73700000001
pI : 8.392961692810061
netcharge : 4.02270635738946
aromaticity : 0.07506702412868632
gravy : -0.6227882037533515
instability : 31.563029490616607
