molecularweight : 50574.518300000054
pI : 6.415439796447754
netcharge : -3.9153105543975926
aromaticity : 0.0904977375565611
gravy : -0.2228506787330321
instability : 41.86923076923077
