molecularweight : 33624.35490000006
pI : 6.07849826812744
netcharge : -3.8246363473352396
aromaticity : 0.12811387900355872
gravy : -0.24448398576512456
instability : 46.45167259786477
