molecularweight : 13316.29769999998
pI : 9.746862220764157
netcharge : 7.89051288184128
aromaticity : 0.13559322033898305
gravy : 0.14152542372881374
instability : 57.41779661016949
