molecularweight : 47998.20320000004
pI : 9.675108909606934
netcharge : 16.947136024676787
aromaticity : 0.09929078014184398
gravy : -0.5541371158392427
instability : 48.923924349881794
