molecularweight : 55026.19900000001
pI : 5.22130947113037
netcharge : -17.256411401813644
aromaticity : 0.15138592750533048
gravy : -0.4754797441364603
instability : 37.312025586353926
