molecularweight : 17617.09379999999
pI : 5.92497615814209
netcharge : -2.226423866825492
aromaticity : 0.06172839506172839
gravy : -0.026543209876543235
instability : 38.77716049382716
