molecularweight : 124166.66640000074
pI : 9.776840019226071
netcharge : 51.60076193200089
aromaticity : 0.10198300283286119
gravy : -0.4110481586402261
instability : 43.463748819641346
