molecularweight : 69791.51730000027
pI : 6.151309013366698
netcharge : -6.925972250917809
aromaticity : 0.08931419457735247
gravy : -0.19298245614035128
instability : 42.653923444976165
