molecularweight : 97163.94410000066
pI : 7.690167808532716
netcharge : 2.2377640147751947
aromaticity : 0.06689342403628118
gravy : -0.6512471655328818
instability : 49.93321995464884
