molecularweight : 57970.292000000125
pI : 7.641058921813964
netcharge : 1.2172358426843033
aromaticity : 0.04798464491362764
gravy : -0.6291746641074852
instability : 32.30287907869479
