molecularweight : 62839.475500000146
pI : 8.667468070983887
netcharge : 6.386673710134524
aromaticity : 0.13345195729537368
gravy : -0.1604982206405693
instability : 48.58862989323859
