molecularweight : 28532.176100000015
pI : 5.188627052307127
netcharge : -8.039573303065197
aromaticity : 0.10714285714285714
gravy : -0.22341269841269853
instability : 24.50357142857141
