molecularweight : 45486.62880000006
pI : 6.085944175720214
netcharge : -5.481536328595034
aromaticity : 0.17894736842105263
gravy : -0.605263157894737
instability : 34.78952631578948
