molecularweight : 56390.1393000001
pI : 5.5947984695434565
netcharge : -6.0254240282136635
aromaticity : 0.10039370078740159
gravy : -0.3
instability : 47.75159448818903
