molecularweight : 130236.79090000072
pI : 5.899967002868652
netcharge : -13.440299199661538
aromaticity : 0.07149084568439407
gravy : -0.6319965126416772
instability : 61.76931124673096
