molecularweight : 22125.628999999994
pI : 6.897661781311036
netcharge : -0.16241544003301556
aromaticity : 0.09547738693467336
gravy : -0.3829145728643218
instability : 29.126130653266333
