molecularweight : 87630.15630000045
pI : 8.850171470642092
netcharge : 9.551474992240415
aromaticity : 0.05994897959183673
gravy : -0.5487244897959164
instability : 42.232436224490016
