molecularweight : 35970.325800000035
pI : 5.197891807556151
netcharge : -12.687325395626083
aromaticity : 0.08832807570977919
gravy : -0.3561514195583599
instability : 43.30255520504731
