molecularweight : 40114.56370000002
pI : 4.819685173034667
netcharge : -19.530575295712843
aromaticity : 0.1270718232044199
gravy : 0.2817679558011044
instability : 27.789779005524856
