molecularweight : 21171.663699999997
pI : 6.1866060256958
netcharge : -2.8528794953760297
aromaticity : 0.096045197740113
gravy : -1.0847457627118648
instability : 42.74632768361582
