molecularweight : 70874.98180000024
pI : 6.395489311218263
netcharge : -3.2799489141173552
aromaticity : 0.06406250000000001
gravy : -0.5087499999999983
instability : 45.068921875000086
