molecularweight : 45459.02350000006
pI : 5.539153099060058
netcharge : -5.173173958455614
aromaticity : 0.0827250608272506
gravy : -0.16350364963503652
instability : 32.185401459854006
