molecularweight : 33320.98780000003
pI : 5.133947944641112
netcharge : -9.239524695146429
aromaticity : 0.1111111111111111
gravy : -0.4781144781144787
instability : 23.688215488215487
