molecularweight : 48799.79900000005
pI : 5.033968162536621
netcharge : -15.017297520732185
aromaticity : 0.0867579908675799
gravy : -0.299086757990868
instability : 29.338356164383555
