molecularweight : 250241.7133999991
pI : 5.980394172668457
netcharge : -26.09233312206129
aromaticity : 0.08325872873769025
gravy : -0.2371530886302587
instability : 37.48711280214894
