molecularweight : 104579.07070000094
pI : 8.133411979675294
netcharge : 4.986836850254846
aromaticity : 0.10363247863247863
gravy : 0.16100427350427363
instability : 39.00364316239336
