molecularweight : 66684.80790000025
pI : 9.701863288879395
netcharge : 38.69469816386159
aromaticity : 0.06281833616298813
gravy : -0.6181663837011883
instability : 58.9307470288627
