molecularweight : 44350.302100000124
pI : 5.532275581359862
netcharge : -10.517182065029623
aromaticity : 0.04477611940298507
gravy : -0.7599502487562187
instability : 66.11942786069662
