molecularweight : 11988.760499999988
pI : 8.863065147399901
netcharge : 2.6525064367899063
aromaticity : 0.11428571428571428
gravy : -0.042857142857142816
instability : 31.412380952380932
