molecularweight : 26775.16000000002
pI : 8.820451545715333
netcharge : 3.888181657406392
aromaticity : 0.1652542372881356
gravy : 0.6216101694915251
instability : 28.70427966101693
