molecularweight : 79121.38340000046
pI : 6.822293281555175
netcharge : -0.9473883263338081
aromaticity : 0.09812409812409813
gravy : -0.4057720057720045
instability : 39.770880230880316
