molecularweight : 48907.66660000004
pI : 8.50842456817627
netcharge : 5.411687904755581
aromaticity : 0.08775981524249422
gravy : -0.6528868360277132
instability : 56.82193995381072
