molecularweight : 51395.690900000074
pI : 6.25236873626709
netcharge : -8.82559033833732
aromaticity : 0.06222222222222222
gravy : -0.9039999999999981
instability : 45.90599999999999
