molecularweight : 33236.658300000025
pI : 6.1469324111938475
netcharge : -3.721643302425832
aromaticity : 0.12244897959183675
gravy : -0.591836734693878
instability : 41.92214285714284
