molecularweight : 23885.83570000001
pI : 4.936205101013182
netcharge : -9.173545937657412
aromaticity : 0.06363636363636363
gravy : -0.1804545454545456
instability : 38.96636363636363
