molecularweight : 79937.26520000027
pI : 5.731780433654786
netcharge : -11.322242945364707
aromaticity : 0.08640226628895184
gravy : -0.1992917847025495
instability : 44.64107648725226
