molecularweight : 12932.968699999981
pI : 11.494342231750487
netcharge : 16.82109267228671
aromaticity : 0.07758620689655173
gravy : -0.3793103448275862
instability : 33.076724137931016
