molecularweight : 61898.23860000014
pI : 4.873795890808105
netcharge : -25.611434434366373
aromaticity : 0.06654676258992806
gravy : -0.3000000000000001
instability : 34.836169064748205
