molecularweight : 62499.34740000006
pI : 4.910229682922362
netcharge : -19.09177396002088
aromaticity : 0.10555555555555556
gravy : -0.3879629629629628
instability : 44.74555555555562
