molecularweight : 13024.887999999992
pI : 9.86780490875244
netcharge : 6.591446395389017
aromaticity : 0.13157894736842105
gravy : -0.23508771929824562
instability : 46.94473684210525
