molecularweight : 81737.74350000036
pI : 9.163358879089355
netcharge : 14.407925713610993
aromaticity : 0.05761316872427984
gravy : -0.779423868312756
instability : 58.478340192044115
