molecularweight : 37402.53130000005
pI : 6.098221397399901
netcharge : -3.7637498887314464
aromaticity : 0.057803468208092484
gravy : -0.06531791907514446
instability : 24.64768786127167
