molecularweight : 21235.490400000017
pI : 10.940881156921385
netcharge : 22.93104502106916
aromaticity : 0.1021505376344086
gravy : -0.3053763440860214
instability : 40.99301075268817
