molecularweight : 153337.65869999985
pI : 4.0500284194946286
netcharge : -143.99058927681554
aromaticity : 0.08356545961002786
gravy : -0.23412256267409315
instability : 26.663307799443093
