molecularweight : 33853.93820000003
pI : 7.746665763854981
netcharge : 0.970687303900732
aromaticity : 0.12040133779264214
gravy : -0.407692307692308
instability : 30.295083612040138
