molecularweight : 63736.92370000019
pI : 5.760938835144043
netcharge : -13.74047599151838
aromaticity : 0.06782608695652174
gravy : -0.2036521739130436
instability : 39.824347826087
