molecularweight : 87711.43360000032
pI : 5.094444847106933
netcharge : -28.143828464833817
aromaticity : 0.05889884763124199
gravy : -0.8222791293213826
instability : 41.62382842509618
