molecularweight : 44252.30790000007
pI : 8.970082664489748
netcharge : 7.3702598861880375
aromaticity : 0.11671087533156499
gravy : -0.4413793103448273
instability : 60.31697612732099
