molecularweight : 293967.527000002
pI : 6.014724922180174
netcharge : -29.308198055584228
aromaticity : 0.08993082244427364
gravy : -0.21925441967716974
instability : 42.84481168332077
