molecularweight : 24262.058900000022
pI : 5.039026832580566
netcharge : -6.391926400959665
aromaticity : 0.09259259259259259
gravy : -0.3472222222222222
instability : 27.65416666666665
