molecularweight : 28995.289000000008
pI : 5.671133232116699
netcharge : -3.22949867134756
aromaticity : 0.12741312741312744
gravy : -0.17335907335907363
instability : 43.9120077220077
