molecularweight : 47446.47040000008
pI : 5.814253807067872
netcharge : -3.2639465571724173
aromaticity : 0.11583924349881797
gravy : 0.5704491725768329
instability : 34.9595744680851
