molecularweight : 83379.9212000005
pI : 5.205906105041502
netcharge : -24.16468680301736
aromaticity : 0.07287449392712551
gravy : -0.9908232118758438
instability : 66.39259109311769
