molecularweight : 92538.76300000059
pI : 6.013644981384277
netcharge : -9.880073786886172
aromaticity : 0.09113300492610837
gravy : -0.2817733990147779
instability : 46.460233990147955
