molecularweight : 36677.24170000006
pI : 5.478903770446778
netcharge : -6.11619156886519
aromaticity : 0.07076923076923078
gravy : -0.38615384615384635
instability : 37.376000000000005
