molecularweight : 46347.58930000001
pI : 5.7656564712524405
netcharge : -6.7147108641509945
aromaticity : 0.07990867579908675
gravy : -0.12648401826484035
instability : 39.13675799086757
