molecularweight : 40417.4141
pI : 7.65185832977295
netcharge : 0.9441378779244971
aromaticity : 0.07547169811320754
gravy : -0.27520215633423234
instability : 29.83504043126685
