molecularweight : 38291.57360000003
pI : 9.356119346618652
netcharge : 13.143750068486376
aromaticity : 0.17664670658682635
gravy : 0.44880239520957993
instability : 30.12371257485028
