molecularweight : 17192.417599999993
pI : 6.742775535583497
netcharge : -0.33557238072495466
aromaticity : 0.09523809523809523
gravy : -0.7251700680272115
instability : 52.708163265306126
