molecularweight : 23879.524400000017
pI : 5.01811008453369
netcharge : -9.182238532843751
aromaticity : 0.043478260869565216
gravy : -0.788405797101449
instability : 50.11352657004831
