molecularweight : 63090.3216000001
pI : 4.821276664733887
netcharge : -36.914118040591276
aromaticity : 0.059245960502693
gravy : -1.040215439856374
instability : 65.47434470377041
