molecularweight : 27183.563500000004
pI : 6.608351325988769
netcharge : -0.7731651500060295
aromaticity : 0.05263157894736842
gravy : -0.22874493927125525
instability : 41.09433198380567
