molecularweight : 12381.56809999999
pI : 4.4558019638061515
netcharge : -9.445720727542636
aromaticity : 0.07272727272727272
gravy : -0.740909090909091
instability : 39.194545454545455
