molecularweight : 47780.933400000045
pI : 6.684174537658691
netcharge : -0.8681679783240597
aromaticity : 0.08450704225352113
gravy : -0.31197183098591585
instability : 32.50868544600939
