molecularweight : 36597.49560000006
pI : 8.799112510681152
netcharge : 4.533962621334872
aromaticity : 0.09567901234567901
gravy : 0.21975308641975277
instability : 37.39567901234567
