molecularweight : 42188.73670000005
pI : 4.552712440490722
netcharge : -29.845899324390317
aromaticity : 0.07317073170731708
gravy : -0.15501355013550128
instability : 40.81490514905148
