molecularweight : 43863.32059999998
pI : 5.79453067779541
netcharge : -4.975146344451609
aromaticity : 0.09390862944162437
gravy : -0.21624365482233515
instability : 33.74263959390862
