molecularweight : 41078.590300000025
pI : 8.35041255950928
netcharge : 3.716232992362407
aromaticity : 0.04087193460490463
gravy : -0.8346049046321523
instability : 59.41580381471395
