molecularweight : 75864.7292000004
pI : 5.139177131652831
netcharge : -20.62171125797319
aromaticity : 0.0962406015037594
gravy : -0.5036090225563894
instability : 47.54139849624072
