molecularweight : 73886.08510000024
pI : 5.239156913757324
netcharge : -15.576487615048471
aromaticity : 0.11645962732919254
gravy : 0.04301242236024817
instability : 44.743183229813724
