molecularweight : 23319.848500000007
pI : 9.864259147644042
netcharge : 10.651363873973882
aromaticity : 0.08695652173913043
gravy : 0.051690821256038286
instability : 47.83671497584542
