molecularweight : 40962.290200000134
pI : 5.678181266784668
netcharge : -6.837529569431396
aromaticity : 0.05817174515235457
gravy : -0.8952908587257615
instability : 44.47285318559557
