molecularweight : 91652.19680000053
pI : 8.534985542297363
netcharge : 6.665927374936857
aromaticity : 0.09665427509293681
gravy : -0.2250309789343252
instability : 35.60582403965313
