molecularweight : 88760.8710000005
pI : 9.046671104431152
netcharge : 18.418598657224123
aromaticity : 0.08256880733944955
gravy : -0.9512450851900391
instability : 42.25137614678915
