molecularweight : 21153.111999999994
pI : 4.441705894470215
netcharge : -15.19575735957661
aromaticity : 0.09523809523809523
gravy : -0.36878306878306866
instability : 43.98412698412697
