molecularweight : 38204.16110000003
pI : 6.0254106521606445
netcharge : -5.479405162971091
aromaticity : 0.06358381502890173
gravy : -0.2473988439306361
instability : 20.268208092485544
