molecularweight : 35007.58990000005
pI : 10.386839866638184
netcharge : 26.222009902827423
aromaticity : 0.02922077922077922
gravy : -0.8724025974025964
instability : 59.127272727272725
