molecularweight : 46710.639599999995
pI : 6.283516502380372
netcharge : -3.5869366953245674
aromaticity : 0.06220095693779905
gravy : -0.7789473684210517
instability : 47.97081339712917
