molecularweight : 29460.98420000005
pI : 5.489760017395019
netcharge : -6.902741322388174
aromaticity : 0.09923664122137404
gravy : -0.3125954198473286
instability : 40.891641221374044
