molecularweight : 36693.14500000004
pI : 6.174044609069824
netcharge : -2.8840692638102894
aromaticity : 0.10303030303030303
gravy : -0.24181818181818224
instability : 32.61333333333333
