molecularweight : 29221.322900000014
pI : 4.556350135803222
netcharge : -20.090669504940433
aromaticity : 0.08745247148288973
gravy : -0.29961977186311795
instability : 43.750988593155896
