molecularweight : 47286.49590000007
pI : 8.253645515441896
netcharge : 2.3253757763538587
aromaticity : 0.09785202863961813
gravy : -0.6064439140811456
instability : 40.11312649164675
