molecularweight : 44505.35790000003
pI : 6.33370532989502
netcharge : -3.458177449436839
aromaticity : 0.08478802992518703
gravy : -0.16084788029925215
instability : 38.04812967581048
