molecularweight : 32976.27270000006
pI : 5.9137788772583
netcharge : -5.6163690325815345
aromaticity : 0.1262798634812287
gravy : 0.10819112627986327
instability : 26.67440273037542
