molecularweight : 22307.8909
pI : 6.8013765335083
netcharge : -0.26475572043682405
aromaticity : 0.035175879396984924
gravy : -1.0221105527638192
instability : 42.4572864321608
