molecularweight : 80825.09730000039
pI : 6.896183967590333
netcharge : -0.6071481770385105
aromaticity : 0.08587257617728532
gravy : -0.5036011080332395
instability : 45.194349030471045
