molecularweight : 70999.61060000041
pI : 7.588596534729006
netcharge : 1.6956365270086167
aromaticity : 0.11269841269841269
gravy : -0.3792063492063492
instability : 46.04176190476205
