molecularweight : 112788.67260000069
pI : 4.604947471618652
netcharge : -87.92670696735692
aromaticity : 0.04800817160367722
gravy : -1.1069458631256386
instability : 56.69224719101155
