molecularweight : 155323.78509999992
pI : 4.4439794540405275
netcharge : -111.61720752338441
aromaticity : 0.06056338028169014
gravy : -0.6923943661971831
instability : 55.14514788732435
