molecularweight : 34324.204400000046
pI : 4.639960289001464
netcharge : -21.07810389506161
aromaticity : 0.09427609427609428
gravy : -0.5956228956228958
instability : 51.49461279461279
