molecularweight : 82952.11010000046
pI : 6.962344551086425
netcharge : -0.15550593585541606
aromaticity : 0.11312849162011174
gravy : -0.08170391061452521
instability : 43.01497206703921
