molecularweight : 74615.31140000043
pI : 4.5216783523559565
netcharge : -58.721147884555535
aromaticity : 0.07228915662650603
gravy : -1.0631024096385535
instability : 56.32878012048206
