molecularweight : 31267.39030000003
pI : 9.603097724914551
netcharge : 14.674586490657113
aromaticity : 0.11026615969581749
gravy : -0.9357414448669202
instability : 49.367680608365
