molecularweight : 33661.40590000006
pI : 9.348898887634277
netcharge : 12.28784816215579
aromaticity : 0.07070707070707072
gravy : -1.0872053872053868
instability : 57.48656565656566
