molecularweight : 97890.64550000055
pI : 5.728767967224122
netcharge : -13.131241061837358
aromaticity : 0.07799767171129221
gravy : -0.2931315483119908
instability : 48.11048894062888
