molecularweight : 89056.45730000056
pI : 8.375684165954592
netcharge : 4.411392507469444
aromaticity : 0.15325670498084293
gravy : 0.30229885057471306
instability : 30.12738186462329
