molecularweight : 112643.76810000087
pI : 5.862907981872558
netcharge : -15.354673860841928
aromaticity : 0.06406406406406406
gravy : -0.6473473473473461
instability : 36.07337337337349
