molecularweight : 61986.21040000016
pI : 5.972720909118652
netcharge : -4.7433197907894495
aromaticity : 0.06548672566371681
gravy : -0.6118584070796456
instability : 65.24300884955778
