molecularweight : 16242.760199999986
pI : 10.29336071014404
netcharge : 20.598300532493276
aromaticity : 0.07092198581560284
gravy : -0.7517730496453904
instability : 37.79645390070921
