molecularweight : 43438.423500000026
pI : 9.17889575958252
netcharge : 8.048699161375204
aromaticity : 0.10372340425531915
gravy : -0.7146276595744676
instability : 42.645505319148945
