molecularweight : 59947.342600000076
pI : 7.46917781829834
netcharge : 1.106138877911306
aromaticity : 0.13358778625954199
gravy : 0.2501908396946568
instability : 35.58606870229007
