molecularweight : 86585.03420000046
pI : 8.426872062683106
netcharge : 7.4259627001769815
aromaticity : 0.10505319148936171
gravy : -0.37127659574467986
instability : 48.59308510638314
