molecularweight : 94594.53700000062
pI : 6.139145469665528
netcharge : -7.842404853992434
aromaticity : 0.06707317073170732
gravy : -0.8571951219512195
instability : 45.76684146341482
