molecularweight : 11691.797999999995
pI : 9.51703243255615
netcharge : 3.75812832432098
aromaticity : 0.07476635514018691
gravy : -0.5084112149532709
instability : 41.40841121495326
