molecularweight : 56267.18280000004
pI : 5.4964101791381825
netcharge : -12.644731449600698
aromaticity : 0.06981519507186858
gravy : -0.6585215605749483
instability : 50.45648870636556
