molecularweight : 59672.561400000166
pI : 4.631150245666503
netcharge : -22.995802988772944
aromaticity : 0.09659090909090909
gravy : -0.12253787878787877
instability : 41.995833333333366
