molecularweight : 57264.256900000015
pI : 7.498449897766113
netcharge : 1.0178627171377457
aromaticity : 0.13461538461538464
gravy : 0.5084615384615395
instability : 37.529480769230766
