molecularweight : 129852.11760000081
pI : 6.05019245147705
netcharge : -11.423070036401668
aromaticity : 0.0835509138381201
gravy : -0.6456919060052217
instability : 41.44248041775486
