molecularweight : 98799.18540000064
pI : 7.8019800186157235
netcharge : 2.560459544202857
aromaticity : 0.07772621809744779
gravy : -0.4319025522041755
instability : 35.00035962877038
