molecularweight : 136362.17430000054
pI : 5.808626747131348
netcharge : -18.21262886468091
aromaticity : 0.09578860445912468
gravy : -0.4296449215524339
instability : 49.5274236168459
