molecularweight : 147075.02240000048
pI : 4.9013059616088865
netcharge : -57.46290989296054
aromaticity : 0.103125
gravy : -0.39656249999999904
instability : 49.23150781250026
