molecularweight : 85777.65270000054
pI : 7.955866050720215
netcharge : 3.979965772101366
aromaticity : 0.07692307692307693
gravy : -0.3235897435897436
instability : 41.51398717948734
