molecularweight : 26994.259300000027
pI : 9.116490364074707
netcharge : 3.9401074436934636
aromaticity : 0.08571428571428572
gravy : -0.23673469387755097
instability : 48.46620408163265
