molecularweight : 85920.91680000041
pI : 6.288802528381347
netcharge : -5.798496816294772
aromaticity : 0.10131578947368422
gravy : -0.31684210526315804
instability : 36.25369736842114
