molecularweight : 280879.33700000035
pI : 8.978270149230958
netcharge : 33.798180364519965
aromaticity : 0.10795220436753193
gravy : -0.44639472599917834
instability : 47.90363823650629
