molecularweight : 75211.93670000034
pI : 6.8562829971313475
netcharge : -0.5362049647919918
aromaticity : 0.12280701754385964
gravy : 0.46169590643275005
instability : 37.82530701754391
