molecularweight : 134169.64490000045
pI : 5.654252052307128
netcharge : -16.088881585710766
aromaticity : 0.0845771144278607
gravy : -0.2551409618573789
instability : 32.54917081260388
