molecularweight : 45451.598899999975
pI : 6.153412055969238
netcharge : -2.9178737289134062
aromaticity : 0.09535452322738386
gravy : -0.38655256723716447
instability : 24.3914914425428
