molecularweight : 40348.848800000094
pI : 5.150999641418456
netcharge : -15.515792023516134
aromaticity : 0.10057471264367816
gravy : -0.22701149425287365
instability : 41.683908045977
