molecularweight : 34708.80660000002
pI : 7.124506187438965
netcharge : 0.29030609185677747
aromaticity : 0.11147540983606558
gravy : -0.4639344262295086
instability : 29.984655737704916
