molecularweight : 36419.862600000095
pI : 6.730611991882324
netcharge : -0.7489019336017932
aromaticity : 0.04229607250755287
gravy : -0.9383685800604226
instability : 52.091238670694864
