molecularweight : 32165.239100000053
pI : 4.487972831726075
netcharge : -23.046850840179037
aromaticity : 0.08421052631578947
gravy : -0.15999999999999998
instability : 46.85122807017542
