molecularweight : 46387.45610000008
pI : 5.314298057556152
netcharge : -9.918955172917443
aromaticity : 0.09466019417475728
gravy : -0.26504854368932085
instability : 20.85800970873786
