molecularweight : 69258.1112000003
pI : 5.210851097106932
netcharge : -19.433958660775062
aromaticity : 0.0972447325769854
gravy : -0.42625607779578617
instability : 37.33388978930311
