molecularweight : 38865.4135
pI : 7.066246223449707
netcharge : 0.15864127502429426
aromaticity : 0.08430232558139536
gravy : -0.23459302325581408
instability : 34.31953488372092
