molecularweight : 40405.80410000003
pI : 7.624916648864747
netcharge : 1.6656482902626948
aromaticity : 0.10410958904109589
gravy : -0.47479452054794546
instability : 31.818931506849303
