molecularweight : 36300.21960000002
pI : 8.643034553527833
netcharge : 3.1433714754995776
aromaticity : 0.09967845659163987
gravy : -0.5610932475884244
instability : 34.13893890675241
