molecularweight : 18606.111999999997
pI : 7.9215688705444345
netcharge : 0.8788347985686897
aromaticity : 0.07185628742514971
gravy : -0.33473053892215576
instability : 44.23592814371257
