molecularweight : 84388.51870000051
pI : 5.259959983825683
netcharge : -18.39527617983157
aromaticity : 0.06870229007633588
gravy : -0.0793893129770996
instability : 25.795928753180643
