molecularweight : 15937.52009999999
pI : 10.844178581237792
netcharge : 22.65245917763974
aromaticity : 0.06206896551724138
gravy : -0.49931034482758596
instability : 21.697241379310334
