molecularweight : 38957.01269999997
pI : 5.171802711486815
netcharge : -10.954308786882287
aromaticity : 0.12238805970149254
gravy : -0.415522388059702
instability : 49.63883582089547
