molecularweight : 45581.80600000005
pI : 9.22705364227295
netcharge : 14.473930474510311
aromaticity : 0.09571788413098237
gravy : -0.3899244332493697
instability : 48.03803526448362
