molecularweight : 110665.1161000008
pI : 7.674252891540529
netcharge : 3.587913412694391
aromaticity : 0.10298661174047374
gravy : -0.2739443872296607
instability : 43.46530381050482
