molecularweight : 12755.67609999999
pI : 9.36456470489502
netcharge : 6.64613358785636
aromaticity : 0.09009009009009009
gravy : -0.37657657657657645
instability : 42.308198198198184
