molecularweight : 60778.90120000012
pI : 8.757336997985842
netcharge : 7.235449730159061
aromaticity : 0.07803992740471868
gravy : -0.4103448275862065
instability : 49.03232304900191
