molecularweight : 111343.68740000055
pI : 6.117546653747558
netcharge : -12.740133012082978
aromaticity : 0.09597523219814241
gravy : -0.5415892672858603
instability : 47.875541795665825
