molecularweight : 34446.8984
pI : 5.2148866653442365
netcharge : -7.101220785701404
aromaticity : 0.048484848484848485
gravy : 0.21575757575757565
instability : 29.49393939393938
