molecularweight : 56941.92820000004
pI : 7.601953697204592
netcharge : 0.9221409341355411
aromaticity : 0.0610236220472441
gravy : -0.9574803149606284
instability : 49.66362204724419
