molecularweight : 52434.016800000085
pI : 5.153841590881346
netcharge : -15.582484214102543
aromaticity : 0.06823027718550106
gravy : -0.14200426439232408
instability : 36.772494669509584
