molecularweight : 78997.89200000039
pI : 8.183632850646973
netcharge : 4.1389040926102325
aromaticity : 0.10510948905109489
gravy : -0.3797080291970806
instability : 54.97900729927024
