molecularweight : 41616.83530000007
pI : 8.270858573913575
netcharge : 2.5260340359705644
aromaticity : 0.12568306010928962
gravy : 0.1942622950819668
instability : 38.496775956284154
