molecularweight : 186669.9604000001
pI : 6.677240180969239
netcharge : -3.881893699762145
aromaticity : 0.07239263803680981
gravy : -0.6958282208588985
instability : 45.243128834356206
