molecularweight : 24061.563500000037
pI : 9.26070613861084
netcharge : 7.6824844343789
aromaticity : 0.061611374407582936
gravy : -0.5706161137440763
instability : 44.56682464454975
