molecularweight : 36353.23320000003
pI : 9.312603187561034
netcharge : 9.454618533893186
aromaticity : 0.1398176291793313
gravy : 0.540729483282675
instability : 22.363556231003034
