molecularweight : 163898.4929000007
pI : 5.087737846374511
netcharge : -50.028317716823636
aromaticity : 0.08821502412129566
gravy : -0.35830461750516823
instability : 49.40713301171636
