molecularweight : 42640.7167000001
pI : 5.118487739562987
netcharge : -11.866931753923403
aromaticity : 0.08226221079691518
gravy : -0.12853470437017991
instability : 26.958097686375307
