molecularweight : 42963.773400000035
pI : 5.297360038757325
netcharge : -12.705445780433763
aromaticity : 0.07407407407407407
gravy : -0.6203703703703698
instability : 41.43179894179894
