molecularweight : 33280.91150000002
pI : 6.299260902404785
netcharge : -2.7246581004610704
aromaticity : 0.14381270903010035
gravy : -0.36555183946488323
instability : 33.947892976588626
