molecularweight : 41226.580700000064
pI : 9.296421623229982
netcharge : 7.928042372312802
aromaticity : 0.03835616438356164
gravy : -1.3649315068493146
instability : 72.39205479452066
