molecularweight : 41404.988300000055
pI : 5.1710638046264625
netcharge : -11.960253096794254
aromaticity : 0.04619565217391304
gravy : -0.7350543478260861
instability : 67.79510869565225
