molecularweight : 65289.51510000027
pI : 5.628333473205566
netcharge : -11.34608775816362
aromaticity : 0.12302284710017575
gravy : -0.31001757469244223
instability : 42.7401054481547
