molecularweight : 38631.7877
pI : 9.332910728454593
netcharge : 14.179523333684294
aromaticity : 0.09036144578313253
gravy : -0.7123493975903609
instability : 28.991566265060243
