molecularweight : 21897.481299999996
pI : 8.68010387420654
netcharge : 2.66931304234771
aromaticity : 0.09844559585492228
gravy : 0.14611398963730532
instability : 40.80678756476683
