molecularweight : 15781.896499999984
pI : 9.909451484680176
netcharge : 9.673777338289444
aromaticity : 0.09027777777777778
gravy : -0.21666666666666656
instability : 35.97916666666664
