molecularweight : 63669.87430000011
pI : 7.867093086242677
netcharge : 2.4069004127065625
aromaticity : 0.08391608391608392
gravy : -0.3159090909090909
instability : 38.49040209790215
