molecularweight : 14942.778299999985
pI : 5.430874824523924
netcharge : -3.3243962860372562
aromaticity : 0.11538461538461539
gravy : -0.4500000000000001
instability : 49.44315384615385
