molecularweight : 53766.971000000085
pI : 7.943423652648927
netcharge : 1.7833331952858913
aromaticity : 0.12295081967213115
gravy : 0.7073770491803284
instability : 28.92356557377048
