molecularweight : 12504.990099999988
pI : 7.763887977600098
netcharge : 0.4942665765554288
aromaticity : 0.10091743119266056
gravy : -0.3431192660550461
instability : 54.597247706422024
