molecularweight : 59134.93640000002
pI : 6.960298347473144
netcharge : -0.17241992163702946
aromaticity : 0.09393346379647749
gravy : -0.45283757338551867
instability : 40.77127201565556
