molecularweight : 90405.97310000053
pI : 8.754629325866702
netcharge : 10.71665135940303
aromaticity : 0.16475095785440613
gravy : 0.16385696040868417
instability : 32.12888888888896
