molecularweight : 92932.28410000051
pI : 6.172112083435058
netcharge : -10.845622017511673
aromaticity : 0.11485642946317104
gravy : -0.7018726591760285
instability : 46.73126092384534
