molecularweight : 46463.64700000005
pI : 8.962024116516115
netcharge : 9.263920312377898
aromaticity : 0.055155875299760196
gravy : -0.5431654676258993
instability : 39.68944844124699
