molecularweight : 14694.519999999993
pI : 10.030071830749513
netcharge : 11.519126837086382
aromaticity : 0.06201550387596899
gravy : -1.3434108527131787
instability : 37.81627906976741
