molecularweight : 25218.856400000015
pI : 5.749912071228027
netcharge : -3.264180343660307
aromaticity : 0.07657657657657657
gravy : -1.088288288288288
instability : 38.31576576576577
