molecularweight : 113337.15610000078
pI : 4.370543479919434
netcharge : -97.89732021434888
aromaticity : 0.08476286579212916
gravy : -0.6094853683148319
instability : 46.62684157416776
