molecularweight : 96642.32510000069
pI : 9.33632755279541
netcharge : 30.153266812163665
aromaticity : 0.09307875894988067
gravy : -0.31610978520286354
instability : 34.39466587112183
