molecularweight : 50265.716
pI : 5.322255516052246
netcharge : -12.69016040691212
aromaticity : 0.05543237250554324
gravy : -0.25898004434589805
instability : 29.530820399113086
