molecularweight : 55905.18960000007
pI : 5.8100477218627935
netcharge : -7.588754084429311
aromaticity : 0.05964214711729622
gravy : -0.1683896620278335
instability : 44.266600397614376
