molecularweight : 55793.43090000012
pI : 5.119340324401855
netcharge : -12.785994009257958
aromaticity : 0.1523046092184369
gravy : 0.4228456913827664
instability : 31.57056112224448
