molecularweight : 54919.99150000008
pI : 6.700544166564941
netcharge : -0.8331707298451931
aromaticity : 0.06586826347305388
gravy : -0.25249500998004026
instability : 32.877864271457085
