molecularweight : 40744.42520000005
pI : 8.812586402893068
netcharge : 4.3222724778768224
aromaticity : 0.09090909090909091
gravy : -0.3596590909090916
instability : 39.06849431818181
