molecularweight : 19974.708400000003
pI : 6.740899848937989
netcharge : -0.3123170332575995
aromaticity : 0.12
gravy : -0.13999999999999987
instability : 30.461714285714272
