molecularweight : 50849.65050000009
pI : 5.216762351989746
netcharge : -12.853016971876968
aromaticity : 0.049891540130151846
gravy : -0.7516268980477222
instability : 49.72364425162694
