molecularweight : 19466.353000000017
pI : 4.0500284194946286
netcharge : -47.00637575098369
aromaticity : 0.05917159763313609
gravy : -1.3218934911242597
instability : 70.07165680473373
