molecularweight : 79956.28900000035
pI : 6.400775337219239
netcharge : -4.744312424596416
aromaticity : 0.10084033613445378
gravy : -0.312885154061625
instability : 35.800322128851626
