molecularweight : 51903.81900000011
pI : 8.15778102874756
netcharge : 3.4677699275061755
aromaticity : 0.09911894273127753
gravy : -0.6052863436123342
instability : 40.38790748898679
