molecularweight : 171741.63360000052
pI : 6.03098087310791
netcharge : -15.830429652142072
aromaticity : 0.10301003344481606
gravy : -0.37979933110367836
instability : 43.0832441471575
