molecularweight : 33610.40340000003
pI : 8.756692314147951
netcharge : 4.006171166505592
aromaticity : 0.11705685618729098
gravy : 0.15618729096989964
instability : 34.53849498327761
