molecularweight : 77390.31570000028
pI : 5.551146125793457
netcharge : -18.691692704315386
aromaticity : 0.05961251862891207
gravy : -0.7140089418777928
instability : 48.9263785394934
