molecularweight : 31797.197200000024
pI : 5.557227897644043
netcharge : -7.749797399027052
aromaticity : 0.12454212454212454
gravy : -0.5710622710622715
instability : 36.66051282051282
