molecularweight : 14753.842799999991
pI : 6.8208723068237305
netcharge : -0.2546384782523461
aromaticity : 0.06015037593984962
gravy : -0.2240601503759399
instability : 57.52030075187968
