molecularweight : 45168.38250000005
pI : 6.269193077087402
netcharge : -2.7996118830310905
aromaticity : 0.06234413965087282
gravy : -0.21670822942643422
instability : 41.15810473815461
