molecularweight : 28833.516300000003
pI : 7.005542182922363
netcharge : 0.010293234729143563
aromaticity : 0.1511627906976744
gravy : 0.6321705426356591
instability : 39.82329457364341
