molecularweight : 64763.245500000136
pI : 5.980280494689941
netcharge : -7.402622701796375
aromaticity : 0.08865248226950356
gravy : -0.4113475177304964
instability : 45.109964539007166
