molecularweight : 120056.15810000071
pI : 4.838896751403809
netcharge : -53.38016450661246
aromaticity : 0.07957813998082455
gravy : -0.8424736337488021
instability : 51.755512943432734
