molecularweight : 31996.748900000013
pI : 5.422348976135253
netcharge : -7.072847844442208
aromaticity : 0.060810810810810814
gravy : 0.05371621621621629
instability : 33.68682432432432
