molecularweight : 55956.43420000003
pI : 4.998045921325683
netcharge : -22.537444639242295
aromaticity : 0.1078838174273859
gravy : -0.8375518672199147
instability : 50.144834024896355
