molecularweight : 42594.49100000007
pI : 4.665480995178222
netcharge : -22.256229404265554
aromaticity : 0.08776595744680851
gravy : -0.5319148936170216
instability : 43.52638297872339
