molecularweight : 26030.35990000001
pI : 9.484411430358886
netcharge : 9.070695824484332
aromaticity : 0.05333333333333334
gravy : -1.074222222222222
instability : 46.22937777777777
