molecularweight : 20272.853500000005
pI : 5.785891151428221
netcharge : -2.305469349222445
aromaticity : 0.09248554913294797
gravy : -0.647976878612717
instability : 43.49369942196532
