molecularweight : 63133.82610000018
pI : 8.894976997375487
netcharge : 8.296996142405433
aromaticity : 0.17915904936014626
gravy : 0.5674588665447914
instability : 41.89182815356493
