molecularweight : 28483.31139999993
pI : 5.410355949401855
netcharge : -8.688751323547205
aromaticity : 0.03636363636363636
gravy : -0.8974545454545454
instability : 44.28363636363633
