molecularweight : 72063.79210000033
pI : 9.101984977722168
netcharge : 13.499785117785983
aromaticity : 0.1382636655948553
gravy : 0.28569131832797423
instability : 40.12641479099685
