molecularweight : 34735.67779999998
pI : 4.553962898254395
netcharge : -18.157530547165617
aromaticity : 0.08012820512820512
gravy : -0.20897435897435898
instability : 35.68397435897435
