molecularweight : 71851.38790000032
pI : 5.258709526062011
netcharge : -11.977517279028511
aromaticity : 0.11472868217054263
gravy : -0.18372093023255884
instability : 32.91398449612409
