molecularweight : 65930.02870000027
pI : 6.062981224060058
netcharge : -8.769681372390323
aromaticity : 0.10535405872193437
gravy : -0.3012089810017274
instability : 55.657875647668575
