molecularweight : 36774.10630000001
pI : 5.398988151550292
netcharge : -7.108855323182745
aromaticity : 0.1305732484076433
gravy : -0.6812101910828025
instability : 39.878407643312094
