molecularweight : 51492.89700000008
pI : 8.570572090148929
netcharge : 4.337023275828656
aromaticity : 0.034858387799564274
gravy : -1.0346405228758158
instability : 59.196514161220186
