molecularweight : 24463.18860000003
pI : 5.6977338790893555
netcharge : -5.865944810510037
aromaticity : 0.05092592592592592
gravy : -0.8962962962962955
instability : 50.3625462962963
