molecularweight : 30677.789600000033
pI : 8.487923622131351
netcharge : 1.880329415283505
aromaticity : 0.1245136186770428
gravy : -0.4424124513618679
instability : 51.03929961089494
