molecularweight : 50240.92870000008
pI : 6.218492698669433
netcharge : -2.891617661953447
aromaticity : 0.10158013544018059
gravy : -0.1749435665914221
instability : 42.2805869074492
