molecularweight : 16068.582599999983
pI : 9.029264640808105
netcharge : 5.77482482144265
aromaticity : 0.12142857142857143
gravy : 0.03642857142857131
instability : 47.197857142857124
