molecularweight : 39358.901000000005
pI : 6.862648963928222
netcharge : -0.20692335531034445
aromaticity : 0.11143695014662756
gravy : -0.12111436950146624
instability : 38.675102639296185
