molecularweight : 25922.61810000002
pI : 4.969285392761231
netcharge : -9.223416031795601
aromaticity : 0.07079646017699115
gravy : -0.8659292035398234
instability : 46.42654867256637
