molecularweight : 50513.642300000014
pI : 6.326088905334472
netcharge : -3.4846628517049822
aromaticity : 0.10681818181818181
gravy : -0.1461363636363637
instability : 40.70727272727272
