molecularweight : 40005.33970000005
pI : 8.135668373107912
netcharge : 2.0127447064867
aromaticity : 0.07103825136612021
gravy : -0.1428961748633879
instability : 37.18333333333334
