molecularweight : 46108.34169999999
pI : 8.822256660461427
netcharge : 6.195515547492128
aromaticity : 0.1175
gravy : -0.4570000000000003
instability : 41.79825000000002
