molecularweight : 76291.47690000031
pI : 6.178648567199706
netcharge : -5.32633534801829
aromaticity : 0.08748114630467572
gravy : -0.38838612368024106
instability : 38.99562594268484
