molecularweight : 21979.072899999992
pI : 9.27656536102295
netcharge : 4.583528485715757
aromaticity : 0.11794871794871795
gravy : 0.02358974358974363
instability : 40.013384615384595
