molecularweight : 38746.22040000007
pI : 5.088760948181151
netcharge : -8.124528306904356
aromaticity : 0.06060606060606061
gravy : -0.6975206611570253
instability : 54.82617079889806
