molecularweight : 46863.113300000055
pI : 5.046131706237793
netcharge : -21.238857649747736
aromaticity : 0.10411622276029056
gravy : -0.37239709443099345
instability : 32.94503631961259
