molecularweight : 42286.19760000009
pI : 4.909149742126464
netcharge : -16.836838589418406
aromaticity : 0.1291208791208791
gravy : -0.2766483516483519
instability : 45.9615934065934
