molecularweight : 146716.0193000008
pI : 8.468776512145997
netcharge : 11.08630107386199
aromaticity : 0.09992193598750976
gravy : -0.4174863387978138
instability : 44.64271662763491
