molecularweight : 44691.730999999985
pI : 5.744967079162598
netcharge : -5.05949761960904
aromaticity : 0.04028436018957346
gravy : -0.14052132701421835
instability : 32.60876777251184
