molecularweight : 28049.093000000008
pI : 5.1027433395385735
netcharge : -10.949441978511128
aromaticity : 0.13877551020408163
gravy : -0.43836734693877544
instability : 44.77265306122446
