molecularweight : 39261.919000000016
pI : 9.708374595642091
netcharge : 20.01121428712697
aromaticity : 0.08529411764705883
gravy : -0.6020588235294115
instability : 37.87147058823529
