molecularweight : 121425.54560000093
pI : 5.34294490814209
netcharge : -32.35311622807879
aromaticity : 0.052823315118397086
gravy : -0.9948998178506372
instability : 62.01138433515518
