molecularweight : 93229.2810000004
pI : 6.532357597351075
netcharge : -3.5541660647882054
aromaticity : 0.05405405405405406
gravy : -0.6308353808353795
instability : 41.86154791154806
