molecularweight : 107991.84330000075
pI : 5.843412208557129
netcharge : -14.611565895562322
aromaticity : 0.12012987012987011
gravy : -0.5764069264069254
instability : 42.220941558441694
