molecularweight : 38579.084600000024
pI : 8.75869083404541
netcharge : 4.716610312855909
aromaticity : 0.1264705882352941
gravy : 0.5173529411764707
instability : 33.050294117647056
