molecularweight : 55337.41900000007
pI : 8.170545768737792
netcharge : 3.110587287363863
aromaticity : 0.1254980079681275
gravy : 0.5486055776892432
instability : 26.007171314741043
