molecularweight : 48246.228900000075
pI : 9.046219825744629
netcharge : 7.160216843802814
aromaticity : 0.062211981566820285
gravy : -0.204147465437788
instability : 43.67188940092165
