molecularweight : 40077.42430000007
pI : 5.264166069030761
netcharge : -10.910251372536017
aromaticity : 0.09418282548476455
gravy : -0.5429362880886426
instability : 29.700277008310245
