molecularweight : 24594.629800000024
pI : 7.243072319030762
netcharge : 0.7090240353426616
aromaticity : 0.0794392523364486
gravy : -0.6168224299065426
instability : 41.47901869158878
