molecularweight : 16781.0081
pI : 5.132015419006346
netcharge : -4.462164313263475
aromaticity : 0.0763888888888889
gravy : -0.7388888888888893
instability : 50.01666666666666
