molecularweight : 37416.98280000005
pI : 8.555873298645022
netcharge : 2.1371536795223456
aromaticity : 0.06818181818181818
gravy : 0.10539772727272738
instability : 37.30769886363635
