molecularweight : 32228.832100000018
pI : 4.947516059875488
netcharge : -9.441653080356957
aromaticity : 0.053156146179401995
gravy : -0.6229235880398671
instability : 35.50631229235881
