molecularweight : 54875.959600000126
pI : 5.284514427185058
netcharge : -14.389716020643256
aromaticity : 0.11434511434511435
gravy : -0.22765072765072827
instability : 37.89731808731807
