molecularweight : 38104.8033
pI : 5.603381156921387
netcharge : -5.153677125777627
aromaticity : 0.056818181818181816
gravy : -0.2559659090909093
instability : 31.11193181818181
