molecularweight : 190607.5880000006
pI : 4.903693199157714
netcharge : -69.80092036161903
aromaticity : 0.08847980997624702
gravy : -0.00011876484560594395
instability : 42.633735154394586
