molecularweight : 90403.04620000046
pI : 7.443998146057129
netcharge : 1.0776967293488013
aromaticity : 0.11649214659685864
gravy : -0.3209424083769627
instability : 41.45251308900534
