molecularweight : 75307.95090000035
pI : 6.237988471984862
netcharge : -3.6994255911134104
aromaticity : 0.13323572474377746
gravy : 0.48682284040995755
instability : 39.63373352855058
