molecularweight : 29741.298700000036
pI : 5.824143791198731
netcharge : -4.872777852951561
aromaticity : 0.0830188679245283
gravy : -0.3796226415094343
instability : 49.90422641509432
