molecularweight : 91773.03430000054
pI : 9.415494728088383
netcharge : 34.09983745009909
aromaticity : 0.13376623376623376
gravy : -0.42766233766233724
instability : 42.627558441558556
