molecularweight : 42938.17690000005
pI : 9.813909339904786
netcharge : 18.108634448958277
aromaticity : 0.1174934725848564
gravy : 0.008616187989556191
instability : 40.87892950391643
