molecularweight : 38905.95110000008
pI : 4.936659812927245
netcharge : -10.387761665151736
aromaticity : 0.08522727272727273
gravy : -0.05596590909090899
instability : 27.85937499999999
