molecularweight : 13486.468699999987
pI : 10.047865104675292
netcharge : 8.68153568631046
aromaticity : 0.03389830508474576
gravy : -0.6627118644067796
instability : 31.585593220338975
