molecularweight : 45871.097500000105
pI : 5.616510963439941
netcharge : -8.651035253905903
aromaticity : 0.07932692307692307
gravy : -0.2584134615384613
instability : 45.98245192307692
