molecularweight : 17003.918199999986
pI : 6.883224678039551
netcharge : -0.1803774745675657
aromaticity : 0.13513513513513514
gravy : 0.5371621621621618
instability : 59.57858108108109
