molecularweight : 49453.98950000002
pI : 6.146705055236816
netcharge : -3.7709366684190684
aromaticity : 0.05145413870246085
gravy : -0.32818791946308745
instability : 46.65257270693511
