molecularweight : 25035.03630000001
pI : 10.513455772399901
netcharge : 27.923036026732447
aromaticity : 0.08108108108108109
gravy : -0.5707207207207209
instability : 16.71756756756756
