molecularweight : 25280.603500000016
pI : 8.550651359558106
netcharge : 3.1098476868653577
aromaticity : 0.07906976744186046
gravy : -0.66046511627907
instability : 50.86511627906976
