molecularweight : 37343.7633000001
pI : 4.786491203308105
netcharge : -16.96845204120883
aromaticity : 0.06451612903225806
gravy : -0.12199413489736065
instability : 40.348387096774175
