molecularweight : 80407.86300000033
pI : 7.596895027160645
netcharge : 1.0723418319770843
aromaticity : 0.08486562942008487
gravy : -0.08670438472418672
instability : 40.57199434229153
