molecularweight : 209159.39170000024
pI : 4.378841972351075
netcharge : -226.85837706624073
aromaticity : 0.03817603393425239
gravy : -1.0650053022269386
instability : 66.5127783669145
