molecularweight : 144675.85240000085
pI : 7.914799690246582
netcharge : 4.502144438623873
aromaticity : 0.091699604743083
gravy : -0.24205533596837817
instability : 38.36800790513851
