molecularweight : 57105.06470000012
pI : 5.736384391784668
netcharge : -9.435724247816069
aromaticity : 0.12048192771084337
gravy : -0.608433734939759
instability : 26.23293172690764
