molecularweight : 20046.674400000007
pI : 9.8026273727417
netcharge : 14.89763614293011
aromaticity : 0.1445086705202312
gravy : -0.5028901734104048
instability : 39.23294797687861
