molecularweight : 82464.0163000005
pI : 6.519909858703613
netcharge : -3.048672485976539
aromaticity : 0.0904183535762483
gravy : -0.2304993252361677
instability : 38.61390013495286
