molecularweight : 38778.32780000003
pI : 4.839465141296387
netcharge : -17.72599679089247
aromaticity : 0.08045977011494253
gravy : -0.199712643678161
instability : 45.652040229885046
