molecularweight : 13645.251399999981
pI : 7.904678153991699
netcharge : 0.6158461928425538
aromaticity : 0.05
gravy : -0.8325000000000006
instability : 50.18249999999999
