molecularweight : 67452.2044000002
pI : 5.314525413513183
netcharge : -12.930206605650284
aromaticity : 0.08595041322314051
gravy : -0.42925619834710693
instability : 47.219867768595115
