molecularweight : 12124.770399999987
pI : 9.611156272888184
netcharge : 8.74421352810091
aromaticity : 0.0909090909090909
gravy : -0.8281818181818187
instability : 34.391818181818174
