molecularweight : 38228.89590000008
pI : 8.804141044616703
netcharge : 11.920233680976786
aromaticity : 0.034782608695652174
gravy : -0.7539130434782608
instability : 42.47623188405796
