molecularweight : 13252.680299999985
pI : 5.054316520690917
netcharge : -5.362122368932534
aromaticity : 0.07964601769911504
gravy : -0.9238938053097349
instability : 54.74345132743364
