molecularweight : 59952.85010000022
pI : 5.494136619567871
netcharge : -14.174007227063449
aromaticity : 0.05046728971962616
gravy : -0.8289719626168225
instability : 65.68672897196278
