molecularweight : 31750.182600000066
pI : 9.168451881408693
netcharge : 5.340415552965375
aromaticity : 0.06382978723404256
gravy : -0.41524822695035507
instability : 27.003900709219845
