molecularweight : 50135.90210000014
pI : 6.02552433013916
netcharge : -7.973786674235413
aromaticity : 0.08027522935779817
gravy : -0.9447247706422012
instability : 47.417477064220186
