molecularweight : 72129.1745000003
pI : 6.515362739562988
netcharge : -3.5923921670720773
aromaticity : 0.1043338683788122
gravy : -0.2834670947030496
instability : 37.2470465489567
