molecularweight : 76026.65770000036
pI : 7.2700708389282225
netcharge : 1.001032807916232
aromaticity : 0.0962406015037594
gravy : -0.43233082706766873
instability : 58.514300751879915
