molecularweight : 29938.52340000002
pI : 9.666728019714355
netcharge : 11.403961822617688
aromaticity : 0.04814814814814815
gravy : -0.8444444444444442
instability : 36.371111111111105
