molecularweight : 36769.892700000026
pI : 9.543464469909669
netcharge : 14.145631599661328
aromaticity : 0.07836990595611286
gravy : -0.6949843260188092
instability : 37.53545454545455
