molecularweight : 22047.17530000001
pI : 10.155269432067868
netcharge : 10.767150271285661
aromaticity : 0.10416666666666666
gravy : -0.3067708333333332
instability : 43.964062500000004
