molecularweight : 32104.672200000015
pI : 5.602358055114746
netcharge : -7.719342760355143
aromaticity : 0.09688581314878893
gravy : -0.3207612456747406
instability : 30.54740484429065
