molecularweight : 123805.84370000048
pI : 8.988520622253418
netcharge : 17.953574820931436
aromaticity : 0.06238698010849909
gravy : -0.5856238698010846
instability : 52.47540687160971
