molecularweight : 71451.20590000036
pI : 5.690344810485839
netcharge : -13.896466538758503
aromaticity : 0.088
gravy : -0.6055999999999991
instability : 51.74144000000024
