molecularweight : 36601.13469999999
pI : 9.580598258972167
netcharge : 9.898541046024013
aromaticity : 0.13056379821958458
gravy : 0.5448071216617212
instability : 31.03178041543026
