molecularweight : 15693.623199999982
pI : 9.48073673248291
netcharge : 6.655855699167319
aromaticity : 0.06474820143884892
gravy : -0.7517985611510795
instability : 43.430935251798545
