molecularweight : 108758.49440000084
pI : 4.778135871887207
netcharge : -42.30194610731327
aromaticity : 0.09789473684210526
gravy : -0.08747368421052659
instability : 38.44358947368436
