molecularweight : 44105.44400000009
pI : 4.762732505798339
netcharge : -19.093527612183195
aromaticity : 0.07633587786259542
gravy : -0.6346055979643768
instability : 40.00178117048345
