molecularweight : 76281.40790000037
pI : 6.06087818145752
netcharge : -5.642026151366579
aromaticity : 0.08862629246676515
gravy : -0.3629246676514033
instability : 39.972082717873015
