molecularweight : 13669.005599999971
pI : 11.671179008483886
netcharge : 13.833920123407816
aromaticity : 0.09243697478991596
gravy : -0.11764705882352962
instability : 71.49495798319327
