molecularweight : 62137.38420000022
pI : 6.009552574157714
netcharge : -7.261849215050788
aromaticity : 0.09724770642201835
gravy : -0.44568807339449557
instability : 37.956165137614654
