molecularweight : 33138.304100000045
pI : 8.359309196472172
netcharge : 2.0493706844767274
aromaticity : 0.12110726643598616
gravy : -0.47820069204152266
instability : 43.79446366782008
