molecularweight : 47144.382400000024
pI : 5.897636604309082
netcharge : -9.10800337159786
aromaticity : 0.06682027649769585
gravy : -0.08479262672811069
instability : 30.225115207373268
