molecularweight : 42148.16620000002
pI : 10.991359901428222
netcharge : 45.689213099659085
aromaticity : 0.05305039787798409
gravy : -0.6899204244031831
instability : 44.87453580901856
