molecularweight : 119351.52330000098
pI : 5.587409400939941
netcharge : -22.295718256493828
aromaticity : 0.09550561797752809
gravy : -0.04260299625468185
instability : 37.199091760299815
