molecularweight : 16971.443300000006
pI : 6.993719673156738
netcharge : -0.011759584370711451
aromaticity : 0.1292517006802721
gravy : 0.09183673469387757
instability : 42.57346938775511
