molecularweight : 41662.1549000001
pI : 8.557936286926271
netcharge : 3.8929953633824965
aromaticity : 0.16477272727272727
gravy : -0.2911931818181818
instability : 34.002301136363634
