molecularweight : 45391.12870000001
pI : 5.22960796356201
netcharge : -11.87282302765437
aromaticity : 0.09725685785536159
gravy : -0.3351620947630928
instability : 31.331197007481293
