molecularweight : 30704.16240000001
pI : 8.544913673400881
netcharge : 3.0821873669467763
aromaticity : 0.13553113553113552
gravy : 0.14395604395604375
instability : 41.81432234432233
