molecularweight : 84190.42320000053
pI : 8.600807762145998
netcharge : 6.672377885192489
aromaticity : 0.09849521203830369
gravy : -0.30629274965800324
instability : 48.106990424076756
