molecularweight : 53098.339600000036
pI : 4.6191003799438475
netcharge : -17.118887526424135
aromaticity : 0.12708333333333333
gravy : 0.5954166666666677
instability : 26.607104166666666
