molecularweight : 24504.6841
pI : 5.15088596343994
netcharge : -8.865688403302391
aromaticity : 0.15207373271889402
gravy : -0.02811059907834094
instability : 32.557603686635936
