molecularweight : 17741.447099999994
pI : 6.425102424621582
netcharge : -1.1553112158877177
aromaticity : 0.08333333333333334
gravy : -0.21282051282051279
instability : 41.05134615384613
