molecularweight : 104606.63820000071
pI : 5.300884056091308
netcharge : -27.533399820945036
aromaticity : 0.09910913140311803
gravy : -0.3695991091314016
instability : 33.6594988864144
