molecularweight : 23263.0683
pI : 6.197973823547363
netcharge : -2.096760595045563
aromaticity : 0.08796296296296297
gravy : -0.09305555555555547
instability : 17.998657407407403
