molecularweight : 17461.958599999987
pI : 9.688647270202637
netcharge : 6.784370059631318
aromaticity : 0.02666666666666667
gravy : -0.5693333333333334
instability : 65.41733333333332
