molecularweight : 63611.58380000019
pI : 9.491438484191896
netcharge : 26.544197941775586
aromaticity : 0.08070175438596491
gravy : -0.30736842105263196
instability : 34.322649122807015
