molecularweight : 81827.76420000041
pI : 6.233725547790528
netcharge : -5.988907189880564
aromaticity : 0.06429548563611491
gravy : -0.2694938440492476
instability : 44.328344733242204
