molecularweight : 177549.3547000006
pI : 6.292553901672363
netcharge : -9.72974965502101
aromaticity : 0.08531109685695959
gravy : -0.3908274534958297
instability : 43.43342527261092
