molecularweight : 45404.587000000036
pI : 5.71268253326416
netcharge : -8.53348038212716
aromaticity : 0.10831234256926953
gravy : -0.18942065491183904
instability : 44.181360201511325
