molecularweight : 53296.269500000104
pI : 8.589654731750489
netcharge : 5.716086675673445
aromaticity : 0.03680981595092025
gravy : -0.696114519427402
instability : 42.12269938650307
