molecularweight : 19954.383100000006
pI : 5.5210783004760735
netcharge : -3.241902358043225
aromaticity : 0.11235955056179775
gravy : -0.08932584269662923
instability : 36.24101123595506
