molecularweight : 46752.94010000023
pI : 4.0500284194946286
netcharge : -89.1412402742917
aromaticity : 0.037444933920704845
gravy : -0.6070484581497783
instability : 14.918744493392085
