molecularweight : 63045.81060000011
pI : 5.905764579772949
netcharge : -6.574304290492627
aromaticity : 0.09323583180987202
gravy : -0.2751371115173678
instability : 39.82508226691043
