molecularweight : 53340.6853000001
pI : 5.461511039733887
netcharge : -16.030738518342233
aromaticity : 0.09453781512605042
gravy : -0.2724789915966393
instability : 35.40777310924369
