molecularweight : 43323.299200000096
pI : 9.481188011169433
netcharge : 12.068836421695742
aromaticity : 0.08244680851063829
gravy : -0.8797872340425531
instability : 55.20691489361705
