molecularweight : 76223.10940000032
pI : 8.462652015686036
netcharge : 4.731123774599993
aromaticity : 0.07807807807807808
gravy : -0.5321321321321314
instability : 39.42764264264271
