molecularweight : 14313.268199999988
pI : 9.300096321105958
netcharge : 4.655702721060541
aromaticity : 0.1328125
gravy : -0.18281249999999993
instability : 15.533593750000001
