molecularweight : 41567.15100000001
pI : 5.9143472671508786
netcharge : -5.699243169057162
aromaticity : 0.07734806629834254
gravy : -0.3218232044198896
instability : 46.95444751381214
