molecularweight : 95319.92960000082
pI : 5.838751411437988
netcharge : -12.734165838732878
aromaticity : 0.1330166270783848
gravy : 0.24608076009501187
instability : 36.264655581947835
