molecularweight : 62073.00180000004
pI : 6.009325218200683
netcharge : -6.47920285516652
aromaticity : 0.09515260323159785
gravy : -0.3170556552962301
instability : 39.75387791741472
