molecularweight : 32051.885200000066
pI : 5.289061546325683
netcharge : -8.961626391219959
aromaticity : 0.08741258741258742
gravy : -0.5041958041958042
instability : 42.39548951048951
