molecularweight : 48646.32880000005
pI : 4.786434364318848
netcharge : -26.23637138243361
aromaticity : 0.09133489461358314
gravy : -0.45128805620608864
instability : 42.37470725995315
