molecularweight : 47453.64520000012
pI : 4.482516288757325
netcharge : -40.342276923050086
aromaticity : 0.12469437652811735
gravy : -0.3657701711491442
instability : 42.048190709046445
