molecularweight : 24917.098999999995
pI : 4.5489610671997065
netcharge : -14.230080055146118
aromaticity : 0.10666666666666666
gravy : -0.6222222222222223
instability : 34.938666666666684
