molecularweight : 41053.843600000015
pI : 5.9574880599975595
netcharge : -7.240535279235488
aromaticity : 0.10610079575596817
gravy : -0.14429708222811666
instability : 22.818302387267902
