molecularweight : 43253.00080000002
pI : 6.121411705017089
netcharge : -6.960785255315429
aromaticity : 0.11023622047244094
gravy : -0.1215223097112864
instability : 34.67199475065617
