molecularweight : 17610.055199999995
pI : 10.405793571472167
netcharge : 15.936391882758986
aromaticity : 0.07284768211920531
gravy : -0.711920529801325
instability : 42.03642384105959
