molecularweight : 52295.3313
pI : 8.756498908996583
netcharge : 8.791560348221026
aromaticity : 0.1148936170212766
gravy : 0.5508510638297878
instability : 42.40106382978721
