molecularweight : 47508.96930000009
pI : 8.992066383361816
netcharge : 8.218789851181072
aromaticity : 0.06511627906976744
gravy : -0.14720930232558152
instability : 41.05883720930231
