molecularweight : 38832.70770000003
pI : 9.209969520568848
netcharge : 8.838893311235395
aromaticity : 0.10632183908045978
gravy : -0.027011494252873497
instability : 38.40545977011493
