molecularweight : 64998.78240000014
pI : 5.288038444519042
netcharge : -23.683921441505476
aromaticity : 0.11764705882352941
gravy : -0.4921568627450977
instability : 35.593048128342254
