molecularweight : 42078.508900000015
pI : 5.433318901062011
netcharge : -11.911684126092055
aromaticity : 0.05084745762711865
gravy : -1.707344632768359
instability : 49.69237288135592
