molecularweight : 17922.011099999992
pI : 7.867931175231934
netcharge : 0.7684514331111139
aromaticity : 0.1474358974358974
gravy : -0.5474358974358979
instability : 41.317948717948696
