molecularweight : 26945.81829999999
pI : 9.316148948669433
netcharge : 5.802639474113327
aromaticity : 0.06584362139917696
gravy : -0.21069958847736617
instability : 34.08069958847736
