molecularweight : 18583.632500000003
pI : 9.125387001037598
netcharge : 2.7687920130345063
aromaticity : 0.17197452229299365
gravy : 0.5318471337579611
instability : 23.313439490445848
