molecularweight : 42579.41370000005
pI : 5.582066535949706
netcharge : -8.626140467601466
aromaticity : 0.1220159151193634
gravy : 0.5000000000000003
instability : 33.7796021220159
