molecularweight : 89208.38340000046
pI : 5.555920600891112
netcharge : -18.70948109132405
aromaticity : 0.06281407035175879
gravy : -0.4316582914572843
instability : 46.635301507537974
