molecularweight : 48815.89360000003
pI : 7.524027442932129
netcharge : 1.0411410778604022
aromaticity : 0.1542056074766355
gravy : 0.51588785046729
instability : 28.156074766355154
