molecularweight : 38462.63480000006
pI : 5.7558801651000975
netcharge : -5.872279461919753
aromaticity : 0.08928571428571429
gravy : -0.3273809523809525
instability : 42.704791666666665
