molecularweight : 28539.00480000001
pI : 9.403890419006348
netcharge : 7.211728315734867
aromaticity : 0.12601626016260162
gravy : -0.022357723577235877
instability : 34.48707317073172
