molecularweight : 39520.546900000016
pI : 9.040417671203613
netcharge : 8.252075432759597
aromaticity : 0.11849710982658959
gravy : -0.4127167630057808
instability : 39.78901734104047
