molecularweight : 24187.35620000001
pI : 9.733968544006348
netcharge : 10.376701086508351
aromaticity : 0.07042253521126761
gravy : -0.5779342723004697
instability : 44.89352112676056
