molecularweight : 112930.3973000008
pI : 8.856682777404785
netcharge : 23.42704567444632
aromaticity : 0.0856269113149847
gravy : -0.4075433231396525
instability : 38.4583078491337
