molecularweight : 116873.71240000053
pI : 6.2254838943481445
netcharge : -7.652033970220003
aromaticity : 0.0703953712632594
gravy : -0.1545805207328824
instability : 46.11755062680835
