molecularweight : 165086.02870000096
pI : 5.87296848297119
netcharge : -21.61100845956156
aromaticity : 0.049965301873698825
gravy : -0.6515614156835535
instability : 49.74199167244999
