molecularweight : 36645.67600000006
pI : 9.060789680480958
netcharge : 9.06479990197289
aromaticity : 0.06542056074766354
gravy : -1.3856697819314645
instability : 48.509968847352035
