molecularweight : 87732.22050000049
pI : 5.278887367248534
netcharge : -24.943137448398346
aromaticity : 0.07783641160949868
gravy : -0.6539577836411605
instability : 55.813865435356426
