molecularweight : 53923.474500000055
pI : 4.612563896179199
netcharge : -38.29573925910756
aromaticity : 0.0861344537815126
gravy : -0.5670168067226885
instability : 47.69831932773113
