molecularweight : 40896.315600000074
pI : 6.796829414367674
netcharge : -0.644860304565043
aromaticity : 0.10614525139664804
gravy : -0.22206703910614523
instability : 41.41986033519551
