molecularweight : 292035.24570000113
pI : 5.939356422424316
netcharge : -30.77302589687082
aromaticity : 0.10344827586206896
gravy : -0.1671630094043885
instability : 38.85193181818213
