molecularweight : 25726.217000000026
pI : 8.528474235534667
netcharge : 3.0863892288887165
aromaticity : 0.08444444444444445
gravy : -0.3475555555555558
instability : 50.66137777777779
