molecularweight : 53381.06730000012
pI : 5.713932991027832
netcharge : -9.572690056383294
aromaticity : 0.07974137931034483
gravy : -0.5506465517241383
instability : 49.84439655172415
