molecularweight : 27199.95430000003
pI : 6.4664812088012695
netcharge : -1.7918828184110112
aromaticity : 0.08260869565217391
gravy : -0.6113043478260873
instability : 59.71004347826084
