molecularweight : 38842.0424
pI : 6.003584480285644
netcharge : -3.9817855864143823
aromaticity : 0.13636363636363635
gravy : -0.6212121212121208
instability : 49.116969696969704
