molecularweight : 43471.83320000004
pI : 5.949985313415527
netcharge : -7.3061561962333315
aromaticity : 0.0636604774535809
gravy : -0.6161803713527854
instability : 53.569496021220154
