molecularweight : 71939.0233000003
pI : 5.707396507263184
netcharge : -12.967576141904892
aromaticity : 0.06880733944954129
gravy : -0.13837920489296646
instability : 50.031070336391586
