molecularweight : 27742.382300000012
pI : 5.457702827453613
netcharge : -5.113798299814281
aromaticity : 0.1097560975609756
gravy : -0.6174796747967479
instability : 31.655284552845515
