molecularweight : 110046.3789000008
pI : 6.083784294128416
netcharge : -8.962998457843867
aromaticity : 0.1059670781893004
gravy : -0.19187242798353946
instability : 42.52401234567914
