molecularweight : 24025.923800000004
pI : 6.43163890838623
netcharge : -1.1214187212130007
aromaticity : 0.08878504672897194
gravy : -0.29532710280373825
instability : 49.59999999999999
