molecularweight : 128254.69150000103
pI : 6.648422813415528
netcharge : -2.579648389416633
aromaticity : 0.05258620689655172
gravy : -0.4676724137931016
instability : 49.307500000000275
