molecularweight : 71054.66820000023
pI : 4.741758918762207
netcharge : -37.06596448925484
aromaticity : 0.08688783570300157
gravy : -0.19952606635071118
instability : 45.66982622432872
