molecularweight : 28945.84960000002
pI : 4.691911125183105
netcharge : -15.770703968710432
aromaticity : 0.056179775280898875
gravy : -0.3621722846441947
instability : 35.549063670411975
