molecularweight : 36063.613200000036
pI : 8.545171546936036
netcharge : 3.544625389244885
aromaticity : 0.08950617283950617
gravy : -0.3262345679012352
instability : 40.85956790123458
