molecularweight : 36306.78680000006
pI : 6.203828239440917
netcharge : -2.8609087276520597
aromaticity : 0.07594936708860758
gravy : -0.4072784810126586
instability : 32.42721518987342
