molecularweight : 38634.61500000004
pI : 5.6197507858276365
netcharge : -6.062699509249441
aromaticity : 0.04899135446685879
gravy : -0.9256484149855906
instability : 50.133429394812644
