molecularweight : 15063.737899999982
pI : 5.890759086608886
netcharge : -1.422639344277897
aromaticity : 0.1015625
gravy : -0.8718750000000001
instability : 48.135312499999976
