molecularweight : 18816.162399999994
pI : 6.75306339263916
netcharge : -0.7141376515329974
aromaticity : 0.10429447852760737
gravy : -0.47300613496932514
instability : 39.94049079754602
