molecularweight : 56011.47780000002
pI : 9.320081520080567
netcharge : 15.199740313012576
aromaticity : 0.11065573770491803
gravy : -0.4389344262295087
instability : 35.67952868852459
