molecularweight : 29248.197300000033
pI : 8.900585746765138
netcharge : 6.171408190943655
aromaticity : 0.11155378486055778
gravy : -0.5804780876494026
instability : 54.69960159362548
