molecularweight : 64985.51340000015
pI : 5.077052116394042
netcharge : -18.499749953401498
aromaticity : 0.11403508771929824
gravy : -0.2778947368421055
instability : 39.18775438596493
