molecularweight : 25889.429000000004
pI : 5.29070987701416
netcharge : -5.420870627158656
aromaticity : 0.052173913043478265
gravy : -0.3591304347826096
instability : 39.65478260869564
