molecularweight : 185139.71099999992
pI : 6.264532279968263
netcharge : -15.088826964374078
aromaticity : 0.06946983546617916
gravy : -0.4129798903107859
instability : 38.18933577087172
