molecularweight : 61727.685900000135
pI : 5.945779228210449
netcharge : -14.782740117609983
aromaticity : 0.0418943533697632
gravy : -1.1748633879781454
instability : 66.20728597449933
