molecularweight : 18166.19350000001
pI : 4.450515937805175
netcharge : -16.19877778560132
aromaticity : 0.09554140127388536
gravy : -0.4350318471337579
instability : 45.996815286624205
