molecularweight : 34990.423100000036
pI : 5.842730140686036
netcharge : -4.072089080086506
aromaticity : 0.09003215434083602
gravy : -0.4022508038585214
instability : 47.26784565916398
