molecularweight : 63948.88980000029
pI : 5.976699638366699
netcharge : -9.769666341068287
aromaticity : 0.08289241622574955
gravy : -0.5130511463844789
instability : 36.528747795414475
