molecularweight : 21824.402000000006
pI : 6.455511283874511
netcharge : -1.1494225598948162
aromaticity : 0.058823529411764705
gravy : -0.7775401069518717
instability : 73.18770053475934
