molecularweight : 62093.01060000013
pI : 8.64193859100342
netcharge : 7.595867701297401
aromaticity : 0.13594040968342647
gravy : -0.4338919925512108
instability : 44.89968342644325
