molecularweight : 28877.143900000025
pI : 9.882439231872556
netcharge : 17.950448587974936
aromaticity : 0.0625
gravy : -0.4238281250000007
instability : 27.997265624999997
