molecularweight : 17778.037999999997
pI : 9.097149848937988
netcharge : 3.850231913620462
aromaticity : 0.14935064935064934
gravy : -0.3688311688311689
instability : 43.9007792207792
