molecularweight : 37631.455500000025
pI : 6.2931791305542
netcharge : -2.0234508597185012
aromaticity : 0.044510385756676554
gravy : -0.5875370919881305
instability : 37.441246290801196
