molecularweight : 102766.10150000062
pI : 8.668112754821777
netcharge : 8.838546173519617
aromaticity : 0.09444444444444444
gravy : -0.7052222222222222
instability : 47.867800000000244
