molecularweight : 21341.170000000013
pI : 5.561263465881347
netcharge : -4.144960165083226
aromaticity : 0.10752688172043011
gravy : -0.1688172043010751
instability : 28.494623655913966
