molecularweight : 23008.32520000003
pI : 9.921764945983885
netcharge : 16.757599096548372
aromaticity : 0.08629441624365482
gravy : -0.7664974619289344
instability : 52.65137055837563
