molecularweight : 39243.0985
pI : 6.033879661560058
netcharge : -3.840645847628849
aromaticity : 0.0790960451977401
gravy : -0.25621468926553703
instability : 28.56779661016949
