molecularweight : 41201.164200000065
pI : 8.05301990509033
netcharge : 2.3374568760953807
aromaticity : 0.0646900269541779
gravy : -0.12264150943396228
instability : 30.231536388140142
