molecularweight : 10573.355199999995
pI : 4.0500284194946286
netcharge : -17.455835562735025
aromaticity : 0.06542056074766354
gravy : 0.11214953271028034
instability : 31.526168224299067
