molecularweight : 118044.53930000095
pI : 4.962976264953612
netcharge : -44.54417286800752
aromaticity : 0.06750241080038573
gravy : -0.6555448408871765
instability : 45.32951783992309
