molecularweight : 24658.767600000014
pI : 6.160460090637206
netcharge : -2.9142029942431975
aromaticity : 0.09216589861751152
gravy : -0.24423963133640564
instability : 52.59815668202766
