molecularweight : 36496.90670000003
pI : 6.522353935241699
netcharge : -1.681056924689912
aromaticity : 0.12211221122112212
gravy : -0.7541254125412544
instability : 58.27825082508248
