molecularweight : 54114.897900000105
pI : 9.113653755187986
netcharge : 5.541507991849095
aromaticity : 0.05443548387096774
gravy : -0.8768145161290316
instability : 77.01532258064552
