molecularweight : 19454.3559
pI : 8.667081260681151
netcharge : 1.5037654641158618
aromaticity : 0.14942528735632182
gravy : 0.32183908045977
instability : 31.72816091954022
