molecularweight : 58649.23450000002
pI : 5.017371177673339
netcharge : -14.06124499645658
aromaticity : 0.09142857142857143
gravy : -0.6159999999999989
instability : 51.57580952380958
