molecularweight : 66353.38620000026
pI : 7.950450706481934
netcharge : 2.0500831658280347
aromaticity : 0.11166666666666666
gravy : 0.3818333333333337
instability : 41.38283333333338
