molecularweight : 56349.93400000003
pI : 6.7311803817749025
netcharge : -0.8068807207219848
aromaticity : 0.0789980732177264
gravy : -0.07263969171483622
instability : 31.6273795761079
