molecularweight : 91202.74280000043
pI : 5.736157035827637
netcharge : -12.994885545246973
aromaticity : 0.0845771144278607
gravy : -0.5666666666666664
instability : 42.346032338308596
