molecularweight : 60547.38310000014
pI : 4.592386054992676
netcharge : -42.07232916866354
aromaticity : 0.07129798903107862
gravy : -0.8574040219378428
instability : 54.89396709323598
