molecularweight : 71205.17880000014
pI : 7.2651258468627935
netcharge : 0.6674093289567224
aromaticity : 0.0432
gravy : -1.005279999999999
instability : 53.67617600000016
