molecularweight : 20923.866399999995
pI : 6.731976127624511
netcharge : -0.3340179956626237
aromaticity : 0.10471204188481675
gravy : -0.050785340314136077
instability : 26.405235602094237
