molecularweight : 52620.157600000064
pI : 6.397535514831543
netcharge : -2.5798424912417275
aromaticity : 0.05942622950819672
gravy : -0.18586065573770563
instability : 34.87379098360654
