molecularweight : 61983.23170000011
pI : 9.175607872009277
netcharge : 9.040707153383195
aromaticity : 0.12658227848101267
gravy : 0.28336347197106654
instability : 36.989945750452065
