molecularweight : 21742.35480000001
pI : 9.762850379943849
netcharge : 9.953639934220789
aromaticity : 0.03535353535353536
gravy : -0.6510101010101014
instability : 36.937373737373726
