molecularweight : 69976.49130000029
pI : 10.44879398345947
netcharge : 29.391583238293087
aromaticity : 0.017241379310344827
gravy : -0.5780172413793103
instability : 92.77787356321899
