molecularweight : 39981.78470000001
pI : 4.698845481872558
netcharge : -30.971483514308197
aromaticity : 0.08757062146892655
gravy : -0.4282485875706216
instability : 28.53163841807909
