molecularweight : 63083.7641000002
pI : 9.147564125061038
netcharge : 15.243777850192828
aromaticity : 0.08122743682310468
gravy : -0.4509025270758118
instability : 42.66012635379068
