molecularweight : 33752.35740000006
pI : 6.178364372253417
netcharge : -2.881718862442561
aromaticity : 0.09688581314878891
gravy : -0.24671280276816604
instability : 33.41695501730104
