molecularweight : 93059.27960000047
pI : 8.649868202209475
netcharge : 10.350973863118568
aromaticity : 0.11442786069651742
gravy : -0.13619402985074638
instability : 45.89519900497526
