molecularweight : 91342.30360000064
pI : 8.685777091979983
netcharge : 9.802104136192852
aromaticity : 0.07356608478802992
gravy : -0.43466334164588494
instability : 41.99951371571081
