molecularweight : 36062.7387000001
pI : 4.265334510803222
netcharge : -47.62777691609048
aromaticity : 0.07547169811320754
gravy : -0.69559748427673
instability : 60.74779874213834
