molecularweight : 47877.98819999999
pI : 9.127643394470216
netcharge : 12.054978170491765
aromaticity : 0.16829268292682925
gravy : 0.019512195121951008
instability : 42.06665853658536
