molecularweight : 75583.52970000032
pI : 9.090187263488769
netcharge : 11.669971054942238
aromaticity : 0.06020558002936858
gravy : -0.7262848751835518
instability : 55.086196769456905
