molecularweight : 30993.856900000024
pI : 4.5262254714965815
netcharge : -23.225654567469263
aromaticity : 0.0708955223880597
gravy : -0.823134328358209
instability : 76.30186567164178
