molecularweight : 27191.42520000004
pI : 5.18362522125244
netcharge : -8.114485284172694
aromaticity : 0.029166666666666667
gravy : -0.6437500000000003
instability : 40.98916666666666
