molecularweight : 69325.51210000034
pI : 9.420587730407714
netcharge : 14.389741763445258
aromaticity : 0.12765957446808512
gravy : 0.1662847790507362
instability : 42.75585924713595
