molecularweight : 36880.47330000004
pI : 6.462275123596191
netcharge : -1.7802994061715935
aromaticity : 0.08787878787878788
gravy : 0.13272727272727272
instability : 36.416666666666664
