molecularweight : 52911.96840000011
pI : 8.846819114685058
netcharge : 5.8359838955256365
aromaticity : 0.05241090146750524
gravy : -0.5553459119496849
instability : 63.31006289308199
