molecularweight : 26404.00190000001
pI : 6.5269578933715815
netcharge : -1.0386207383491985
aromaticity : 0.10480349344978165
gravy : -0.33930131004366837
instability : 40.99999999999999
