molecularweight : 29831.361999999997
pI : 6.404697227478027
netcharge : -1.9115157977421973
aromaticity : 0.05747126436781609
gravy : -0.8816091954022991
instability : 58.33295019157089
