molecularweight : 42753.41900000011
pI : 8.677525138854982
netcharge : 3.8998783406008464
aromaticity : 0.11518324607329844
gravy : 0.5068062827225133
instability : 47.41497382198954
