molecularweight : 52560.178600000065
pI : 8.865966224670409
netcharge : 4.75946397316347
aromaticity : 0.11506276150627615
gravy : 0.4361924686192472
instability : 32.36719665271966
