molecularweight : 34066.44650000002
pI : 5.267746925354003
netcharge : -8.105700659663654
aromaticity : 0.08881578947368421
gravy : -0.26842105263157917
instability : 20.87499999999999
