molecularweight : 31138.681600000033
pI : 9.176703834533694
netcharge : 7.304466302001849
aromaticity : 0.060836501901140684
gravy : -0.6794676806083648
instability : 54.673840304182484
