molecularweight : 55351.609000000004
pI : 9.008892631530763
netcharge : 11.026581721344158
aromaticity : 0.11133603238866396
gravy : 0.3299595141700406
instability : 33.905688259109304
