molecularweight : 132776.45070000098
pI : 6.02552433013916
netcharge : -16.427576130322763
aromaticity : 0.11072056239015818
gravy : -0.24973637961335596
instability : 40.60361159929716
