molecularweight : 14018.097299999985
pI : 10.095249366760253
netcharge : 9.560772086128738
aromaticity : 0.08064516129032258
gravy : -0.30564516129032265
instability : 46.279838709677406
