molecularweight : 34703.116799999996
pI : 5.3422060012817365
netcharge : -7.9467312119063
aromaticity : 0.0891089108910891
gravy : -0.34587458745874616
instability : 36.9390099009901
