molecularweight : 50754.4730000001
pI : 5.081883430480955
netcharge : -18.472059603329754
aromaticity : 0.10430839002267572
gravy : -0.028117913832199602
instability : 42.89251700680273
