molecularweight : 62770.76300000018
pI : 5.821074485778809
netcharge : -11.026231515967083
aromaticity : 0.08992805755395683
gravy : -0.2557553956834537
instability : 35.22122302158271
