molecularweight : 54785.46520000002
pI : 4.978209114074706
netcharge : -18.14960236633155
aromaticity : 0.1053763440860215
gravy : -0.9909677419354822
instability : 48.60516129032261
