molecularweight : 32397.02510000007
pI : 8.831991386413574
netcharge : 4.279907222874684
aromaticity : 0.07446808510638298
gravy : -0.15673758865248233
instability : 47.96560283687943
