molecularweight : 50990.84100000012
pI : 5.019758415222167
netcharge : -18.56546049850278
aromaticity : 0.07126948775055679
gravy : -0.43875278396436557
instability : 37.316703786191525
