molecularweight : 26343.386200000004
pI : 4.537081718444825
netcharge : -15.13363807873345
aromaticity : 0.04897959183673469
gravy : 0.08612244897959186
instability : 33.87065306122448
