molecularweight : 35072.3771
pI : 9.562418174743652
netcharge : 11.950916986393544
aromaticity : 0.10561056105610561
gravy : -0.37392739273927433
instability : 35.79706270627063
