molecularweight : 51283.50530000013
pI : 5.04232349395752
netcharge : -13.914859746444861
aromaticity : 0.07792207792207792
gravy : -1.174891774891774
instability : 57.63073593073607
