molecularweight : 211543.65090000047
pI : 5.370852851867675
netcharge : -56.16959774274332
aromaticity : 0.09989142236699239
gravy : -0.2635179153094447
instability : 44.85257871878425
