molecularweight : 26579.11000000002
pI : 9.795406913757322
netcharge : 12.874117411960462
aromaticity : 0.07659574468085106
gravy : -0.4859574468085112
instability : 35.996595744680846
