molecularweight : 60163.008600000176
pI : 6.066448402404785
netcharge : -4.742950638129457
aromaticity : 0.11363636363636365
gravy : -0.11325757575757592
instability : 35.045833333333334
