molecularweight : 56088.754700000034
pI : 5.033058738708497
netcharge : -16.74233307715363
aromaticity : 0.099601593625498
gravy : -0.21533864541832692
instability : 33.03569721115537
