molecularweight : 84804.69850000026
pI : 6.4073686599731445
netcharge : -4.035752451961088
aromaticity : 0.10201342281879194
gravy : -0.2605369127516778
instability : 50.99355704698001
