molecularweight : 17771.391899999984
pI : 9.458237266540529
netcharge : 5.686742985934398
aromaticity : 0.030303030303030304
gravy : -0.2878787878787879
instability : 36.288484848484835
