molecularweight : 66582.6144000002
pI : 4.401407051086426
netcharge : -63.7833191522112
aromaticity : 0.03166666666666667
gravy : -0.6313333333333327
instability : 63.490350000000205
