molecularweight : 34781.47370000004
pI : 5.016745948791503
netcharge : -14.109213490531232
aromaticity : 0.060200668896321065
gravy : -0.958193979933111
instability : 46.209698996655504
