molecularweight : 33672.68860000002
pI : 5.1057558059692365
netcharge : -9.939405122465711
aromaticity : 0.09180327868852459
gravy : -0.15836065573770494
instability : 33.059344262295085
