molecularweight : 19787.7012
pI : 9.815392112731931
netcharge : 17.58602735001352
aromaticity : 0.06321839080459771
gravy : -0.6856321839080461
instability : 64.33965517241379
