molecularweight : 35381.60260000006
pI : 5.898432350158691
netcharge : -7.364317264108813
aromaticity : 0.07836990595611285
gravy : -0.27241379310344854
instability : 47.133855799373
