molecularweight : 66085.65820000021
pI : 5.93640079498291
netcharge : -7.50537602951168
aromaticity : 0.12698412698412698
gravy : -0.34056437389770766
instability : 37.82560846560847
