molecularweight : 59386.343800000046
pI : 8.818001747131351
netcharge : 8.243094432233107
aromaticity : 0.07442748091603053
gravy : -0.5967557251908391
instability : 43.377500000000005
