molecularweight : 53522.04910000007
pI : 6.349506568908691
netcharge : -3.2735264152806636
aromaticity : 0.10675381263616557
gravy : -0.3337690631808284
instability : 58.900653594771335
