molecularweight : 97790.8498000007
pI : 5.710977363586426
netcharge : -14.837279978688812
aromaticity : 0.09931506849315068
gravy : -0.19885844748858453
instability : 41.71815068493169
