molecularweight : 42250.86600000007
pI : 9.246394157409668
netcharge : 10.131901444452524
aromaticity : 0.08446866485013624
gravy : -0.9122615803814718
instability : 46.179564032697556
