molecularweight : 107737.15520000072
pI : 7.984683418273927
netcharge : 4.579929349492431
aromaticity : 0.07781282860147214
gravy : -0.49232386961093505
instability : 46.60990536277627
