molecularweight : 67739.0433000005
pI : 9.083031272888185
netcharge : 7.866968802693123
aromaticity : 0.06403940886699508
gravy : -0.5532019704433496
instability : 62.62579638752068
