molecularweight : 52941.58870000006
pI : 5.752924537658691
netcharge : -7.667289366945106
aromaticity : 0.08547008547008547
gravy : -0.4273504273504274
instability : 40.85427350427349
