molecularweight : 149810.18269999992
pI : 9.345224189758301
netcharge : 51.132333045902925
aromaticity : 0.012693935119887166
gravy : -1.6299717912552893
instability : -14.000634696755824
