molecularweight : 31664.268199999977
pI : 8.81787281036377
netcharge : 3.7827598325932072
aromaticity : 0.04513888888888889
gravy : -0.7083333333333335
instability : 31.75625000000001
