molecularweight : 36974.476400000094
pI : 4.0500284194946286
netcharge : -94.10747370917554
aromaticity : 0.05120481927710843
gravy : -0.9448795180722888
instability : 69.57861445783136
