molecularweight : 120836.4325000009
pI : 5.604404258728027
netcharge : -18.840339446364965
aromaticity : 0.09770114942528735
gravy : -0.0825670498084292
instability : 43.12512452107299
