molecularweight : 69256.78340000022
pI : 6.395432472229005
netcharge : -5.41804745921948
aromaticity : 0.08652246256239601
gravy : -0.5149750415973372
instability : 46.564392678868664
