molecularweight : 74331.80900000027
pI : 6.950181007385253
netcharge : -0.20311111561235862
aromaticity : 0.08062015503875969
gravy : -0.33829457364341076
instability : 41.92434108527141
