molecularweight : 79298.67070000037
pI : 6.723563957214356
netcharge : -1.2673087996379166
aromaticity : 0.0920863309352518
gravy : -0.5824460431654671
instability : 40.457151079136814
