molecularweight : 100970.8266000006
pI : 7.270582389831543
netcharge : 1.0918507388465457
aromaticity : 0.10930232558139535
gravy : -0.7802325581395337
instability : 40.936988372093126
