molecularweight : 34065.4633
pI : 8.599260520935061
netcharge : 4.682887099968482
aromaticity : 0.06229508196721312
gravy : 0.008852459016393496
instability : 32.029836065573775
