molecularweight : 32316.857700000004
pI : 9.595619392395019
netcharge : 9.932991255339502
aromaticity : 0.10884353741496598
gravy : 0.0159863945578231
instability : 29.143639455782328
