molecularweight : 21016.2243
pI : 9.345611000061037
netcharge : 4.94581268675528
aromaticity : 0.10270270270270271
gravy : 0.18216216216216213
instability : 28.67513513513512
