molecularweight : 50600.892400000055
pI : 5.840854454040527
netcharge : -7.5427499958007616
aromaticity : 0.11883408071748879
gravy : -0.31995515695067267
instability : 37.11594170403586
