molecularweight : 24957.31350000003
pI : 6.911359977722168
netcharge : -0.14234638402311006
aromaticity : 0.07048458149779736
gravy : -0.1876651982378854
instability : 30.710132158590305
