molecularweight : 25254.190200000012
pI : 4.797063255310059
netcharge : -14.0134041019231
aromaticity : 0.08597285067873303
gravy : -0.5063348416289597
instability : 56.70316742081448
