molecularweight : 41052.59260000003
pI : 5.227561759948729
netcharge : -10.058260133960289
aromaticity : 0.12994350282485875
gravy : -0.32768361581920924
instability : 37.35878531073444
