molecularweight : 49072.632200000124
pI : 6.208091163635253
netcharge : -4.443643392521466
aromaticity : 0.06136363636363636
gravy : -0.5565909090909092
instability : 49.2218181818182
