molecularweight : 42272.213800000056
pI : 9.032616996765139
netcharge : 6.527881216113826
aromaticity : 0.040871934604904625
gravy : -0.9885558583106252
instability : 53.430790190735685
