molecularweight : 14441.393299999982
pI : 4.9875307083129865
netcharge : -4.322975019271009
aromaticity : 0.112
gravy : -0.08400000000000009
instability : 49.64487999999999
