molecularweight : 43335.386999999995
pI : 5.12724094390869
netcharge : -8.370046167231074
aromaticity : 0.06153846153846154
gravy : -0.10358974358974365
instability : 40.27666666666666
