molecularweight : 11396.312999999984
pI : 9.809847831726074
netcharge : 5.9949163473104115
aromaticity : 0.08
gravy : 0.12999999999999998
instability : 46.56399999999999
