molecularweight : 20627.297000000006
pI : 7.875087165832519
netcharge : 0.5998187613313064
aromaticity : 0.03571428571428571
gravy : 0.07040816326530612
instability : 13.48724489795918
