molecularweight : 17613.257400000002
pI : 5.780150413513183
netcharge : -1.3949854539555027
aromaticity : 0.11949685534591195
gravy : 0.479874213836478
instability : 34.520754716981116
