molecularweight : 24443.166900000004
pI : 4.901874351501465
netcharge : -7.338689242319006
aromaticity : 0.09345794392523364
gravy : -0.2757009345794393
instability : 49.61967289719625
