molecularweight : 22561.089700000015
pI : 9.035840415954592
netcharge : 3.5729167957823798
aromaticity : 0.1319796954314721
gravy : 0.1395939086294416
instability : 35.6523350253807
