molecularweight : 53390.76730000009
pI : 7.845560646057129
netcharge : 1.6637710488340716
aromaticity : 0.10460251046025104
gravy : -0.21841004184100488
instability : 31.6203138075314
