molecularweight : 81817.28820000042
pI : 5.912357902526855
netcharge : -8.382509278085848
aromaticity : 0.05234159779614325
gravy : -0.45399449035812545
instability : 44.80619834710755
