molecularweight : 31052.090299999996
pI : 9.652222633361816
netcharge : 10.342375961442269
aromaticity : 0.058394160583941604
gravy : -1.1430656934306573
instability : 91.1412408759125
