molecularweight : 140303.07430000085
pI : 5.522271919250487
netcharge : -26.328185735162833
aromaticity : 0.08110300081103
gravy : -0.30519059205190413
instability : 39.06822384428248
