molecularweight : 40434.664100000125
pI : 4.750114250183105
netcharge : -18.066876582407964
aromaticity : 0.05865921787709497
gravy : -0.7555865921787708
instability : 52.878491620111724
