molecularweight : 82436.97490000052
pI : 4.6375730514526365
netcharge : -47.04111493123693
aromaticity : 0.056074766355140186
gravy : -0.7202937249666224
instability : 47.0456742323099
