molecularweight : 24272.90819999999
pI : 5.654422569274902
netcharge : -6.677349231124266
aromaticity : 0.017699115044247787
gravy : -0.4769911504424779
instability : 68.14911504424776
