molecularweight : 32220.14620000007
pI : 8.703248023986816
netcharge : 2.9073150936220955
aromaticity : 0.06382978723404256
gravy : -0.7907801418439712
instability : 44.87021276595745
