molecularweight : 47750.0994000001
pI : 5.56768627166748
netcharge : -6.947227040190548
aromaticity : 0.10046728971962617
gravy : -0.36565420560747697
instability : 37.61217289719626
