molecularweight : 14409.183299999997
pI : 6.414359855651855
netcharge : -1.1395245566078422
aromaticity : 0.04838709677419355
gravy : -0.7766129032258068
instability : 55.901612903225804
