molecularweight : 21953.624400000015
pI : 6.418850135803221
netcharge : -1.1421733990295095
aromaticity : 0.05181347150259068
gravy : -0.5772020725388606
instability : 42.16580310880828
