molecularweight : 37012.0988
pI : 8.93346462249756
netcharge : 7.16410112209406
aromaticity : 0.09597523219814241
gravy : -0.025386996904024874
instability : 49.05359133126933
