molecularweight : 25084.851000000017
pI : 9.207519721984863
netcharge : 7.84740652298818
aromaticity : 0.06451612903225806
gravy : -0.6502304147465442
instability : 43.260829493087556
