molecularweight : 23955.11970000001
pI : 5.686479759216309
netcharge : -4.127044433929171
aromaticity : 0.0861244019138756
gravy : -0.39521531100478485
instability : 46.59569377990429
