molecularweight : 27863.086600000017
pI : 8.29819316864014
netcharge : 2.270627490477004
aromaticity : 0.16666666666666669
gravy : 0.2766666666666664
instability : 30.951249999999995
