molecularweight : 67524.08770000022
pI : 5.578883552551268
netcharge : -14.211182299723575
aromaticity : 0.08843537414965986
gravy : -0.613945578231291
instability : 41.07979591836742
