molecularweight : 44102.17560000003
pI : 7.769571876525879
netcharge : 1.0776143470391872
aromaticity : 0.0625
gravy : -0.00024038461538471967
instability : 18.18653846153847
