molecularweight : 63660.3096000002
pI : 6.043769645690918
netcharge : -8.031644680623756
aromaticity : 0.08571428571428572
gravy : -0.28928571428571437
instability : 47.67501785714295
