molecularweight : 28681.89320000002
pI : 9.287718391418458
netcharge : 10.901572074311593
aromaticity : 0.1328125
gravy : 0.7894531250000001
instability : 40.9016015625
