molecularweight : 45516.89430000002
pI : 9.62089099884033
netcharge : 14.062712154305451
aromaticity : 0.07711442786069651
gravy : -0.7082089552238807
instability : 45.20646766169152
