molecularweight : 70588.42460000029
pI : 8.324689674377442
netcharge : 3.8335737840022404
aromaticity : 0.11037891268533773
gravy : -0.21087314662273443
instability : 48.78354200988481
