molecularweight : 54450.0485000001
pI : 5.111098670959472
netcharge : -20.234212719930625
aromaticity : 0.07566462167689161
gravy : -0.2552147239263807
instability : 36.09511247443763
