molecularweight : 69634.26410000032
pI : 4.895337867736816
netcharge : -24.034350735683915
aromaticity : 0.06356589147286822
gravy : -0.39255813953488355
instability : 29.248868217054238
