molecularweight : 61514.07120000018
pI : 5.632596397399902
netcharge : -8.694243908701573
aromaticity : 0.10088495575221239
gravy : -0.12424778761061935
instability : 29.794867256637158
