molecularweight : 41199.22590000005
pI : 9.661635017395021
netcharge : 15.047585659771862
aromaticity : 0.05449591280653951
gravy : -0.5967302452316077
instability : 58.196757493188024
