molecularweight : 123594.62380000082
pI : 5.3141275405883786
netcharge : -29.773773022758263
aromaticity : 0.0942507068803016
gravy : -0.7518378887841652
instability : 43.04590951932159
