molecularweight : 52862.7442
pI : 7.694032859802246
netcharge : 2.050371235171042
aromaticity : 0.1108695652173913
gravy : -0.25956521739130417
instability : 30.512608695652176
