molecularweight : 27230.415600000015
pI : 4.99060001373291
netcharge : -8.133697914704793
aromaticity : 0.11440677966101695
gravy : -0.32076271186440697
instability : 50.11063559322035
