molecularweight : 47252.7509
pI : 9.350252723693849
netcharge : 12.766167716135378
aromaticity : 0.07621247113163972
gravy : -0.27829099307159394
instability : 32.47136258660506
