molecularweight : 59396.29360000013
pI : 8.522156333923341
netcharge : 6.958941104304429
aromaticity : 0.09193245778611632
gravy : -0.43039399624765506
instability : 43.08500938086307
