molecularweight : 140195.91250000073
pI : 5.317310523986817
netcharge : -36.34800250084896
aromaticity : 0.0636734693877551
gravy : -0.7122448979591836
instability : 39.69967346938793
