molecularweight : 69712.26560000036
pI : 4.9740598678588865
netcharge : -26.202348500546925
aromaticity : 0.06666666666666667
gravy : -0.347301587301587
instability : 52.26253968253993
