molecularweight : 82353.08940000042
pI : 6.337399864196779
netcharge : -4.210076436916594
aromaticity : 0.1
gravy : -0.4272222222222214
instability : 27.42958333333331
