molecularweight : 78871.60680000034
pI : 6.2359422683715815
netcharge : -5.982613204596177
aromaticity : 0.10204081632653061
gravy : -0.49941690962099144
instability : 34.77422740524787
