molecularweight : 24678.46240000003
pI : 9.548557472229003
netcharge : 12.129956036859259
aromaticity : 0.0639269406392694
gravy : -0.6680365296803655
instability : 47.27853881278537
