molecularweight : 29786.04090000002
pI : 9.66092586517334
netcharge : 13.91456859954102
aromaticity : 0.05905511811023622
gravy : -1.366535433070865
instability : 54.58700787401577
