molecularweight : 35213.39080000002
pI : 9.470937538146973
netcharge : 11.160287263771956
aromaticity : 0.13531353135313534
gravy : 0.3610561056105607
instability : 33.99141914191419
