molecularweight : 33380.524200000014
pI : 4.799848365783691
netcharge : -21.738269550978167
aromaticity : 0.061224489795918366
gravy : -0.8792517006802723
instability : 47.53367346938775
