molecularweight : 51260.22890000009
pI : 5.386369895935059
netcharge : -12.540826934937463
aromaticity : 0.06277056277056278
gravy : -0.6471861471861469
instability : 55.00909090909103
