molecularweight : 43648.40560000001
pI : 5.599061393737792
netcharge : -7.754211543128278
aromaticity : 0.056701030927835044
gravy : -0.2456185567010311
instability : 40.93402061855671
