molecularweight : 153304.4920000007
pI : 8.372912025451662
netcharge : 8.941522804048304
aromaticity : 0.08265078183172003
gravy : -0.4269545793000737
instability : 38.73493670886105
