molecularweight : 39643.625400000026
pI : 6.321598625183106
netcharge : -3.4130546962770154
aromaticity : 0.09770114942528736
gravy : -0.3045977011494258
instability : 38.113821839080465
