molecularweight : 44309.56160000001
pI : 7.688178443908692
netcharge : 0.9840805693364345
aromaticity : 0.09547738693467336
gravy : -0.38316582914572866
instability : 34.75904522613066
