molecularweight : 43693.101500000004
pI : 6.023875999450683
netcharge : -4.716454241461065
aromaticity : 0.1131578947368421
gravy : -0.2515789473684212
instability : 37.31607894736841
