molecularweight : 50610.98720000003
pI : 9.496982765197757
netcharge : 21.10110962969712
aromaticity : 0.056179775280898875
gravy : -1.0325842696629188
instability : 43.37078651685393
