molecularweight : 40655.54230000012
pI : 8.275242424011232
netcharge : 2.410427865005346
aromaticity : 0.09428571428571428
gravy : -1.1311428571428563
instability : 59.86317142857145
