molecularweight : 114730.91120000083
pI : 4.970251655578613
netcharge : -41.58033590501935
aromaticity : 0.08183632734530938
gravy : -0.06187624750499008
instability : 41.30778443113787
