molecularweight : 22211.8263
pI : 7.788892936706543
netcharge : 0.6905751890564531
aromaticity : 0.15625
gravy : -0.5723958333333333
instability : 40.49692708333334
