molecularweight : 43601.82470000011
pI : 4.793482398986817
netcharge : -18.870740541104567
aromaticity : 0.09210526315789475
gravy : -0.3028947368421057
instability : 42.34631578947368
