molecularweight : 34012.873500000045
pI : 9.615862464904787
netcharge : 15.904574350756626
aromaticity : 0.06574394463667821
gravy : -1.3619377162629747
instability : 51.85121107266434
