molecularweight : 22671.05699999999
pI : 10.24307537078857
netcharge : 21.942926343943597
aromaticity : 0.09547738693467336
gravy : -0.5658291457286434
instability : 38.83969849246231
