molecularweight : 13881.81199999998
pI : 9.501624488830569
netcharge : 3.8495332550191925
aromaticity : 0.05084745762711865
gravy : -0.5228813559322036
instability : 46.84830508474575
