molecularweight : 37855.799500000045
pI : 5.29747371673584
netcharge : -7.196077469604241
aromaticity : 0.07598784194528875
gravy : -0.41398176291793326
instability : 43.94103343465046
