molecularweight : 85518.93780000047
pI : 8.7227819442749
netcharge : 10.07948419854256
aromaticity : 0.10796221322537111
gravy : -0.43373819163292754
instability : 34.91784075573556
