molecularweight : 116655.26280000078
pI : 7.554493141174317
netcharge : 2.9705833313549164
aromaticity : 0.09705882352941177
gravy : -0.44225490196078315
instability : 45.651882352941406
