molecularweight : 11160.693799999985
pI : 9.219704246520994
netcharge : 1.6934860363627244
aromaticity : 0.05
gravy : -0.35700000000000004
instability : 48.13799999999998
