molecularweight : 94836.64270000074
pI : 4.637118339538574
netcharge : -49.29878283577062
aromaticity : 0.08941176470588236
gravy : -0.3638823529411762
instability : 40.54283529411781
