molecularweight : 35960.13340000002
pI : 6.594596290588379
netcharge : -0.9841275027976515
aromaticity : 0.13738019169329074
gravy : 0.2306709265175717
instability : 39.442843450479245
