molecularweight : 102080.74590000071
pI : 4.664457893371583
netcharge : -58.94964208860287
aromaticity : 0.06666666666666667
gravy : -0.19803278688524525
instability : 38.51464480874333
