molecularweight : 36212.71770000001
pI : 5.8403429031372065
netcharge : -7.383605351414905
aromaticity : 0.14195583596214512
gravy : -0.5845425867507886
instability : 47.60003154574131
