molecularweight : 37607.71410000003
pI : 6.097880363464354
netcharge : -3.792285357270039
aromaticity : 0.0823529411764706
gravy : -0.14941176470588238
instability : 33.11970588235295
