molecularweight : 11915.24979999999
pI : 4.091350364685058
netcharge : -16.285565328691312
aromaticity : 0.10576923076923078
gravy : -0.10769230769230759
instability : 32.72019230769229
