molecularweight : 45880.61350000004
pI : 5.593320655822754
netcharge : -5.173316394688712
aromaticity : 0.05104408352668213
gravy : -0.2582366589327151
instability : 43.86148491879348
