molecularweight : 61855.77240000005
pI : 4.692593193054199
netcharge : -38.867959121584036
aromaticity : 0.08178438661710037
gravy : -0.6124535315985119
instability : 44.689052044609674
