molecularweight : 68675.85680000024
pI : 5.953509330749512
netcharge : -6.534844301685993
aromaticity : 0.0903010033444816
gravy : -0.52324414715719
instability : 47.78561872909706
