molecularweight : 39974.62040000011
pI : 6.0627538681030275
netcharge : -2.98736938413159
aromaticity : 0.14689265536723162
gravy : 0.4048022598870063
instability : 40.25940677966101
