molecularweight : 13124.266099999983
pI : 10.134704017639159
netcharge : 12.667086871369122
aromaticity : 0.11818181818181817
gravy : -0.7363636363636367
instability : 44.36363636363637
