molecularweight : 26294.8956
pI : 4.767848014831543
netcharge : -8.057297571523204
aromaticity : 0.06130268199233716
gravy : -0.12720306513409957
instability : 38.2567049808429
