molecularweight : 27771.79650000002
pI : 4.511276817321778
netcharge : -12.161562980457802
aromaticity : 0.15702479338842976
gravy : 0.3004132231404956
instability : 37.49756198347108
