molecularweight : 100169.5397000008
pI : 8.8542329788208
netcharge : 12.409608570233033
aromaticity : 0.05837004405286343
gravy : -0.5867841409691605
instability : 40.998458149779935
