molecularweight : 23534.341900000047
pI : 10.054763221740721
netcharge : 32.6016473506048
aromaticity : 0.04975124378109453
gravy : -1.355223880597016
instability : 32.966666666666654
