molecularweight : 121881.79620000038
pI : 5.633733177185058
netcharge : -19.4243532308287
aromaticity : 0.06233062330623306
gravy : -0.6246612466124661
instability : 57.652872628726605
