molecularweight : 93746.56380000053
pI : 4.561067771911622
netcharge : -58.62059209015982
aromaticity : 0.08949880668257756
gravy : -0.10155131264916467
instability : 40.51445107398579
