molecularweight : 29025.130600000033
pI : 4.817525291442871
netcharge : -16.085311148109962
aromaticity : 0.07392996108949416
gravy : -0.49961089494163446
instability : 57.74249027237354
