molecularweight : 37029.40340000007
pI : 4.9196081161499015
netcharge : -19.62801508190784
aromaticity : 0.04229607250755287
gravy : -0.7891238670694859
instability : 68.52779456193356
