molecularweight : 115557.15140000069
pI : 6.279310417175293
netcharge : -7.439016524998294
aromaticity : 0.06660231660231661
gravy : -0.42355212355212274
instability : 53.93784749034775
