molecularweight : 41188.80420000002
pI : 5.360962867736816
netcharge : -7.9874411789085045
aromaticity : 0.04043126684636118
gravy : -0.9167115902964957
instability : 53.45121293800538
