molecularweight : 22289.00270000002
pI : 9.933304786682129
netcharge : 13.846764850117973
aromaticity : 0.10526315789473684
gravy : -0.842105263157895
instability : 65.12684210526312
