molecularweight : 41055.92160000005
pI : 4.883515357971191
netcharge : -18.815690533209498
aromaticity : 0.05555555555555555
gravy : -0.4511111111111119
instability : 37.238083333333314
