molecularweight : 34870.86729999999
pI : 6.103677940368651
netcharge : -2.9889971915079627
aromaticity : 0.040625
gravy : 0.06468750000000005
instability : 32.245312500000004
