molecularweight : 31068.96800000002
pI : 10.417591285705566
netcharge : 28.67697401815886
aromaticity : 0.07942238267148014
gravy : -0.7682310469314079
instability : 48.428519855595646
