molecularweight : 51019.61680000007
pI : 7.930014228820801
netcharge : 2.2016103773185733
aromaticity : 0.11161731207289294
gravy : -0.6733485193621864
instability : 38.11594533029612
