molecularweight : 64261.37900000018
pI : 9.161102485656738
netcharge : 12.595902076184856
aromaticity : 0.06479859894921192
gravy : -0.3413309982486873
instability : 35.05919439579684
