molecularweight : 31239.6902
pI : 7.11995906829834
netcharge : 0.26555013272049166
aromaticity : 0.0528169014084507
gravy : -0.7809859154929576
instability : 30.8718309859155
