molecularweight : 46233.78730000004
pI : 5.788903617858887
netcharge : -9.239108620487578
aromaticity : 0.12376237623762376
gravy : -0.392821782178218
instability : 48.80769801980199
