molecularweight : 47687.4477
pI : 9.631657218933103
netcharge : 26.1165901856873
aromaticity : 0.03414634146341464
gravy : -1.5365853658536557
instability : 49.03682926829265
