molecularweight : 56841.20120000006
pI : 5.208520698547362
netcharge : -11.991044494476796
aromaticity : 0.07129094412331406
gravy : -0.44894026974951873
instability : 45.33795761079005
