molecularweight : 53157.858500000046
pI : 4.840033531188964
netcharge : -25.54326552003974
aromaticity : 0.09586056644880175
gravy : -0.30283224400871434
instability : 41.93795206971678
