molecularweight : 57660.28060000025
pI : 5.587523078918457
netcharge : -14.929768856876542
aromaticity : 0.0735009671179884
gravy : -0.6427466150870412
instability : 62.30831721470037
