molecularweight : 49759.39750000007
pI : 4.932055854797362
netcharge : -20.651893587814307
aromaticity : 0.09865470852017937
gravy : -0.33295964125560557
instability : 35.27177130044842
