molecularweight : 68137.9962000002
pI : 4.2845460891723635
netcharge : -83.45665248152547
aromaticity : 0.03322259136212625
gravy : -0.9021594684385382
instability : 48.85514950166124
