molecularweight : 132726.78270000074
pI : 6.407311820983887
netcharge : -6.143792904816493
aromaticity : 0.1038961038961039
gravy : -0.5262337662337668
instability : 45.749991341991624
