molecularweight : 45137.41480000008
pI : 4.145347404479979
netcharge : -68.54906409132342
aromaticity : 0.05486284289276808
gravy : -0.8289276807980045
instability : 51.6059850374065
