molecularweight : 19105.384100000007
pI : 5.965275001525879
netcharge : -3.03669737734484
aromaticity : 0.10240963855421686
gravy : -0.5120481927710846
instability : 30.92234939759034
