molecularweight : 27868.65850000002
pI : 5.484587669372559
netcharge : -6.895909095726999
aromaticity : 0.102880658436214
gravy : -0.10246913580246918
instability : 33.702469135802474
