molecularweight : 12940.988799999988
pI : 8.807106590270998
netcharge : 2.650061254639226
aromaticity : 0.09482758620689655
gravy : 0.10086206896551722
instability : 54.46637931034483
