molecularweight : 44232.72810000006
pI : 5.875696754455566
netcharge : -5.845074674140619
aromaticity : 0.030769230769230767
gravy : -1.1930769230769216
instability : 52.18128205128204
