molecularweight : 112810.29450000072
pI : 9.000060462951662
netcharge : 16.95170447940704
aromaticity : 0.09815950920245399
gravy : -0.13691206543967316
instability : 35.201339468302805
