molecularweight : 42047.83340000009
pI : 8.121549797058105
netcharge : 2.3497147695237715
aromaticity : 0.11320754716981132
gravy : -0.22776280323450157
instability : 45.9555525606469
