molecularweight : 21801.789599999942
pI : 4.881071281433106
netcharge : -4.405308003504544
aromaticity : 0.12060301507537688
gravy : -1.0974874371859293
instability : 68.20110552763812
