molecularweight : 62837.70960000005
pI : 6.134370994567871
netcharge : -6.219660630264997
aromaticity : 0.10564663023679417
gravy : -0.3264116575591986
instability : 40.094535519125735
