molecularweight : 27697.59800000004
pI : 6.0378015518188475
netcharge : -6.269106123150614
aromaticity : 0.1313559322033898
gravy : -0.18898305084745778
instability : 34.624618644067795
