molecularweight : 56815.12620000006
pI : 9.05447177886963
netcharge : 8.976895416769537
aromaticity : 0.10526315789473684
gravy : -0.6483805668016189
instability : 53.14251012145752
