molecularweight : 78513.75190000035
pI : 8.310248756408694
netcharge : 4.615217439681203
aromaticity : 0.09672830725462304
gravy : -0.20270270270270335
instability : 31.143669985775283
