molecularweight : 123196.50290000085
pI : 4.909661293029784
netcharge : -59.69082526292533
aromaticity : 0.08861940298507462
gravy : -0.46940298507462486
instability : 39.27708022388074
