molecularweight : 111392.10320000068
pI : 8.52834529876709
netcharge : 8.831924259421655
aromaticity : 0.09035532994923857
gravy : -0.17451776649746192
instability : 38.5755431472083
