molecularweight : 41001.52840000002
pI : 6.462445640563964
netcharge : -2.4377305971065937
aromaticity : 0.055702917771883284
gravy : -0.15809018567639266
instability : 39.809814323607426
