molecularweight : 23747.70520000002
pI : 9.792119026184082
netcharge : 11.599765874191686
aromaticity : 0.028169014084507043
gravy : -0.8276995305164322
instability : 66.40093896713616
