molecularweight : 31366.89980000001
pI : 6.1833093643188475
netcharge : -2.8797366212365176
aromaticity : 0.10507246376811594
gravy : -0.7456521739130436
instability : 44.83514492753622
