molecularweight : 98948.40390000059
pI : 6.791884422302245
netcharge : -1.0437362320906516
aromaticity : 0.0942350332594235
gravy : -0.19345898004434584
instability : 36.492926829268484
