molecularweight : 72601.92880000033
pI : 4.824402809143066
netcharge : -34.29843172983854
aromaticity : 0.07585139318885449
gravy : -0.3139318885448914
instability : 52.789318885449056
