molecularweight : 64151.89930000019
pI : 6.410381126403809
netcharge : -1.9644067342767428
aromaticity : 0.15614035087719297
gravy : 0.378245614035088
instability : 38.548649122807
