molecularweight : 44995.397199999956
pI : 4.367928886413575
netcharge : -22.23316114307256
aromaticity : 0.09280742459396751
gravy : -0.3322505800464043
instability : 43.26241299303943
