molecularweight : 53652.27570000006
pI : 4.959509086608886
netcharge : -12.157634928439876
aromaticity : 0.14730290456431536
gravy : 0.383195020746888
instability : 36.77240663900415
