molecularweight : 75656.18610000037
pI : 8.351830863952639
netcharge : 4.191268928055067
aromaticity : 0.09908536585365854
gravy : -0.7068597560975591
instability : 61.6389024390247
