molecularweight : 46232.07460000005
pI : 8.561030769348147
netcharge : 4.009644592328897
aromaticity : 0.0891089108910891
gravy : -0.4858910891089108
instability : 61.447277227722886
