molecularweight : 36935.34240000004
pI : 8.245135688781737
netcharge : 2.283486342749164
aromaticity : 0.08
gravy : -0.15323076923076914
instability : 26.896000000000004
