molecularweight : 29526.806000000022
pI : 8.831604576110841
netcharge : 4.99393309292973
aromaticity : 0.07662835249042145
gravy : -0.14252873563218388
instability : 36.44942528735632
