molecularweight : 96260.88130000059
pI : 5.409332847595214
netcharge : -21.627308041329513
aromaticity : 0.12351543942992875
gravy : -0.007719714964370763
instability : 39.94906175771983
