molecularweight : 15457.897899999985
pI : 10.637041664123537
netcharge : 15.846135375036367
aromaticity : 0.05
gravy : -1.1664285714285718
instability : 51.98578571428569
