molecularweight : 49952.747300000054
pI : 5.757073783874512
netcharge : -5.861868551918221
aromaticity : 0.08609271523178808
gravy : -0.2216335540838854
instability : 32.659183222958056
