molecularweight : 41472.906400000014
pI : 9.891722679138184
netcharge : 19.850204647183485
aromaticity : 0.10106382978723405
gravy : -0.03324468085106386
instability : 40.041755319148926
