molecularweight : 85344.69040000034
pI : 6.176772880554199
netcharge : -4.566260801933595
aromaticity : 0.05813953488372093
gravy : -0.5068475452196384
instability : 53.38630490956089
