molecularweight : 36137.866000000045
pI : 5.57030086517334
netcharge : -6.02954920165692
aromaticity : 0.0701219512195122
gravy : -0.1710365853658536
instability : 43.58112804878048
