molecularweight : 37063.47040000002
pI : 4.838101005554199
netcharge : -14.833166615156692
aromaticity : 0.07142857142857142
gravy : -0.35892857142857143
instability : 29.75922619047618
