molecularweight : 53986.02150000001
pI : 5.474811363220215
netcharge : -9.819041577500641
aromaticity : 0.09456740442655936
gravy : -0.06559356136820915
instability : 28.063621730382284
