molecularweight : 41973.09430000002
pI : 5.192492103576659
netcharge : -9.061700910234812
aromaticity : 0.07591623036649214
gravy : -0.18089005235602115
instability : 34.43222513089005
