molecularweight : 35950.50730000001
pI : 4.0500284194946286
netcharge : -27.34513520993497
aromaticity : 0.12232415902140673
gravy : 0.39602446483180376
instability : 33.446788990825695
