molecularweight : 20848.3342
pI : 5.856257820129394
netcharge : -2.2974650303094464
aromaticity : 0.0913978494623656
gravy : -0.43333333333333374
instability : 38.302150537634404
