molecularweight : 50989.483800000045
pI : 5.195106697082519
netcharge : -18.172466097890222
aromaticity : 0.08061002178649238
gravy : 0.061437908496731704
instability : 45.627690631808264
