molecularweight : 23766.086800000016
pI : 8.556582450866703
netcharge : 2.372031641928146
aromaticity : 0.08095238095238094
gravy : -0.1980952380952381
instability : 43.48571428571427
