molecularweight : 99621.94120000064
pI : 4.997704887390136
netcharge : -37.52004312591241
aromaticity : 0.13924050632911394
gravy : -0.4056386651323352
instability : 35.32635212888397
