molecularweight : 15653.579399999988
pI : 7.010259819030761
netcharge : 0.011601661781750039
aromaticity : 0.05714285714285714
gravy : -0.4600000000000006
instability : 31.506428571428565
