molecularweight : 86991.70910000055
pI : 9.278434944152831
netcharge : 15.285930001519759
aromaticity : 0.049681528662420385
gravy : -1.0352866242038221
instability : 64.78267515923596
