molecularweight : 42208.97990000004
pI : 8.931723976135256
netcharge : 7.111102940909063
aromaticity : 0.07446808510638298
gravy : -0.29042553191489373
instability : 30.08031914893617
