molecularweight : 19046.8577
pI : 4.745339775085449
netcharge : -16.15538545468333
aromaticity : 0.024844720496894408
gravy : -1.3217391304347823
instability : 28.805590062111804
