molecularweight : 85454.93030000039
pI : 6.192176246643067
netcharge : -13.076990420615715
aromaticity : 0.06657789613848203
gravy : -0.759786950732356
instability : 51.691877496671324
