molecularweight : 130038.30830000078
pI : 5.642259025573731
netcharge : -28.465865866353056
aromaticity : 0.10150044130626655
gravy : -0.6584289496910852
instability : 49.444139452780426
