molecularweight : 34298.438200000026
pI : 7.779416084289552
netcharge : 0.7986293714122468
aromaticity : 0.07692307692307693
gravy : -0.434782608695652
instability : 51.553846153846145
