molecularweight : 33479.19430000003
pI : 10.23089084625244
netcharge : 22.70721782310639
aromaticity : 0.0847457627118644
gravy : -1.00271186440678
instability : 48.81457627118643
