molecularweight : 134937.53120000058
pI : 7.396367073059082
netcharge : 2.250415125278323
aromaticity : 0.10176619007569386
gravy : -0.25828427249789615
instability : 41.77233809924337
