molecularweight : 34473.06720000005
pI : 4.988155937194824
netcharge : -11.20095535635204
aromaticity : 0.076158940397351
gravy : -0.7357615894039737
instability : 55.1689072847682
