molecularweight : 37184.068000000014
pI : 4.445627784729004
netcharge : -26.32793379385219
aromaticity : 0.056213017751479286
gravy : -0.4704142011834317
instability : 40.43047337278105
