molecularweight : 142489.43580000038
pI : 8.37110691070557
netcharge : 6.925973757780071
aromaticity : 0.08171521035598706
gravy : -0.7356796116504881
instability : 45.08666666666696
