molecularweight : 33196.69070000001
pI : 6.148523902893066
netcharge : -3.7046604256457805
aromaticity : 0.09215017064846416
gravy : -0.29761092150170704
instability : 36.14709897610921
