molecularweight : 27343.003100000038
pI : 9.396541023254393
netcharge : 10.608970430613642
aromaticity : 0.0967741935483871
gravy : 0.2971774193548385
instability : 32.18427419354837
