molecularweight : 90651.91010000044
pI : 8.156233787536621
netcharge : 4.834766854260295
aromaticity : 0.10432569974554706
gravy : -0.2555979643765902
instability : 47.10806615776096
