molecularweight : 89278.2960000006
pI : 7.237388420104981
netcharge : 1.0295955999856687
aromaticity : 0.08333333333333333
gravy : -0.33042929292929296
instability : 43.46921717171742
