molecularweight : 14659.855599999983
pI : 4.908297157287596
netcharge : -10.181546713611066
aromaticity : 0.03731343283582089
gravy : -1.0007462686567175
instability : 29.40746268656715
