molecularweight : 62836.83790000013
pI : 6.091684913635253
netcharge : -4.606807033111842
aromaticity : 0.1347517730496454
gravy : 0.5652482269503555
instability : 35.75622340425533
