molecularweight : 15876.077399999986
pI : 6.362067985534667
netcharge : -0.5092622545747076
aromaticity : 0.10370370370370371
gravy : -0.6022222222222223
instability : 52.22888888888889
