molecularweight : 61310.17980000018
pI : 5.696256065368652
netcharge : -9.494411953070554
aromaticity : 0.11235955056179775
gravy : -0.3200374531835205
instability : 47.9745318352061
