molecularweight : 27878.351500000008
pI : 9.272761726379393
netcharge : 4.876738394165223
aromaticity : 0.10080645161290322
gravy : -0.32137096774193546
instability : 41.262499999999996
