molecularweight : 17675.0756
pI : 4.690319633483886
netcharge : -14.016304860445086
aromaticity : 0.05660377358490566
gravy : -0.88993710691824
instability : 30.67672955974842
