molecularweight : 58407.790700000194
pI : 4.441592216491699
netcharge : -29.836341006866483
aromaticity : 0.09925093632958801
gravy : -0.19250936329588011
instability : 31.445692883895138
