molecularweight : 12822.533899999984
pI : 9.476095008850098
netcharge : 4.769908972618033
aromaticity : 0.09009009009009009
gravy : -0.6423423423423423
instability : 55.781171171171174
