molecularweight : 49688.2272
pI : 5.4034215927124025
netcharge : -14.27538023935859
aromaticity : 0.08064516129032258
gravy : -0.17603686635944715
instability : 30.723732718894002
