molecularweight : 51571.69420000007
pI : 4.7775674819946286
netcharge : -19.95031154404424
aromaticity : 0.1141552511415525
gravy : -0.07054794520547936
instability : 44.4078310502283
