molecularweight : 23341.203900000015
pI : 5.156683540344236
netcharge : -6.35061494449203
aromaticity : 0.024509803921568627
gravy : -0.8151960784313727
instability : 41.27058823529413
