molecularweight : 46816.77230000004
pI : 5.60122127532959
netcharge : -11.303598711153263
aromaticity : 0.05411764705882353
gravy : -0.27176470588235335
instability : 28.18917647058823
