molecularweight : 61270.3197000002
pI : 6.372185325622559
netcharge : -4.046863235752909
aromaticity : 0.07182320441988951
gravy : -0.8064456721915276
instability : 48.340515653775434
