molecularweight : 50417.98250000008
pI : 5.1579908370971665
netcharge : -18.438969299648363
aromaticity : 0.049217002237136466
gravy : -0.5921700223713647
instability : 41.08926174496643
