molecularweight : 26358.89360000003
pI : 7.854715156555176
netcharge : 0.8029765563120357
aromaticity : 0.05194805194805195
gravy : -0.41298701298701324
instability : 49.433766233766235
