molecularweight : 39637.9557
pI : 6.2105920791625975
netcharge : -5.142799563976197
aromaticity : 0.04507042253521127
gravy : -0.6571830985915492
instability : 41.94647887323945
