molecularweight : 38760.48779999998
pI : 8.293035697937015
netcharge : 2.3975606944765104
aromaticity : 0.06666666666666667
gravy : -0.5947826086956521
instability : 47.00057971014494
