molecularweight : 155012.12900000036
pI : 9.328204536437987
netcharge : 39.805263482500465
aromaticity : 0.08737151248164464
gravy : -0.6234948604992663
instability : 44.08349486049965
