molecularweight : 34681.364800000025
pI : 4.0500284194946286
netcharge : -61.328590332738756
aromaticity : 0.0581039755351682
gravy : -0.3373088685015286
instability : 62.38504587155963
