molecularweight : 47109.24060000003
pI : 6.122377967834471
netcharge : -2.994990499186443
aromaticity : 0.12469437652811735
gravy : -0.49559902200489003
instability : 29.416405867970663
