molecularweight : 44594.84990000007
pI : 5.18544406890869
netcharge : -12.91982037982931
aromaticity : 0.07751937984496124
gravy : -1.0162790697674406
instability : 43.17286821705426
