molecularweight : 36561.800700000036
pI : 9.590397453308103
netcharge : 18.031222801061965
aromaticity : 0.07006369426751592
gravy : -0.8783439490445863
instability : 47.86433121019107
