molecularweight : 24325.408100000008
pI : 4.745567131042479
netcharge : -12.065451345929219
aromaticity : 0.10900473933649289
gravy : -0.18104265402843586
instability : 44.01943127962086
