molecularweight : 279924.5160000007
pI : 6.6224473953247065
netcharge : -6.679553773781834
aromaticity : 0.09702405218100285
gravy : -0.2622503057480631
instability : 38.30393395841861
