molecularweight : 98270.20750000057
pI : 6.098107719421385
netcharge : -11.977534371447092
aromaticity : 0.13995215311004783
gravy : -0.20203349282296673
instability : 42.5728110047848
