molecularweight : 88320.93930000052
pI : 5.818800926208497
netcharge : -14.542176769353546
aromaticity : 0.0946822308690013
gravy : -0.24150453955901433
instability : 42.01456549935165
