molecularweight : 57252.58470000008
pI : 8.813360023498536
netcharge : 6.420779462294654
aromaticity : 0.11787819253438114
gravy : 0.4131630648330057
instability : 30.829901768172896
