molecularweight : 59574.73190000017
pI : 5.018621635437011
netcharge : -24.144056590240595
aromaticity : 0.1016949152542373
gravy : -0.46892655367231684
instability : 38.32696798493408
