molecularweight : 40859.93120000003
pI : 8.851396369934083
netcharge : 6.103478394062002
aromaticity : 0.08152173913043478
gravy : -0.027173913043478114
instability : 34.36222826086955
