molecularweight : 59743.964100000056
pI : 9.102823066711426
netcharge : 13.271861672328136
aromaticity : 0.1259259259259259
gravy : 0.5403703703703717
instability : 29.885203703703695
