molecularweight : 101159.35340000066
pI : 5.24131679534912
netcharge : -30.458577313102694
aromaticity : 0.059800664451827246
gravy : -0.4860465116279061
instability : 38.9408748615727
