molecularweight : 57057.59130000013
pI : 4.291537284851075
netcharge : -34.95918695339505
aromaticity : 0.123046875
gravy : -0.30742187500000057
instability : 37.2445703125
