molecularweight : 77687.65510000003
pI : 5.241657829284667
netcharge : -16.458567216889804
aromaticity : 0.06847360912981454
gravy : -1.0067047075606277
instability : 57.67617689015719
