molecularweight : 38865.57430000001
pI : 5.970390510559082
netcharge : -3.1191559609049158
aromaticity : 0.14327485380116958
gravy : 0.28011695906432743
instability : 30.391812865497077
