molecularweight : 48394.97020000007
pI : 8.7587553024292
netcharge : 3.712121497307855
aromaticity : 0.06935123042505592
gravy : -0.06979865771812076
instability : 30.573870246085015
