molecularweight : 35253.98830000005
pI : 5.647886085510254
netcharge : -5.044756370967896
aromaticity : 0.09933774834437087
gravy : -0.20198675496688748
instability : 40.82023178807948
