molecularweight : 64551.796000000155
pI : 5.598265647888183
netcharge : -11.415679286815
aromaticity : 0.1054421768707483
gravy : 0.22823129251700688
instability : 30.439999999999984
