molecularweight : 74549.38400000028
pI : 8.607190132141117
netcharge : 5.701813055590506
aromaticity : 0.06125574272588055
gravy : -0.9036753445635508
instability : 48.25589586523748
