molecularweight : 23328.363599999993
pI : 4.0500284194946286
netcharge : -30.183198892484334
aromaticity : 0.07142857142857142
gravy : -0.39857142857142863
instability : 38.70857142857142
