molecularweight : 22599.131700000005
pI : 5.809820365905763
netcharge : -1.461857073305314
aromaticity : 0.09375
gravy : -0.2901041666666667
instability : 59.04953125
