molecularweight : 38972.13710000002
pI : 9.723653602600098
netcharge : 17.30084612040328
aromaticity : 0.0650887573964497
gravy : -0.4233727810650891
instability : 30.318343195266262
