molecularweight : 54883.95050000006
pI : 5.380401802062988
netcharge : -11.649872435680408
aromaticity : 0.10040983606557377
gravy : -0.18852459016393458
instability : 35.0307786885246
