molecularweight : 33742.48230000005
pI : 5.2060766220092765
netcharge : -11.756857966301894
aromaticity : 0.10702341137123746
gravy : -0.35785953177257546
instability : 38.22173913043478
