molecularweight : 31640.585400000004
pI : 7.736889457702637
netcharge : 0.7981795488460648
aromaticity : 0.06228373702422145
gravy : -0.22214532871972328
instability : 35.97131487889272
