molecularweight : 74462.52130000028
pI : 4.568797874450684
netcharge : -49.71187473131793
aromaticity : 0.1035007610350076
gravy : -0.3336377473363776
instability : 40.299695585997014
