molecularweight : 40325.00640000007
pI : 8.540981101989747
netcharge : 7.597284733079164
aromaticity : 0.0702247191011236
gravy : -0.8244382022471906
instability : 48.88766853932582
