molecularweight : 38921.582000000046
pI : 5.176236152648924
netcharge : -8.104951072340775
aromaticity : 0.0856353591160221
gravy : -0.0071823204419889765
instability : 28.803314917127054
