molecularweight : 33448.66190000001
pI : 9.14859561920166
netcharge : 6.964352694330323
aromaticity : 0.10526315789473684
gravy : -0.24315789473684254
instability : 59.23477192982453
