molecularweight : 27842.890500000016
pI : 4.442672157287597
netcharge : -17.04085992235098
aromaticity : 0.08764940239043825
gravy : -0.6848605577689247
instability : 23.898406374501977
