molecularweight : 14982.675899999986
pI : 7.968630790710448
netcharge : 0.6153220340319798
aromaticity : 0.046153846153846156
gravy : -0.8892307692307694
instability : 48.84230769230768
