molecularweight : 39091.194
pI : 6.209398460388183
netcharge : -3.6227566630980306
aromaticity : 0.1174785100286533
gravy : -0.18911174785100282
instability : 36.0220916905444
