molecularweight : 21724.25589999999
pI : 4.0500284194946286
netcharge : -20.299654081813518
aromaticity : 0.047393364928909956
gravy : -0.19905213270142222
instability : 34.313744075829376
