molecularweight : 51283.52760000007
pI : 6.00705165863037
netcharge : -5.580668416397593
aromaticity : 0.10666666666666666
gravy : -0.3775555555555558
instability : 47.27091111111114
