molecularweight : 20063.255399999995
pI : 5.319072532653809
netcharge : -3.444135456526528
aromaticity : 0.057803468208092484
gravy : -1.0872832369942187
instability : 74.19537572254335
