molecularweight : 109382.68250000082
pI : 5.277295875549315
netcharge : -26.90105500962393
aromaticity : 0.071875
gravy : -0.33072916666666613
instability : 37.617083333333476
