molecularweight : 13624.27899999999
pI : 9.826158332824708
netcharge : 11.847611926929854
aromaticity : 0.008064516129032258
gravy : -1.3524193548387102
instability : 40.946774193548386
