molecularweight : 13727.947299999983
pI : 9.920217704772949
netcharge : 10.831503039613347
aromaticity : 0.20175438596491227
gravy : 0.011403508771929796
instability : 32.63254385964911
