molecularweight : 40702.04360000001
pI : 5.088249397277831
netcharge : -10.240631760066776
aromaticity : 0.10644257703081232
gravy : -0.3282913165266113
instability : 43.73392156862745
