molecularweight : 136331.64090000073
pI : 9.291973304748534
netcharge : 31.092301386486042
aromaticity : 0.06672158154859967
gravy : -0.6707578253706752
instability : 43.42900329489321
