molecularweight : 14766.474099999983
pI : 4.730050086975097
netcharge : -6.38732666840038
aromaticity : 0.09230769230769231
gravy : -0.2923076923076923
instability : 46.093846153846144
