molecularweight : 26191.178000000007
pI : 5.455997657775878
netcharge : -6.043789567343847
aromaticity : 0.06329113924050633
gravy : -0.37594936708860793
instability : 34.54261603375529
