molecularweight : 23656.91010000001
pI : 6.0927648544311515
netcharge : -3.7217794505297555
aromaticity : 0.06008583690987125
gravy : 0.02832618025751075
instability : 36.779871244635196
