molecularweight : 41651.10090000003
pI : 9.506395149230958
netcharge : 11.14023697819939
aromaticity : 0.0743801652892562
gravy : -0.4512396694214877
instability : 45.914104683195596
