molecularweight : 38720.82310000003
pI : 6.443916130065917
netcharge : -1.1622475240014438
aromaticity : 0.11661807580174927
gravy : -0.05131195335276964
instability : 31.591574344023325
