molecularweight : 46178.96830000011
pI : 5.8139127731323255
netcharge : -7.516336701362263
aromaticity : 0.11547911547911548
gravy : -0.37444717444717474
instability : 42.71108108108107
