molecularweight : 62699.61150000018
pI : 5.986703300476075
netcharge : -10.566677363996256
aromaticity : 0.11657559198542805
gravy : 0.1287795992714031
instability : 45.621329690346144
