molecularweight : 61901.77370000006
pI : 6.816268348693847
netcharge : -0.5917197223979045
aromaticity : 0.12591240875912407
gravy : 0.20967153284671528
instability : 40.3790693430657
