molecularweight : 31253.933400000053
pI : 9.299580574035645
netcharge : 10.07694815919223
aromaticity : 0.13909774436090225
gravy : -0.07556390977443606
instability : 52.86473684210525
