molecularweight : 38595.78540000007
pI : 5.1459978103637685
netcharge : -8.965742246726197
aromaticity : 0.07142857142857142
gravy : 0.21868131868131815
instability : 33.595879120879125
