molecularweight : 117699.03330000093
pI : 5.939526939392089
netcharge : -12.609494068137366
aromaticity : 0.10576923076923077
gravy : -0.33249999999999813
instability : 32.64339423076943
