molecularweight : 13714.631399999986
pI : 10.000932121276854
netcharge : 5.8160940106977215
aromaticity : 0.07142857142857142
gravy : -0.13650793650793638
instability : 34.97857142857141
