molecularweight : 15724.945399999984
pI : 4.977697563171386
netcharge : -8.214197939505901
aromaticity : 0.05925925925925926
gravy : -0.5570370370370371
instability : 34.75333333333332
