molecularweight : 46548.46250000002
pI : 8.668048286437987
netcharge : 4.499944249717025
aromaticity : 0.1016949152542373
gravy : -0.34019370460048465
instability : 31.326150121065364
