molecularweight : 40558.90810000004
pI : 6.080430793762206
netcharge : -4.725595351069302
aromaticity : 0.07387862796833773
gravy : -0.019261213720316597
instability : 29.808443271767803
