molecularweight : 69685.61850000011
pI : 6.511838722229004
netcharge : -3.0675187409271416
aromaticity : 0.09286898839137644
gravy : -0.2328358208955226
instability : 43.511310116086314
