molecularweight : 58017.07510000005
pI : 8.288200569152835
netcharge : 4.233098414091842
aromaticity : 0.09940357852882703
gravy : -0.3365805168986088
instability : 44.37258449304181
