molecularweight : 22707.351300000002
pI : 5.150658607482909
netcharge : -5.236214455338903
aromaticity : 0.07407407407407407
gravy : -0.07453703703703717
instability : 29.22129629629628
