molecularweight : 63448.59110000017
pI : 7.295534706115721
netcharge : 1.0934030845156144
aromaticity : 0.09437386569872959
gravy : -0.5085299455535386
instability : 46.665553539020024
