molecularweight : 98427.44280000069
pI : 6.455397605895995
netcharge : -4.624130112222517
aromaticity : 0.05555555555555556
gravy : -0.5895691609977319
instability : 51.922448979592
