molecularweight : 64795.77780000031
pI : 4.45426731109619
netcharge : -68.48047639138504
aromaticity : 0.03873239436619719
gravy : -1.1320422535211265
instability : 62.94947183098608
