molecularweight : 50510.9544
pI : 7.51442165374756
netcharge : 1.5524153781846692
aromaticity : 0.1136890951276102
gravy : -0.6220417633410676
instability : 51.15227378190255
