molecularweight : 26823.737900000026
pI : 9.926857948303223
netcharge : 17.654839571620652
aromaticity : 0.11504424778761062
gravy : -0.32168141592920363
instability : 55.4805309734513
