molecularweight : 51298.03440000006
pI : 6.102825355529784
netcharge : -3.804120459122231
aromaticity : 0.0898876404494382
gravy : -0.9999999999999981
instability : 40.311707865168536
