molecularweight : 48863.24820000011
pI : 9.681942558288572
netcharge : 15.141957509841223
aromaticity : 0.05592841163310962
gravy : -0.968008948545862
instability : 75.50988814317697
