molecularweight : 56422.62699999999
pI : 6.478701591491699
netcharge : -3.060455345024181
aromaticity : 0.073558648111332
gravy : -0.278727634194831
instability : 27.03043737574552
