molecularweight : 38330.07940000003
pI : 9.496982765197757
netcharge : 14.38797416891967
aromaticity : 0.09281437125748504
gravy : -0.7973053892215572
instability : 41.93718562874252
