molecularweight : 66584.5077000004
pI : 4.703676795959471
netcharge : -34.550484095320684
aromaticity : 0.10017271157167532
gravy : -0.336096718480138
instability : 45.664265975820435
