molecularweight : 35806.86600000007
pI : 9.573184394836424
netcharge : 10.01258282113017
aromaticity : 0.07507507507507508
gravy : -0.6762762762762763
instability : 74.3003303303304
