molecularweight : 111187.05770000088
pI : 5.4648645401000975
netcharge : -24.53501189826926
aromaticity : 0.09523809523809523
gravy : -0.29130434782608566
instability : 46.22093167701882
