molecularweight : 123352.07890000092
pI : 5.123205375671386
netcharge : -40.28790707408014
aromaticity : 0.1327683615819209
gravy : -0.6847457627118632
instability : 47.612476459510546
