molecularweight : 120393.16570000078
pI : 7.5444326400756845
netcharge : 2.6914756324431437
aromaticity : 0.07973733583489681
gravy : -0.4187617260787984
instability : 42.23255159474688
