molecularweight : 36476.62220000002
pI : 6.040757179260253
netcharge : -3.8593285889845887
aromaticity : 0.08463949843260188
gravy : -0.35297805642633234
instability : 42.169905956112835
