molecularweight : 38959.80360000009
pI : 9.75924015045166
netcharge : 18.030030829442996
aromaticity : 0.13293051359516617
gravy : -0.19728096676737164
instability : 28.910876132930515
