molecularweight : 85626.08960000043
pI : 6.01483860015869
netcharge : -9.79364218512245
aromaticity : 0.10843373493975905
gravy : -0.3413654618473896
instability : 42.76788487282474
