molecularweight : 33964.93390000001
pI : 5.378980827331543
netcharge : -10.695721324371718
aromaticity : 0.07046979865771813
gravy : -0.5463087248322149
instability : 39.50436241610739
