molecularweight : 253299.2953999992
pI : 6.117262458801269
netcharge : -21.00620793430579
aromaticity : 0.08370239149689991
gravy : -0.23941541186890963
instability : 37.55620460584622
