molecularweight : 29780.011600000045
pI : 4.536342811584473
netcharge : -26.970763968670383
aromaticity : 0.03861003861003861
gravy : -1.2250965250965247
instability : 60.17065637065635
