molecularweight : 26804.307300000008
pI : 5.609917640686036
netcharge : -2.375235381474443
aromaticity : 0.058823529411764705
gravy : 0.09647058823529421
instability : 24.999215686274507
