molecularweight : 33872.69800000007
pI : 6.265953254699707
netcharge : -3.7414526885034576
aromaticity : 0.03908794788273616
gravy : -0.6889250814332246
instability : 61.83713355048858
