molecularweight : 12106.642099999986
pI : 4.731186866760253
netcharge : -9.158134418110766
aromaticity : 0.10377358490566038
gravy : 0.04528301886792452
instability : 26.995283018867912
