molecularweight : 78308.4434000004
pI : 6.589537620544434
netcharge : -2.147668997290694
aromaticity : 0.11705202312138728
gravy : -0.2914739884393066
instability : 62.71447976878633
