molecularweight : 45211.15270000012
pI : 9.284301567077637
netcharge : 10.457348454339964
aromaticity : 0.07196029776674938
gravy : -0.6019851116625312
instability : 63.77446650124082
