molecularweight : 11546.854299999994
pI : 4.964283561706543
netcharge : -6.301554309343375
aromaticity : 0.049019607843137254
gravy : -0.5666666666666667
instability : 57.07647058823529
