molecularweight : 89677.5492000004
pI : 5.6380529403686515
netcharge : -18.47138037855332
aromaticity : 0.07133757961783439
gravy : -0.4447133757961777
instability : 49.765987261146684
