molecularweight : 16086.475999999995
pI : 6.696906471252441
netcharge : -0.8081859600920787
aromaticity : 0.06164383561643835
gravy : -0.04041095890410954
instability : 31.6945205479452
