molecularweight : 107780.19680000092
pI : 5.71319408416748
netcharge : -9.690616370831094
aromaticity : 0.03810504634397528
gravy : -0.9169927909371794
instability : 51.75128733264709
