molecularweight : 50557.30000000007
pI : 5.539096260070799
netcharge : -14.24767501234139
aromaticity : 0.07289293849658315
gravy : -0.7958997722095665
instability : 53.22895216400917
