molecularweight : 65368.58400000025
pI : 8.9974817276001
netcharge : 12.284619420480375
aromaticity : 0.14189189189189189
gravy : 0.42550675675675775
instability : 30.11236486486486
