molecularweight : 28862.314300000027
pI : 4.986564445495604
netcharge : -14.690418694203139
aromaticity : 0.11244979919678715
gravy : -0.40281124497992005
instability : 34.75863453815261
