molecularweight : 43681.02210000005
pI : 5.081201362609861
netcharge : -13.117034281970952
aromaticity : 0.078125
gravy : -0.6679687499999997
instability : 39.611458333333324
