molecularweight : 70558.5761000003
pI : 9.214546775817869
netcharge : 12.180091970146194
aromaticity : 0.10920436817472699
gravy : 0.39750390015600756
instability : 32.891747269890786
