molecularweight : 173832.88590000008
pI : 4.843045997619628
netcharge : -67.55249988810766
aromaticity : 0.11024643320363164
gravy : -0.3402075226977937
instability : 35.68257457846978
