molecularweight : 51893.70850000004
pI : 5.877799797058105
netcharge : -9.965192170533342
aromaticity : 0.11460674157303372
gravy : -0.7008988764044934
instability : 55.53555056179787
