molecularweight : 155971.2830000003
pI : 5.527216911315917
netcharge : -26.189141635452046
aromaticity : 0.08499999999999999
gravy : -0.2794999999999987
instability : 31.947792857143103
