molecularweight : 98974.01610000074
pI : 4.735392951965332
netcharge : -48.39666767850579
aromaticity : 0.09286523216308042
gravy : -0.04518686296715748
instability : 44.90013590033989
