molecularweight : 94919.40270000057
pI : 10.008668327331542
netcharge : 47.64419625295396
aromaticity : 0.05011655011655011
gravy : -0.553846153846153
instability : 49.68636363636383
