molecularweight : 84861.2901000005
pI : 9.010504341125486
netcharge : 14.252557434554049
aromaticity : 0.0796812749003984
gravy : -0.6434262948207162
instability : 57.747171314741244
