molecularweight : 139807.7371000005
pI : 5.236485481262206
netcharge : -36.45388825615353
aromaticity : 0.10972568578553615
gravy : -0.31238570241063934
instability : 36.273840399002694
