molecularweight : 56224.447399999975
pI : 9.454304695129395
netcharge : 18.62020393075111
aromaticity : 0.08097165991902834
gravy : -0.2805668016194338
instability : 43.41437246963567
