molecularweight : 37765.82670000006
pI : 4.930009651184081
netcharge : -15.976406680414556
aromaticity : 0.06287425149700598
gravy : -0.5919161676646706
instability : 44.32245508982035
