molecularweight : 95038.0059000004
pI : 5.431159019470214
netcharge : -19.131729763473984
aromaticity : 0.06443914081145585
gravy : -0.6540572792362762
instability : 52.49510739856817
