molecularweight : 71546.1122000002
pI : 7.951417732238769
netcharge : 2.9814100101378784
aromaticity : 0.0889967637540453
gravy : -0.41326860841423896
instability : 38.014255663430475
