molecularweight : 36186.61680000004
pI : 6.20013370513916
netcharge : -2.8766343019684797
aromaticity : 0.06481481481481481
gravy : -0.03765432098765432
instability : 36.50802469135801
