molecularweight : 37322.43570000004
pI : 5.820619773864746
netcharge : -8.326939508207786
aromaticity : 0.1076923076923077
gravy : -0.6236923076923078
instability : 43.199384615384616
