molecularweight : 43711.26410000007
pI : 5.420245933532715
netcharge : -10.65973836441787
aromaticity : 0.08439897698209718
gravy : -0.22762148337595947
instability : 40.37572890025575
