molecularweight : 17252.897100000002
pI : 9.15220584869385
netcharge : 4.745562048130491
aromaticity : 0.10666666666666666
gravy : -0.20266666666666652
instability : 34.65999999999999
