molecularweight : 35374.96159999998
pI : 9.949035072326659
netcharge : 30.36762009857979
aromaticity : 0.11764705882352941
gravy : -0.259150326797386
instability : 40.68271241830067
