molecularweight : 59838.96350000016
pI : 5.915143013000488
netcharge : -6.563253788044655
aromaticity : 0.0928030303030303
gravy : 0.016477272727272767
instability : 41.95363636363639
