molecularweight : 30739.33360000005
pI : 5.24779644012451
netcharge : -7.159040826736035
aromaticity : 0.0959409594095941
gravy : -0.371217712177122
instability : 39.838745387453876
