molecularweight : 108591.0078000008
pI : 5.67892017364502
netcharge : -14.968821271863916
aromaticity : 0.08526315789473685
gravy : -0.5421052631578935
instability : 50.20453684210543
