molecularweight : 29845.535000000047
pI : 8.935076332092287
netcharge : 3.713365761859208
aromaticity : 0.06589147286821706
gravy : -0.6968992248062018
instability : 51.798062015503874
