molecularweight : 30047.755600000033
pI : 9.253743553161616
netcharge : 7.752093488986652
aromaticity : 0.07142857142857142
gravy : -0.6458646616541354
instability : 47.82706766917294
