molecularweight : 32894.699700000005
pI : 9.156912040710449
netcharge : 6.6464981848010325
aromaticity : 0.10126582278481014
gravy : 0.3753164556962019
instability : 25.818702531645563
