molecularweight : 27958.09870000005
pI : 9.770908927917478
netcharge : 16.556935561432027
aromaticity : 0.05263157894736842
gravy : -0.4574898785425102
instability : 42.86032388663967
