molecularweight : 106332.71820000085
pI : 5.392735862731934
netcharge : -22.02455005200153
aromaticity : 0.07172995780590719
gravy : -0.12679324894514798
instability : 35.43229957805924
