molecularweight : 77017.50780000028
pI : 4.977527046203612
netcharge : -32.1121351154804
aromaticity : 0.08766716196136701
gravy : -0.7448736998514104
instability : 46.56879643387828
