molecularweight : 53244.88700000016
pI : 4.406465721130371
netcharge : -58.78806147953925
aromaticity : 0.05
gravy : -1.051086956521738
instability : 50.59415217391305
