molecularweight : 18445.532199999998
pI : 8.652704811096193
netcharge : 2.0420283057429245
aromaticity : 0.09375
gravy : -0.9306250000000003
instability : 65.01875000000001
