molecularweight : 45089.88620000009
pI : 7.632817268371583
netcharge : 1.3242140711547492
aromaticity : 0.09359605911330049
gravy : -0.6433497536945814
instability : 38.45689655172412
