molecularweight : 46425.02930000004
pI : 6.4980268478393555
netcharge : -2.3968004339827758
aromaticity : 0.09047619047619049
gravy : -0.22428571428571445
instability : 37.119285714285695
