molecularweight : 68871.43330000024
pI : 6.955125999450684
netcharge : -0.18957404951912338
aromaticity : 0.0967741935483871
gravy : -0.6220713073005087
instability : 52.04945670628188
