molecularweight : 67504.5293000002
pI : 4.808090019226075
netcharge : -30.69470316748668
aromaticity : 0.0723905723905724
gravy : -0.6616161616161617
instability : 43.91383838383847
