molecularweight : 83518.20060000048
pI : 5.746274375915529
netcharge : -15.577678703984986
aromaticity : 0.11141678129298486
gravy : -0.5488308115543311
instability : 36.07539202200837
