molecularweight : 53340.68160000005
pI : 6.398956489562988
netcharge : -4.077331550354863
aromaticity : 0.06047516198704104
gravy : -0.6453563714902797
instability : 47.211447084233264
