molecularweight : 77116.56620000004
pI : 6.364000511169433
netcharge : -4.949660306853673
aromaticity : 0.07142857142857142
gravy : -0.29270833333333324
instability : 57.473958333333506
