molecularweight : 27509.91850000002
pI : 5.251377296447752
netcharge : -8.019588946140786
aromaticity : 0.04471544715447155
gravy : -0.9654471544715443
instability : 68.65451219512194
