molecularweight : 109960.14410000072
pI : 7.805719184875488
netcharge : 3.104835403900779
aromaticity : 0.0734229576008273
gravy : -0.48614270941054616
instability : 48.13663908996916
