molecularweight : 45652.517300000065
pI : 9.73106746673584
netcharge : 20.951565376412923
aromaticity : 0.13106796116504854
gravy : 0.14368932038834936
instability : 32.79492718446601
