molecularweight : 13479.014199999978
pI : 9.47893161773682
netcharge : 5.756181400299617
aromaticity : 0.04098360655737705
gravy : -0.8434426229508204
instability : 31.76803278688523
