molecularweight : 81326.78990000035
pI : 9.285204124450683
netcharge : 26.37209975597495
aromaticity : 0.1270949720670391
gravy : -0.022346368715083897
instability : 35.69265363128498
