molecularweight : 104365.36300000083
pI : 6.196325492858887
netcharge : -6.8592687033934965
aromaticity : 0.10532030401737241
gravy : -0.29022801302931567
instability : 39.48480998914244
