molecularweight : 19577.196299999992
pI : 4.728288078308105
netcharge : -8.338436941003252
aromaticity : 0.0893854748603352
gravy : 0.19441340782122907
instability : 18.339106145251385
