molecularweight : 58291.46430000012
pI : 9.00566921234131
netcharge : 8.230084089615644
aromaticity : 0.05283757338551859
gravy : -0.8307240704500967
instability : 43.15362035225051
