molecularweight : 63083.75200000018
pI : 8.977754402160645
netcharge : 12.57299418367684
aromaticity : 0.06474820143884892
gravy : -0.3044964028776969
instability : 48.72032374100729
