molecularweight : 147898.84460000088
pI : 5.718593788146973
netcharge : -22.062451843539208
aromaticity : 0.07142857142857142
gravy : -0.43955453149001583
instability : 50.00247311827982
