molecularweight : 26716.089400000037
pI : 10.341389656066895
netcharge : 13.767410910414549
aromaticity : 0.045081967213114756
gravy : -0.518032786885246
instability : 80.4995901639344
