molecularweight : 49818.77700000004
pI : 8.944746589660646
netcharge : 4.364640570435945
aromaticity : 0.04241071428571429
gravy : -0.5685267857142856
instability : 41.31026785714286
