molecularweight : 67968.98600000028
pI : 7.633556175231934
netcharge : 1.4847542918340366
aromaticity : 0.09966216216216217
gravy : -0.19847972972972946
instability : 37.837685810810825
