molecularweight : 45738.063800000054
pI : 6.225824928283691
netcharge : -4.408101063510891
aromaticity : 0.05185185185185186
gravy : -0.6219753086419751
instability : 40.38765432098765
