molecularweight : 27576.298500000015
pI : 5.281274604797362
netcharge : -9.727378184088042
aromaticity : 0.10245901639344263
gravy : -0.8139344262295084
instability : 42.34836065573771
