molecularweight : 38768.299500000074
pI : 8.769328117370605
netcharge : 4.1595200852140835
aromaticity : 0.08284023668639054
gravy : -0.6325443786982251
instability : 52.06899408284022
