molecularweight : 46422.20340000006
pI : 4.579597282409668
netcharge : -31.802397267677783
aromaticity : 0.10199004975124379
gravy : -0.6810945273631839
instability : 52.69228855721394
