molecularweight : 37575.764900000024
pI : 9.008699226379395
netcharge : 5.7951225782112985
aromaticity : 0.11180124223602483
gravy : -0.5000000000000006
instability : 43.135745341614914
