molecularweight : 50006.07780000009
pI : 9.888305854797363
netcharge : 16.317540020441314
aromaticity : 0.05726872246696035
gravy : -0.8224669603524227
instability : 53.48812775330404
