molecularweight : 52482.54220000003
pI : 9.157685661315917
netcharge : 11.558225047096997
aromaticity : 0.05106382978723404
gravy : -0.45468085106383016
instability : 46.98851063829791
