molecularweight : 57063.73170000006
pI : 6.303921699523926
netcharge : -3.5724994094676035
aromaticity : 0.08284023668639054
gravy : -0.4966469428007892
instability : 48.83846153846159
