molecularweight : 24166.214600000014
pI : 6.136530876159667
netcharge : -5.272326942560451
aromaticity : 0.05803571428571429
gravy : -0.05937499999999991
instability : 31.676339285714278
