molecularweight : 69361.78260000024
pI : 6.205874443054199
netcharge : -5.2658497614727935
aromaticity : 0.07448494453248812
gravy : -0.11632329635499218
instability : 41.04169572107772
