molecularweight : 302991.6010000022
pI : 5.362042808532714
netcharge : -54.105067179824346
aromaticity : 0.061908230152949745
gravy : 0.04959941733430423
instability : 41.888638018937
