molecularweight : 58522.71880000009
pI : 4.872147560119628
netcharge : -10.383764415440528
aromaticity : 0.13358070500927643
gravy : 0.7102040816326548
instability : 29.941391465677164
