molecularweight : 70146.18590000022
pI : 5.912016868591309
netcharge : -7.486230950770349
aromaticity : 0.08239095315024234
gravy : -0.5828756058158318
instability : 49.14200323101792
