molecularweight : 24692.637700000003
pI : 4.742895698547363
netcharge : -12.20443363091999
aromaticity : 0.11261261261261263
gravy : -0.16621621621621618
instability : 17.528423423423423
