molecularweight : 53130.95810000002
pI : 8.744507789611816
netcharge : 6.337707976415359
aromaticity : 0.09227467811158799
gravy : -0.27639484978540785
instability : 50.66287553648074
