molecularweight : 15839.642299999992
pI : 5.012312507629394
netcharge : -6.212565893121477
aromaticity : 0.09285714285714286
gravy : -0.47714285714285715
instability : 38.41857142857142
