molecularweight : 139556.71800000046
pI : 6.325975227355957
netcharge : -8.738257781605654
aromaticity : 0.07986960065199675
gravy : -0.44955175224123844
instability : 45.907416462917936
