molecularweight : 46355.587000000014
pI : 7.938717460632325
netcharge : 2.833211368985978
aromaticity : 0.07352941176470588
gravy : -0.6198529411764707
instability : 51.25590686274511
