molecularweight : 89481.6594000006
pI : 7.919699287414551
netcharge : 2.6854328566339802
aromaticity : 0.14974619289340102
gravy : 0.12170050761421322
instability : 36.98751269035545
