molecularweight : 44978.64810000005
pI : 8.46664905548096
netcharge : 3.631483474309789
aromaticity : 0.0984848484848485
gravy : -0.3409090909090905
instability : 40.99747474747474
