molecularweight : 94219.94620000059
pI : 9.210936546325684
netcharge : 19.5062891591636
aromaticity : 0.043683589138134596
gravy : -0.7630460448642268
instability : 49.48584415584434
