molecularweight : 57069.891400000044
pI : 6.001481437683105
netcharge : -7.257484368015234
aromaticity : 0.05973025048169557
gravy : -0.039306358381502926
instability : 34.20329479768785
