molecularweight : 52305.47980000013
pI : 7.2244291305542
netcharge : 0.7136178691995951
aromaticity : 0.1032967032967033
gravy : -0.5648351648351649
instability : 51.77738461538466
