molecularweight : 103347.90090000065
pI : 5.992841911315917
netcharge : -15.649828794716086
aromaticity : 0.07311827956989247
gravy : -0.4373118279569886
instability : 54.85204301075296
