molecularweight : 35695.546400000036
pI : 9.9346586227417
netcharge : 21.01506141890809
aromaticity : 0.12025316455696203
gravy : 0.16550632911392393
instability : 47.26712025316454
