molecularweight : 24109.78810000001
pI : 9.516839027404785
netcharge : 7.790477922200843
aromaticity : 0.04761904761904762
gravy : -0.5661904761904765
instability : 36.3547619047619
