molecularweight : 48155.55090000001
pI : 7.266433143615722
netcharge : 0.8738605202018377
aromaticity : 0.15094339622641512
gravy : -0.4714622641509437
instability : 40.97816037735849
