molecularweight : 27250.607400000015
pI : 6.834002113342286
netcharge : -0.53530501279851
aromaticity : 0.06611570247933884
gravy : -0.5123966942148764
instability : 38.81033057851239
