molecularweight : 44995.20040000002
pI : 5.808910942077637
netcharge : -4.976932727398065
aromaticity : 0.11306532663316582
gravy : -0.47236180904522534
instability : 24.546231155778912
