molecularweight : 52757.315700000036
pI : 5.583544349670409
netcharge : -11.332352919208219
aromaticity : 0.06326530612244897
gravy : -0.03448979591836722
instability : 35.526367346938756
