molecularweight : 17000.131899999997
pI : 6.476882743835449
netcharge : -0.9276124992769184
aromaticity : 0.07189542483660132
gravy : -0.4555555555555554
instability : 37.90588235294116
