molecularweight : 35724.260200000055
pI : 6.355247306823729
netcharge : -3.3461822447943206
aromaticity : 0.10759493670886076
gravy : -0.2750000000000006
instability : 37.15351265822785
