molecularweight : 89579.70470000058
pI : 5.7762853622436525
netcharge : -13.775148899893054
aromaticity : 0.11583011583011582
gravy : -0.5352638352638343
instability : 42.11862290862301
