molecularweight : 62728.13050000012
pI : 8.949839591979984
netcharge : 7.322708265944158
aromaticity : 0.08260105448154656
gravy : -0.15219683655536048
instability : 41.587697715290076
