molecularweight : 35964.11540000003
pI : 9.106433296203612
netcharge : 7.995492529576552
aromaticity : 0.058823529411764705
gravy : -0.6126934984520125
instability : 49.63343653250774
