molecularweight : 32195.89699999997
pI : 5.200222206115721
netcharge : -8.84310270103213
aromaticity : 0.04666666666666667
gravy : -0.9066666666666661
instability : 81.83566666666682
