molecularweight : 20276.72770000001
pI : 4.663889503479004
netcharge : -10.30595693166071
aromaticity : 0.10555555555555556
gravy : -0.029444444444444388
instability : 35.95394444444443
