molecularweight : 52460.344100000046
pI : 9.226344490051268
netcharge : 12.2289789531699
aromaticity : 0.09471365638766518
gravy : -0.5248898678414097
instability : 35.25044052863435
