molecularweight : 46041.23780000002
pI : 9.271988105773925
netcharge : 13.340972737888443
aromaticity : 0.11306532663316583
gravy : -0.5520100502512563
instability : 41.42160804020101
