molecularweight : 36809.02600000003
pI : 6.907381248474121
netcharge : -0.1601198269350519
aromaticity : 0.07716049382716049
gravy : -0.17376543209876572
instability : 48.519783950617274
