molecularweight : 104297.12840000083
pI : 5.36710147857666
netcharge : -18.765954300749655
aromaticity : 0.08351893095768374
gravy : -0.6457683741648081
instability : 44.681536748329826
