molecularweight : 75163.21370000036
pI : 8.902648735046387
netcharge : 9.351647399741758
aromaticity : 0.09171597633136094
gravy : 0.08150887573964487
instability : 49.55400887573983
