molecularweight : 40309.44840000003
pI : 6.61017017364502
netcharge : -1.5153946794347988
aromaticity : 0.07945205479452055
gravy : -0.3024657534246577
instability : 23.83506849315068
