molecularweight : 49111.34880000009
pI : 5.170438575744627
netcharge : -13.692166500379521
aromaticity : 0.07990867579908675
gravy : -0.4458904109589041
instability : 43.25276255707762
