molecularweight : 77563.73540000041
pI : 9.304157829284666
netcharge : 22.696289960706025
aromaticity : 0.08504398826979472
gravy : -0.30102639296187683
instability : 34.044428152492706
