molecularweight : 28838.025300000023
pI : 9.916800880432127
netcharge : 11.86532840845404
aromaticity : 0.1062992125984252
gravy : -0.2578740157480315
instability : 29.39330708661418
