molecularweight : 20646.40380000002
pI : 7.097166633605957
netcharge : 0.20503086945665316
aromaticity : 0.10857142857142857
gravy : -0.4725714285714289
instability : 60.05714285714286
