molecularweight : 28225.119500000008
pI : 9.994872093200684
netcharge : 15.85762127839897
aromaticity : 0.06083650190114068
gravy : -0.2809885931558941
instability : 35.07186311787072
