molecularweight : 240125.53849999953
pI : 6.743457603454591
netcharge : -2.698169363885768
aromaticity : 0.13818006740491093
gravy : -0.07982667308618138
instability : 43.91317766008697
