molecularweight : 48518.962300000036
pI : 8.18653392791748
netcharge : 2.9708040787038925
aromaticity : 0.1642857142857143
gravy : -0.10690476190476178
instability : 34.22838095238096
