molecularweight : 41324.59550000002
pI : 4.7253324508666985
netcharge : -20.253805201123875
aromaticity : 0.06756756756756757
gravy : -0.5548648648648646
instability : 51.182432432432414
