molecularweight : 12754.22229999998
pI : 8.68590602874756
netcharge : 1.8391238669015628
aromaticity : 0.12727272727272726
gravy : -0.4254545454545458
instability : 43.46372727272726
