molecularweight : 186558.8069000006
pI : 5.083645439147948
netcharge : -47.37519026943764
aromaticity : 0.10206561360874847
gravy : 0.06561360874848095
instability : 34.18185905224812
