molecularweight : 14932.851899999989
pI : 7.92324504852295
netcharge : 1.2803431917482406
aromaticity : 0.11194029850746268
gravy : -0.15820895522388062
instability : 43.815671641791035
