molecularweight : 36668.785500000005
pI : 5.632653236389159
netcharge : -8.61693344442267
aromaticity : 0.11875
gravy : -0.6299999999999998
instability : 29.596312500000003
