molecularweight : 94733.64840000053
pI : 4.184907341003417
netcharge : -104.26397405337262
aromaticity : 0.07296650717703348
gravy : -0.5907894736842091
instability : 43.61949760765567
