molecularweight : 31669.620700000007
pI : 4.885334205627441
netcharge : -9.141121821609325
aromaticity : 0.11072664359861592
gravy : 0.17993079584775026
instability : 35.24570934256054
