molecularweight : 104021.17890000071
pI : 5.409105491638183
netcharge : -20.149785033955766
aromaticity : 0.0641304347826087
gravy : 0.006304347826086904
instability : 37.07642391304365
