molecularweight : 273586.3644000021
pI : 8.45684986114502
netcharge : 20.640350677009167
aromaticity : 0.0992462311557789
gravy : -0.10335008375209405
instability : 45.29813651591315
