molecularweight : 42127.48960000003
pI : 8.864290046691895
netcharge : 5.301537636217979
aromaticity : 0.07046070460704607
gravy : -0.04905149051490519
instability : 39.46287262872628
