molecularweight : 37135.150400000064
pI : 5.19061641693115
netcharge : -15.35920775850947
aromaticity : 0.0990990990990991
gravy : -0.29609609609609644
instability : 49.820150150150155
