molecularweight : 67947.84840000026
pI : 6.608351325988769
netcharge : -3.225294731764521
aromaticity : 0.08403361344537816
gravy : -0.556806722689075
instability : 52.81899159663882
