molecularweight : 141243.82060000105
pI : 5.019417381286621
netcharge : -45.329179339309235
aromaticity : 0.07556270096463023
gravy : -0.07532154340836039
instability : 38.73249196141502
