molecularweight : 69466.61590000028
pI : 6.181206321716308
netcharge : -4.519270732439296
aromaticity : 0.08660130718954248
gravy : -0.5336601307189536
instability : 45.36715686274521
