molecularweight : 46296.6254000002
pI : 4.057303810119628
netcharge : -34.76305688648905
aromaticity : 0.08577878103837472
gravy : 0.2860045146726856
instability : 28.014672686230252
