molecularweight : 49306.22410000008
pI : 5.551828193664551
netcharge : -6.132003692505862
aromaticity : 0.09409190371991247
gravy : -0.18358862144420204
instability : 30.386214442013117
