molecularweight : 52135.796900000074
pI : 5.6902879714965815
netcharge : -11.15595613851545
aromaticity : 0.1225382932166302
gravy : -0.22428884026258222
instability : 39.138118161925604
