molecularweight : 76655.14530000031
pI : 5.399386024475096
netcharge : -23.654738240403262
aromaticity : 0.07090103397341212
gravy : -0.35539143279172825
instability : 35.618611521418096
