molecularweight : 17851.38099999999
pI : 5.904570960998535
netcharge : -3.0575212315941958
aromaticity : 0.06060606060606061
gravy : 0.07272727272727272
instability : 19.46484848484848
