molecularweight : 27146.607000000033
pI : 4.477514457702637
netcharge : -29.038521183457675
aromaticity : 0.07234042553191489
gravy : -0.8212765957446808
instability : 46.07872340425531
