molecularweight : 26529.149900000015
pI : 9.8933988571167
netcharge : 16.89608241410238
aromaticity : 0.06779661016949153
gravy : -0.4033898305084745
instability : 43.319067796610156
