molecularweight : 132308.12470000054
pI : 5.416380882263183
netcharge : -31.013412090511267
aromaticity : 0.08566581849024596
gravy : -0.1638676844783716
instability : 43.90807463952523
