molecularweight : 24341.76180000001
pI : 6.297669410705566
netcharge : -1.2347526533845823
aromaticity : 0.12037037037037036
gravy : -0.009722222222222283
instability : 22.260185185185176
