molecularweight : 119169.4536000005
pI : 4.8126939773559565
netcharge : -58.3852891622122
aromaticity : 0.10180780209324453
gravy : -0.41598477640342457
instability : 36.51019980970522
