molecularweight : 14717.934299999986
pI : 8.839727592468265
netcharge : 3.7147318802106177
aromaticity : 0.1171875
gravy : -0.08593750000000028
instability : 49.63828125
