molecularweight : 18572.344200000003
pI : 9.997773170471191
netcharge : 11.846000051978516
aromaticity : 0.075
gravy : -0.4468750000000001
instability : 41.99687499999998
