molecularweight : 39144.15860000005
pI : 6.278514671325683
netcharge : -2.78108638953001
aromaticity : 0.0967741935483871
gravy : -0.4017595307917891
instability : 42.51935483870967
