molecularweight : 81603.02650000039
pI : 6.059229850769043
netcharge : -6.4424129450310375
aromaticity : 0.08603667136812412
gravy : -0.9475317348377987
instability : 41.898448519040954
