molecularweight : 16361.280099999989
pI : 6.088786125183105
netcharge : -1.3240488012529639
aromaticity : 0.11805555555555555
gravy : -0.340972222222222
instability : 34.47986111111109
