molecularweight : 57854.140000000036
pI : 6.999915122985839
netcharge : -0.0002604128124659155
aromaticity : 0.09561752988047809
gravy : -0.5611553784860556
instability : 38.776912350597584
