molecularweight : 53337.38920000005
pI : 5.9877832412719725
netcharge : -6.488219617762667
aromaticity : 0.12389380530973451
gravy : -0.3878318584070793
instability : 47.31261061946904
