molecularweight : 30770.562900000037
pI : 6.533835411071778
netcharge : -1.0835943076717385
aromaticity : 0.07835820895522388
gravy : 0.026119402985074567
instability : 38.16082089552237
