molecularweight : 28947.44090000002
pI : 8.963442420959474
netcharge : 3.95969311674763
aromaticity : 0.06896551724137931
gravy : -0.4325670498084295
instability : 43.385440613026816
