molecularweight : 40433.23750000003
pI : 6.084636878967284
netcharge : -4.6085108328503
aromaticity : 0.09536784741144413
gravy : -0.31416893732970047
instability : 36.53324250681199
