molecularweight : 12203.693999999985
pI : 9.991713142395021
netcharge : 7.502023565907546
aromaticity : 0.13592233009708737
gravy : -0.6087378640776699
instability : 68.75145631067961
