molecularweight : 42141.84119999998
pI : 6.43681125640869
netcharge : -2.5137741619210985
aromaticity : 0.08174386920980928
gravy : -0.311171662125341
instability : 39.26542234332424
