molecularweight : 120376.01570000086
pI : 6.764090156555175
netcharge : -1.9711545186939219
aromaticity : 0.10268270120259018
gravy : -0.10906567992599268
instability : 50.62752081406133
