molecularweight : 25985.552700000033
pI : 5.44894962310791
netcharge : -3.414566505166647
aromaticity : 0.09482758620689655
gravy : -0.17327586206896536
instability : 33.701336206896535
