molecularweight : 19448.271300000008
pI : 6.98849048614502
netcharge : -0.01975284516473863
aromaticity : 0.06060606060606061
gravy : -1.432727272727273
instability : 46.418242424242415
