molecularweight : 41358.49390000007
pI : 6.121070671081542
netcharge : -5.376428697910882
aromaticity : 0.07258064516129031
gravy : -0.3260752688172044
instability : 36.54865591397851
