molecularweight : 46131.007500000036
pI : 5.470605278015137
netcharge : -8.017147692260089
aromaticity : 0.06467661691542288
gravy : -0.41517412935323383
instability : 38.70276119402986
