molecularweight : 36699.6039
pI : 4.940240669250487
netcharge : -15.52458946469347
aromaticity : 0.10736196319018405
gravy : 0.0009202453987730628
instability : 36.45061349693253
