molecularweight : 28431.875800000005
pI : 9.07149143218994
netcharge : 7.144440069503997
aromaticity : 0.1394422310756972
gravy : 0.26733067729083665
instability : 37.798127490039846
