molecularweight : 92827.05920000064
pI : 6.0309240341186525
netcharge : -8.143885835506424
aromaticity : 0.08658536585365853
gravy : -0.4434146341463406
instability : 50.889048780488
