molecularweight : 42411.268400000015
pI : 5.2505815505981435
netcharge : -10.70001219911785
aromaticity : 0.09114583333333333
gravy : -0.025000000000000067
instability : 42.363854166666684
