molecularweight : 42171.51970000001
pI : 4.955473518371581
netcharge : -15.940217596614545
aromaticity : 0.09641873278236915
gravy : -0.7369146005509644
instability : 63.61104683195598
