molecularweight : 92181.27660000052
pI : 5.835341072082519
netcharge : -12.013383949521028
aromaticity : 0.09012345679012346
gravy : -0.40592592592592525
instability : 39.28259259259269
