molecularweight : 32657.07060000005
pI : 6.102597999572752
netcharge : -2.9563747397603812
aromaticity : 0.050505050505050504
gravy : -0.13063973063973067
instability : 50.096969696969666
