molecularweight : 29649.589700000008
pI : 6.64785442352295
netcharge : -0.9589238595643934
aromaticity : 0.11583011583011582
gravy : -0.306949806949807
instability : 42.65301158301157
