molecularweight : 25358.7432
pI : 8.904840660095214
netcharge : 2.6093715837681692
aromaticity : 0.05603448275862069
gravy : -0.04396551724137922
instability : 39.4478448275862
