molecularweight : 28929.221600000015
pI : 5.847731971740722
netcharge : -2.2940139811479234
aromaticity : 0.1
gravy : 0.15653846153846165
instability : 26.382307692307688
