molecularweight : 38815.15250000003
pI : 5.023055076599121
netcharge : -15.11460898688025
aromaticity : 0.06077348066298342
gravy : -1.132044198895026
instability : 58.53895027624307
