molecularweight : 59287.00730000019
pI : 5.07398281097412
netcharge : -22.203311334458462
aromaticity : 0.08527131782945738
gravy : -0.2908914728682172
instability : 51.56492248062024
