molecularweight : 13938.110899999978
pI : 4.0500284194946286
netcharge : -5.485349482710916
aromaticity : 0.033783783783783786
gravy : 0.1263513513513514
instability : -11.02432432432433
