molecularweight : 62668.67140000016
pI : 5.758210563659667
netcharge : -9.353563698814426
aromaticity : 0.11839708561020038
gravy : -0.1158469945355191
instability : 31.964480874316934
