molecularweight : 18882.127999999997
pI : 7.860839653015138
netcharge : 0.944053688856215
aromaticity : 0.08484848484848485
gravy : -0.5466666666666672
instability : 54.37212121212121
