molecularweight : 46654.97020000003
pI : 8.227600288391116
netcharge : 2.3939042096110725
aromaticity : 0.07804878048780488
gravy : -0.34000000000000036
instability : 36.660975609756086
