molecularweight : 64129.57450000026
pI : 6.417713356018066
netcharge : -1.908847918376992
aromaticity : 0.1320754716981132
gravy : 0.3902229845626072
instability : 35.25682675814751
