molecularweight : 102350.61120000079
pI : 7.770879173278809
netcharge : 3.260199519827111
aromaticity : 0.0883668903803132
gravy : -0.028859060402684787
instability : 45.653814317673586
