molecularweight : 60128.265300000094
pI : 6.267601585388183
netcharge : -2.056865467319362
aromaticity : 0.1564245810055866
gravy : 0.4737430167597772
instability : 39.47750465549349
