molecularweight : 33341.974600000045
pI : 5.311171913146972
netcharge : -11.626508331431985
aromaticity : 0.10580204778156996
gravy : -0.16348122866894202
instability : 36.63788395904437
