molecularweight : 102213.50410000066
pI : 4.858960914611816
netcharge : -47.161973713623155
aromaticity : 0.06433408577878104
gravy : -0.529119638826183
instability : 41.73352144469543
