molecularweight : 75793.00940000036
pI : 6.0663347244262695
netcharge : -6.342603419072091
aromaticity : 0.09351432880844646
gravy : -0.18944193061840142
instability : 33.9912820512821
