molecularweight : 90678.08360000022
pI : 7.404892921447753
netcharge : 1.6566082340799113
aromaticity : 0.06758448060075094
gravy : -1.1841051314142672
instability : 73.32191489361742
