molecularweight : 53934.20260000004
pI : 7.320202827453613
netcharge : 1.0927278701073035
aromaticity : 0.06493506493506493
gravy : -1.1852813852813837
instability : 65.41692640692662
