molecularweight : 61629.38220000017
pI : 6.610909080505372
netcharge : -1.0270588153752485
aromaticity : 0.17095588235294118
gravy : 0.2937500000000001
instability : 34.97948529411764
