molecularweight : 116245.98300000092
pI : 5.035161781311035
netcharge : -39.65748272634468
aromaticity : 0.09143407122232916
gravy : -0.3785370548604413
instability : 34.489605389798065
