molecularweight : 21449.3014
pI : 4.84662685394287
netcharge : -8.30583517171987
aromaticity : 0.10256410256410256
gravy : 0.014358974358974333
instability : 34.30205128205129
