molecularweight : 79416.84520000036
pI : 5.710238456726075
netcharge : -17.367575981970276
aromaticity : 0.06901408450704224
gravy : -0.3084507042253513
instability : 40.31746478873248
