molecularweight : 12228.84139999999
pI : 7.684142875671387
netcharge : 0.8320321132230113
aromaticity : 0.0849056603773585
gravy : -0.8179245283018873
instability : 49.89528301886793
