molecularweight : 94348.22270000057
pI : 5.402739524841309
netcharge : -28.794641561742296
aromaticity : 0.13725490196078433
gravy : -0.47328431372548907
instability : 38.2589950980394
