molecularweight : 57315.63240000009
pI : 9.890239906311034
netcharge : 34.09537393225456
aromaticity : 0.023346303501945526
gravy : -1.124513618677042
instability : 59.60525291828809
