molecularweight : 56957.45030000024
pI : 5.39284954071045
netcharge : -8.898289811323089
aromaticity : 0.06944444444444445
gravy : -1.0406746031746021
instability : 68.07380952380984
