molecularweight : 56239.638100000026
pI : 6.002447700500488
netcharge : -6.4656863590110945
aromaticity : 0.1057884231536926
gravy : -0.37684630738523
instability : 41.55632734530938
