molecularweight : 36872.939900000056
pI : 5.409617042541503
netcharge : -3.4743129479102066
aromaticity : 0.1076923076923077
gravy : -0.048615384615384664
instability : 26.062769230769234
