molecularweight : 107678.66310000085
pI : 6.398103904724121
netcharge : -6.850739332422862
aromaticity : 0.10857763300760043
gravy : -0.38707926167209517
instability : 47.58821932681891
