molecularweight : 35045.03639999999
pI : 9.689485359191895
netcharge : 20.18924612765946
aromaticity : 0.11036789297658862
gravy : -0.6374581939799335
instability : 42.59836120401338
