molecularweight : 30501.318000000043
pI : 9.058726692199706
netcharge : 4.120921205631856
aromaticity : 0.0959409594095941
gravy : -0.18044280442804436
instability : 39.86649446494465
