molecularweight : 54293.58270000006
pI : 5.729734230041504
netcharge : -7.593712499092028
aromaticity : 0.11776859504132231
gravy : 0.13078512396694167
instability : 31.79896694214876
