molecularweight : 89543.06970000036
pI : 9.242912864685056
netcharge : 15.48149236197672
aromaticity : 0.05443037974683544
gravy : -0.8310126582278471
instability : 70.36126582278509
