molecularweight : 43199.313400000035
pI : 6.068437767028808
netcharge : -2.2440562508579944
aromaticity : 0.06720430107526881
gravy : -0.9346774193548382
instability : 52.37096774193548
