molecularweight : 27898.19220000003
pI : 5.1688470840454075
netcharge : -4.33428151534431
aromaticity : 0.11693548387096774
gravy : 0.8387096774193551
instability : 31.637499999999996
