molecularweight : 23264.331600000012
pI : 9.694449424743652
netcharge : 13.778166550676904
aromaticity : 0.06598984771573604
gravy : -1.1335025380710666
instability : 54.92441624365483
