molecularweight : 69241.95400000023
pI : 7.682665061950685
netcharge : 1.9935473109863295
aromaticity : 0.08609271523178808
gravy : -0.43046357615893976
instability : 41.71773178807951
