molecularweight : 101352.19960000085
pI : 9.363984489440917
netcharge : 28.542234157084508
aromaticity : 0.11085714285714285
gravy : -0.24617142857142865
instability : 34.435897142857236
