molecularweight : 147118.5815000005
pI : 5.744569206237793
netcharge : -21.0741200295748
aromaticity : 0.0666156202143951
gravy : -0.21209800918836083
instability : 44.17359111791753
