molecularweight : 27015.086200000027
pI : 9.846079063415527
netcharge : 13.664242706489599
aromaticity : 0.06722689075630252
gravy : -0.8928571428571423
instability : 71.61470588235295
