molecularweight : 45666.04959999999
pI : 4.991111564636229
netcharge : -13.946440580164229
aromaticity : 0.10643564356435645
gravy : -0.2851485148514855
instability : 36.209900990099
