molecularweight : 76070.63330000035
pI : 8.41836223602295
netcharge : 3.72399420273905
aromaticity : 0.05752212389380531
gravy : -0.6110619469026537
instability : 43.0980825958703
