molecularweight : 63941.18320000027
pI : 7.400232124328612
netcharge : 1.6180616263832945
aromaticity : 0.06360424028268552
gravy : -0.7538869257950526
instability : 51.51784452296832
