molecularweight : 117654.38310000094
pI : 9.004637718200684
netcharge : 19.759566577578795
aromaticity : 0.07745098039215687
gravy : -0.8589215686274508
instability : 48.6122745098042
