molecularweight : 34706.61290000004
pI : 8.654574394226074
netcharge : 3.4013160589299574
aromaticity : 0.0858085808580858
gravy : -0.3749174917491753
instability : 53.1337293729373
