molecularweight : 50847.774100000024
pI : 5.6266283035278315
netcharge : -8.694572670557292
aromaticity : 0.08733624454148471
gravy : -0.1451965065502184
instability : 28.452838427947594
