molecularweight : 21725.680200000006
pI : 5.56120662689209
netcharge : -5.035274076332314
aromaticity : 0.09473684210526315
gravy : -0.1757894736842104
instability : 37.24052631578946
