molecularweight : 54395.52180000007
pI : 9.497111701965334
netcharge : 12.178985766268127
aromaticity : 0.046747967479674794
gravy : -0.902642276422764
instability : 70.16565040650426
