molecularweight : 15189.515999999981
pI : 9.99261569976807
netcharge : 3.8531589893746734
aromaticity : 0.020833333333333332
gravy : -0.5138888888888893
instability : 53.49305555555555
