molecularweight : 60855.97340000012
pI : 9.269860649108885
netcharge : 14.130565114911093
aromaticity : 0.0750915750915751
gravy : -0.39249084249084293
instability : 33.60164835164834
