molecularweight : 31233.303200000035
pI : 9.061305427551268
netcharge : 6.298868258194581
aromaticity : 0.12307692307692308
gravy : -0.6511538461538465
instability : 46.073461538461544
