molecularweight : 18729.896699999998
pI : 4.408227729797363
netcharge : -14.4002558865355
aromaticity : 0.05454545454545454
gravy : -0.42242424242424237
instability : 41.35454545454545
