molecularweight : 29978.04800000005
pI : 4.508378028869629
netcharge : -23.834091402783116
aromaticity : 0.06319702602230483
gravy : -0.3408921933085504
instability : 41.33646840148699
