molecularweight : 112832.45360000068
pI : 5.3959756851196286
netcharge : -29.0139753327759
aromaticity : 0.08712871287128712
gravy : -0.18524752475247544
instability : 38.14585148514872
