molecularweight : 78707.60060000049
pI : 5.107745170593262
netcharge : -24.582984034691023
aromaticity : 0.07648725212464588
gravy : -0.5186968838526905
instability : 36.2592067988669
