molecularweight : 123979.24820000074
pI : 5.94003849029541
netcharge : -12.63198297811654
aromaticity : 0.08909090909090908
gravy : -0.012181818181818155
instability : 35.951827272727485
