molecularweight : 21411.6158
pI : 4.484391975402832
netcharge : -19.1677623606159
aromaticity : 0.04864864864864865
gravy : -0.7475675675675676
instability : 48.91405405405404
