molecularweight : 23367.560800000017
pI : 5.140654945373535
netcharge : -8.143919813115787
aromaticity : 0.0945273631840796
gravy : -0.40895522388059724
instability : 58.25621890547264
