molecularweight : 65979.75350000024
pI : 6.459092140197753
netcharge : -3.204826000113073
aromaticity : 0.09375
gravy : -0.4576388888888888
instability : 45.868055555555664
