molecularweight : 46632.62550000007
pI : 5.9737440109252935
netcharge : -6.485723210345576
aromaticity : 0.06117647058823529
gravy : -0.24400000000000024
instability : 34.14329411764706
