molecularweight : 27208.955100000006
pI : 11.123971366882323
netcharge : 28.208975316888942
aromaticity : 0.04330708661417323
gravy : -0.4673228346456697
instability : 25.39330708661416
