molecularweight : 57367.606700000004
pI : 9.080645942687987
netcharge : 13.596223967515755
aromaticity : 0.09001956947162426
gravy : -0.34266144814090055
instability : 41.31962818003915
