molecularweight : 219859.39509999953
pI : 5.686593437194825
netcharge : -32.061472823246675
aromaticity : 0.08599382080329557
gravy : -0.2101956745623054
instability : 43.33961894953689
