molecularweight : 41667.494100000054
pI : 5.894169425964355
netcharge : -7.42062953068951
aromaticity : 0.09315068493150686
gravy : -0.5668493150684933
instability : 35.96383561643835
