molecularweight : 13541.94439999999
pI : 4.606027412414551
netcharge : -9.235188335192708
aromaticity : 0.14285714285714285
gravy : -0.43109243697478994
instability : 55.85638655462186
