molecularweight : 103557.28830000077
pI : 6.3937273025512695
netcharge : -6.86949578533698
aromaticity : 0.08250825082508251
gravy : -0.6048404840484036
instability : 61.97404840484076
