molecularweight : 73916.44170000035
pI : 5.0351049423217775
netcharge : -21.63619470722135
aromaticity : 0.11162790697674418
gravy : -0.12387596899224827
instability : 35.163581395348864
