molecularweight : 43445.123200000075
pI : 5.827440452575684
netcharge : -2.357950084448561
aromaticity : 0.12755102040816327
gravy : 0.5436224489795916
instability : 31.948979591836725
