molecularweight : 34498.85430000004
pI : 9.40028018951416
netcharge : 11.40253555946854
aromaticity : 0.11683848797250859
gravy : -0.9446735395188999
instability : 38.92680412371134
