molecularweight : 36766.771300000066
pI : 9.709470558166505
netcharge : 18.91188403086349
aromaticity : 0.07430340557275542
gravy : -0.5609907120743033
instability : 38.872445820433434
