molecularweight : 177417.65210000065
pI : 8.077324485778806
netcharge : 7.014596095403078
aromaticity : 0.08842652795838751
gravy : -0.2498699609882954
instability : 40.483049414824706
