molecularweight : 113164.98640000084
pI : 6.964959144592284
netcharge : -0.23318560190914184
aromaticity : 0.10547667342799188
gravy : -0.462271805273833
instability : 36.38441176470603
