molecularweight : 29322.564700000024
pI : 9.55842113494873
netcharge : 8.679235680041511
aromaticity : 0.10687022900763359
gravy : -0.012595419847328196
instability : 30.697709923664114
