molecularweight : 88778.62520000049
pI : 5.687218666076659
netcharge : -13.093025071095525
aromaticity : 0.0832313341493268
gravy : -0.22362301101591164
instability : 31.413219094247314
