molecularweight : 47628.89760000001
pI : 9.37326793670654
netcharge : 14.247484587988822
aromaticity : 0.07674943566591422
gravy : -0.17562076749435707
instability : 39.98848758465005
