molecularweight : 26168.530599999962
pI : 4.269938468933106
netcharge : -11.399674202382215
aromaticity : 0.07894736842105263
gravy : 0.21240601503759388
instability : 58.350751879699224
