molecularweight : 35887.39530000002
pI : 4.964795112609862
netcharge : -11.909836632196917
aromaticity : 0.08045977011494253
gravy : 0.04568965517241385
instability : 25.673275862068966
