molecularweight : 80637.61040000025
pI : 6.339730262756347
netcharge : -4.98991619087478
aromaticity : 0.08108108108108109
gravy : -0.671834992887623
instability : 48.653214793741235
