molecularweight : 55968.32220000006
pI : 6.012337684631347
netcharge : -4.023489323027697
aromaticity : 0.08316430020283976
gravy : -0.5726166328600405
instability : 54.38215010141996
