molecularweight : 40784.95550000002
pI : 8.750825691223145
netcharge : 4.29288577419814
aromaticity : 0.1095890410958904
gravy : -0.17726027397260266
instability : 34.06136986301367
