molecularweight : 54083.1866000001
pI : 5.350731849670409
netcharge : -11.738102737609253
aromaticity : 0.11618257261410789
gravy : -0.25331950207468906
instability : 46.33900414937764
