molecularweight : 24306.454099999995
pI : 6.292724418640137
netcharge : -1.9671072033387773
aromaticity : 0.11659192825112108
gravy : -0.045291479820627846
instability : 26.493721973094157
