molecularweight : 57676.77520000007
pI : 4.9716157913208
netcharge : -19.462710706968863
aromaticity : 0.12698412698412698
gravy : -0.13115079365079388
instability : 43.43456349206353
