molecularweight : 20386.266700000007
pI : 9.538822746276853
netcharge : 15.830839035481358
aromaticity : 0.0893854748603352
gravy : -0.5206703910614527
instability : 44.0608938547486
