molecularweight : 20932.568599999977
pI : 6.398444938659668
netcharge : -1.1422544767061513
aromaticity : 0.09950248756218906
gravy : 0.16517412935323394
instability : 25.624925373134303
