molecularweight : 59891.328400000086
pI : 5.234950828552246
netcharge : -22.832865557577
aromaticity : 0.1001890359168242
gravy : -0.4854442344045369
instability : 46.89527410207943
