molecularweight : 110690.05660000091
pI : 5.108711433410644
netcharge : -32.74243233652375
aromaticity : 0.06489675516224189
gravy : -0.06627335299901665
instability : 31.430678466076774
