molecularweight : 95399.62410000068
pI : 4.970251655578613
netcharge : -32.28237188538533
aromaticity : 0.08763505402160865
gravy : -0.06422569027611047
instability : 41.06833133253316
