molecularweight : 19155.176599999988
pI : 4.632400703430175
netcharge : -10.246297747453662
aromaticity : 0.09883720930232559
gravy : -0.39941860465116263
instability : 56.26168604651163
