molecularweight : 21338.57600000001
pI : 4.0500284194946286
netcharge : -11.31300267141675
aromaticity : 0.058823529411764705
gravy : 0.06606334841628962
instability : 18.633936651583703
