molecularweight : 23863.253500000006
pI : 9.377716255187988
netcharge : 6.790891565866126
aromaticity : 0.10047846889952153
gravy : -0.3287081339712916
instability : 38.800000000000004
