molecularweight : 31014.712800000027
pI : 6.609601783752441
netcharge : -0.9477524103802466
aromaticity : 0.06315789473684211
gravy : -0.2621052631578952
instability : 36.04315789473683
