molecularweight : 12929.59269999998
pI : 9.897395896911618
netcharge : 8.846683772654991
aromaticity : 0.06086956521739131
gravy : -0.8547826086956528
instability : 39.790434782608685
