molecularweight : 21660.937700000013
pI : 4.719932746887206
netcharge : -14.107745796961378
aromaticity : 0.042328042328042326
gravy : -0.7111111111111111
instability : 61.8989947089947
