molecularweight : 51259.704300000085
pI : 7.623040962219239
netcharge : 1.4551284472710293
aromaticity : 0.07311827956989247
gravy : -0.294408602150538
instability : 46.769505376344085
