molecularweight : 50414.761900000056
pI : 5.762587165832519
netcharge : -6.7753086622647345
aromaticity : 0.05215419501133786
gravy : -1.1702947845804974
instability : 67.82471655328813
