molecularweight : 36299.622900000075
pI : 8.853523826599119
netcharge : 3.957456673095699
aromaticity : 0.06172839506172839
gravy : -0.5104938271604943
instability : 37.70679012345679
