molecularweight : 32288.85290000004
pI : 5.905480384826659
netcharge : -3.145929313458346
aromaticity : 0.040268456375838924
gravy : -0.11107382550335561
instability : 30.898322147651005
