molecularweight : 15137.414599999998
pI : 4.825653266906738
netcharge : -8.96806288197386
aromaticity : 0.07633587786259542
gravy : -1.2717557251908396
instability : 22.891603053435112
