molecularweight : 23097.0611
pI : 4.534523963928222
netcharge : -15.28903951862781
aromaticity : 0.08415841584158416
gravy : -0.35198019801980224
instability : 43.16237623762377
