molecularweight : 69526.18770000023
pI : 6.071563911437988
netcharge : -5.515189651229193
aromaticity : 0.08534621578099838
gravy : -0.5267310789049913
instability : 32.64396135265701
