molecularweight : 39622.862800000046
pI : 5.794644355773925
netcharge : -5.864673388965215
aromaticity : 0.08882521489971347
gravy : -0.3022922636103156
instability : 52.86504297994268
