molecularweight : 21679.32160000001
pI : 9.902746772766111
netcharge : 17.80285712764984
aromaticity : 0.06878306878306878
gravy : -0.3878306878306879
instability : 23.632275132275122
