molecularweight : 15298.441199999981
pI : 8.926115226745608
netcharge : 2.859028719351926
aromaticity : 0.09420289855072464
gravy : -0.42971014492753623
instability : 35.81521739130433
