molecularweight : 64178.883700000195
pI : 5.848414039611816
netcharge : -7.6036583971740015
aromaticity : 0.08710801393728224
gravy : -0.1250871080139377
instability : 37.229790940766584
