molecularweight : 15161.494199999985
pI : 9.56415882110596
netcharge : 4.832571060703345
aromaticity : 0.14074074074074072
gravy : 0.45999999999999985
instability : 36.18444444444442
