molecularweight : 21058.72590000001
pI : 8.684552192687988
netcharge : 1.5079792273015968
aromaticity : 0.041237113402061855
gravy : 0.27319587628865977
instability : 31.16288659793813
