molecularweight : 14557.979399999978
pI : 10.026074790954592
netcharge : 12.46487464757288
aromaticity : 0.030303030303030304
gravy : -0.16515151515151513
instability : 19.314393939393934
