molecularweight : 58907.088300000076
pI : 9.774712562561035
netcharge : 29.740879755937392
aromaticity : 0.09664694280078895
gravy : -0.28362919132149905
instability : 39.933530571992115
