molecularweight : 106341.46750000074
pI : 5.086657905578612
netcharge : -32.85769638318514
aromaticity : 0.07804370447450573
gravy : -0.13579604578564008
instability : 34.50156087408961
