molecularweight : 40537.024000000034
pI : 7.054310035705566
netcharge : 0.24128506875066336
aromaticity : 0.10027855153203342
gravy : -0.588300835654596
instability : 41.60724233983287
