molecularweight : 61947.15320000012
pI : 6.702874565124512
netcharge : -1.2975474372706657
aromaticity : 0.1
gravy : -0.35592592592592615
instability : 44.05022222222226
