molecularweight : 60573.23040000011
pI : 9.156718635559084
netcharge : 13.06243390429158
aromaticity : 0.11346153846153847
gravy : -0.5473076923076919
instability : 33.5201923076923
