molecularweight : 49083.239600000015
pI : 5.595025825500487
netcharge : -11.341011931315087
aromaticity : 0.10344827586206896
gravy : -0.21471264367816112
instability : 42.03963218390805
