molecularweight : 33502.4133
pI : 9.837246894836426
netcharge : 15.741911999734398
aromaticity : 0.09385113268608414
gravy : 0.0006472491909385061
instability : 27.054401294498387
