molecularweight : 70705.49500000032
pI : 8.297355079650881
netcharge : 4.347499025250727
aromaticity : 0.10339256865912763
gravy : -0.1946688206785141
instability : 42.445880452342536
