molecularweight : 147298.27710000062
pI : 6.559924507141113
netcharge : -4.781527027055205
aromaticity : 0.0998452012383901
gravy : -0.3756965944272438
instability : 39.21000000000028
