molecularweight : 58708.853900000104
pI : 5.365282630920409
netcharge : -13.512557245176865
aromaticity : 0.07358490566037736
gravy : -0.23867924528301937
instability : 36.3224716981132
