molecularweight : 51551.47460000004
pI : 8.428354835510255
netcharge : 3.400143250283854
aromaticity : 0.08658008658008659
gravy : -0.2731601731601736
instability : 40.76110389610389
