molecularweight : 109350.54740000096
pI : 8.172931098937987
netcharge : 4.344380749391249
aromaticity : 0.07314524555903866
gravy : -0.24754440961337443
instability : 39.2827690700106
