molecularweight : 75992.63420000036
pI : 6.892716789245606
netcharge : -0.2012846107074182
aromaticity : 0.11728395061728394
gravy : -0.4796296296296294
instability : 37.65462962962965
