molecularweight : 41276.444000000054
pI : 9.193143272399901
netcharge : 9.610868992151516
aromaticity : 0.08767123287671233
gravy : -0.5567123287671238
instability : 35.64084931506848
