molecularweight : 44510.015500000074
pI : 9.075617408752443
netcharge : 12.308280699721955
aromaticity : 0.0606060606060606
gravy : -0.36439393939393944
instability : 45.02828282828283
