molecularweight : 69551.9888000003
pI : 5.6846040725708
netcharge : -12.304551952758288
aromaticity : 0.09271523178807947
gravy : -0.5715231788079456
instability : 50.2362748344372
