molecularweight : 19875.6856
pI : 9.443731880187986
netcharge : 11.0836999839678
aromaticity : 0.07058823529411765
gravy : -0.9323529411764706
instability : 55.52117647058822
