molecularweight : 60942.27050000017
pI : 5.125819969177246
netcharge : -12.12402772528442
aromaticity : 0.0661764705882353
gravy : -0.12408088235294128
instability : 48.649264705882494
