molecularweight : 50282.39890000007
pI : 5.114338493347168
netcharge : -16.732791912680078
aromaticity : 0.0779510022271715
gravy : -0.330289532293987
instability : 39.42385300668148
