molecularweight : 62448.60960000014
pI : 9.273277473449706
netcharge : 12.389660982313416
aromaticity : 0.06993006993006994
gravy : -0.5068181818181821
instability : 52.883234265734394
