molecularweight : 38326.58440000005
pI : 6.2746496200561515
netcharge : -3.5033903874193086
aromaticity : 0.08284023668639054
gravy : -0.4866863905325445
instability : 41.58994082840236
