molecularweight : 170388.11280000015
pI : 6.0138154983520495
netcharge : -12.524924535209124
aromaticity : 0.11733684904416611
gravy : -0.11951219512195027
instability : 37.81961107448936
