molecularweight : 80710.34760000027
pI : 5.025101280212403
netcharge : -31.282690490701256
aromaticity : 0.0844062947067239
gravy : -0.729613733905579
instability : 53.60645207439213
