molecularweight : 53891.48280000006
pI : 5.854097938537596
netcharge : -6.669314488090315
aromaticity : 0.07578947368421053
gravy : -0.460421052631579
instability : 37.2256842105263
