molecularweight : 32552.22610000005
pI : 7.575580406188965
netcharge : 0.5957638629599842
aromaticity : 0.09395973154362416
gravy : 0.09161073825503313
instability : 30.825838926174487
