molecularweight : 11359.196799999983
pI : 10.320695304870604
netcharge : 8.631286620140155
aromaticity : 0.14705882352941177
gravy : 0.3333333333333332
instability : 32.39999999999999
