molecularweight : 40192.139400000044
pI : 7.022366523742675
netcharge : 0.04276377997341996
aromaticity : 0.13068181818181818
gravy : 0.2318181818181821
instability : 43.21056818181818
