molecularweight : 11435.261899999989
pI : 10.066818809509275
netcharge : 8.57805424318243
aromaticity : 0.06796116504854369
gravy : 0.035922330097087375
instability : 35.01262135922329
