molecularweight : 13580.329599999986
pI : 7.488446235656738
netcharge : 0.5236149628834283
aromaticity : 0.07317073170731708
gravy : -0.38373983739837414
instability : 42.48869918699186
