molecularweight : 21058.1763
pI : 5.28911838531494
netcharge : -6.177277766556795
aromaticity : 0.03333333333333333
gravy : -1.117777777777778
instability : 71.43777777777778
