molecularweight : 34374.598399999995
pI : 6.229462623596191
netcharge : -2.054583395864306
aromaticity : 0.10610932475884244
gravy : -0.20836012861736333
instability : 38.93443729903537
