molecularweight : 28961.780800000033
pI : 4.913640022277831
netcharge : -8.346326513063374
aromaticity : 0.08076923076923077
gravy : -0.011153846153846136
instability : 35.432307692307695
