molecularweight : 37954.51040000003
pI : 4.735392951965332
netcharge : -18.288009552893428
aromaticity : 0.07738095238095238
gravy : -0.43273809523809553
instability : 45.926785714285685
