molecularweight : 22017.457699999995
pI : 4.684408378601074
netcharge : -10.209504389020136
aromaticity : 0.09326424870466321
gravy : -0.35492227979274604
instability : 49.623834196891174
