molecularweight : 102812.85680000065
pI : 6.117262458801269
netcharge : -9.577723931952136
aromaticity : 0.06907894736842105
gravy : -0.38826754385964796
instability : 43.50756578947384
