molecularweight : 25900.70200000003
pI : 9.944199943542483
netcharge : 17.89044534221128
aromaticity : 0.06422018348623854
gravy : -0.9880733944954134
instability : 63.37660550458713
