molecularweight : 69748.10580000025
pI : 9.026041221618652
netcharge : 10.676045561875796
aromaticity : 0.10833333333333334
gravy : -0.7411666666666655
instability : 48.96601666666678
