molecularweight : 95008.77540000067
pI : 6.6672365188598635
netcharge : -1.982936021338773
aromaticity : 0.06586826347305388
gravy : -0.3805988023952091
instability : 45.118694610778675
