molecularweight : 27724.418800000014
pI : 5.053122901916503
netcharge : -11.93210094125574
aromaticity : 0.09583333333333333
gravy : -0.8375000000000007
instability : 36.402083333333316
