molecularweight : 34595.427900000046
pI : 9.082837867736817
netcharge : 6.069778014508003
aromaticity : 0.09427609427609426
gravy : -0.46700336700336725
instability : 36.138383838383824
