molecularweight : 89930.58210000064
pI : 9.157169914245607
netcharge : 15.508525158144934
aromaticity : 0.05012531328320802
gravy : -0.8735588972431065
instability : 45.40463659147886
