molecularweight : 17451.37889999999
pI : 5.860691261291502
netcharge : -3.9507799486653354
aromaticity : 0.05263157894736842
gravy : -0.7993421052631585
instability : 36.73888157894734
