molecularweight : 50671.77560000001
pI : 5.475266075134278
netcharge : -12.477037629066857
aromaticity : 0.10180995475113122
gravy : -0.14208144796380123
instability : 34.71880090497735
