molecularweight : 21187.25830000001
pI : 6.328987693786622
netcharge : -4.073514120630939
aromaticity : 0.11538461538461539
gravy : -0.7780219780219789
instability : 33.02313186813186
