molecularweight : 52504.218400000085
pI : 9.424971580505371
netcharge : 14.121999649469899
aromaticity : 0.11363636363636365
gravy : 0.5673553719008269
instability : 28.19483471074379
