molecularweight : 27397.05850000002
pI : 5.1050737380981435
netcharge : -10.588395582243134
aromaticity : 0.0625
gravy : -0.39041666666666686
instability : 46.78458333333334
