molecularweight : 23437.2625
pI : 6.585161018371582
netcharge : -0.9680614230548308
aromaticity : 0.049107142857142856
gravy : -0.609375
instability : 56.36830357142857
