molecularweight : 34402.12830000007
pI : 9.146274757385257
netcharge : 7.619011146769353
aromaticity : 0.05537459283387622
gravy : -0.7986970684039087
instability : 52.47495114006514
