molecularweight : 97684.57230000054
pI : 5.549668312072753
netcharge : -18.751002622221222
aromaticity : 0.10994152046783626
gravy : -0.31415204678362535
instability : 36.50119298245623
