molecularweight : 37773.683500000036
pI : 4.924894142150878
netcharge : -16.724008133379535
aromaticity : 0.08978328173374613
gravy : -1.129411764705881
instability : 38.73436532507742
