molecularweight : 50962.65720000003
pI : 5.826019477844238
netcharge : -5.008081063280088
aromaticity : 0.11011235955056181
gravy : -0.19887640449438224
instability : 44.573056179775264
