molecularweight : 25370.555100000027
pI : 4.773361396789551
netcharge : -13.228770422818688
aromaticity : 0.15714285714285714
gravy : -0.5800000000000004
instability : 43.55719047619048
