molecularweight : 36271.27720000001
pI : 9.285913276672364
netcharge : 7.838323719420259
aromaticity : 0.04024767801857585
gravy : -1.11176470588235
instability : 37.82291021671827
