molecularweight : 54797.72640000016
pI : 6.150967979431152
netcharge : -6.148410402928604
aromaticity : 0.060291060291060294
gravy : -0.7920997920997906
instability : 70.20376299376316
