molecularweight : 73104.85090000034
pI : 9.167613792419434
netcharge : 8.688118501822878
aromaticity : 0.055636896046852125
gravy : -0.8568081991215254
instability : 68.89546120058606
