molecularweight : 125864.7859000008
pI : 6.8588975906372065
netcharge : -1.3104255094773691
aromaticity : 0.0742397137745975
gravy : -0.6121645796064401
instability : 53.50331842576057
