molecularweight : 31685.286900000014
pI : 9.16245632171631
netcharge : 9.157183578961863
aromaticity : 0.0931899641577061
gravy : -0.31684587813620135
instability : 28.30107526881719
