molecularweight : 44147.25860000004
pI : 6.623641014099121
netcharge : -0.9545688833362718
aromaticity : 0.08312342569269521
gravy : -0.13173803526448366
instability : 34.75214105793451
