molecularweight : 63109.12010000011
pI : 6.156651878356932
netcharge : -2.957086269548725
aromaticity : 0.10934744268077601
gravy : 0.17830687830687791
instability : 39.22627865961203
