molecularweight : 25916.581700000002
pI : 4.326379585266114
netcharge : -23.828402451516528
aromaticity : 0.09401709401709402
gravy : -0.3012820512820516
instability : 47.74572649572651
