molecularweight : 46467.19799999998
pI : 6.535995292663575
netcharge : -2.266725622815258
aromaticity : 0.11691542288557213
gravy : -0.37139303482587055
instability : 55.33358208955226
