molecularweight : 144674.15010000093
pI : 5.129230308532715
netcharge : -48.365328637483685
aromaticity : 0.07778668805132317
gravy : -0.8289494787489984
instability : 48.50369687249427
