molecularweight : 14962.036899999996
pI : 9.582145500183103
netcharge : 8.754012618069773
aromaticity : 0.1015625
gravy : -0.8007812500000003
instability : 48.374296875
