molecularweight : 94416.2994000006
pI : 6.1481828689575195
netcharge : -9.381372698016463
aromaticity : 0.0889423076923077
gravy : -0.5977163461538455
instability : 39.304350961538574
