molecularweight : 40067.346000000085
pI : 9.43612461090088
netcharge : 19.7467521276714
aromaticity : 0.07670454545454546
gravy : -0.9815340909090892
instability : 42.005681818181806
