molecularweight : 79738.76020000034
pI : 6.233270835876465
netcharge : -5.176047663628054
aromaticity : 0.09663250366032211
gravy : -0.3418740849194728
instability : 48.32607613469996
