molecularweight : 44419.78640000003
pI : 5.198403358459472
netcharge : -14.665498581348288
aromaticity : 0.125
gravy : -0.5747340425531913
instability : 41.813297872340414
