molecularweight : 32975.646500000046
pI : 9.782448768615719
netcharge : 12.104167989071673
aromaticity : 0.09556313993174062
gravy : -0.11638225255972702
instability : 44.30481228668942
