molecularweight : 37387.74540000003
pI : 9.390545463562013
netcharge : 9.727616029997357
aromaticity : 0.14939024390243905
gravy : 0.09481707317073142
instability : 33.317774390243905
