molecularweight : 39826.68229999999
pI : 5.209827995300292
netcharge : -8.25561856982749
aromaticity : 0.12356321839080461
gravy : -0.5936781609195404
instability : 36.958333333333336
