molecularweight : 30099.857000000018
pI : 5.986305427551269
netcharge : -3.9007638630787227
aromaticity : 0.07526881720430108
gravy : -0.023297491039426466
instability : 37.216845878136205
