molecularweight : 13602.71579999999
pI : 9.693869209289552
netcharge : 6.700618735120209
aromaticity : 0.07692307692307693
gravy : -0.5940170940170939
instability : 46.84871794871794
