molecularweight : 60309.01070000017
pI : 5.736952781677247
netcharge : -10.288478906733204
aromaticity : 0.0686456400742115
gravy : -0.4849721706864566
instability : 48.266975881261686
