molecularweight : 99084.90800000067
pI : 4.972866249084471
netcharge : -42.46917412197186
aromaticity : 0.05902383654937571
gravy : -0.5170261066969336
instability : 53.86288308740099
