molecularweight : 35407.928999999975
pI : 6.300056648254395
netcharge : -1.9871633861963431
aromaticity : 0.16257668711656442
gravy : 0.24386503067484636
instability : 35.572085889570545
