molecularweight : 67101.23580000018
pI : 8.689129447937013
netcharge : 7.551751649401737
aromaticity : 0.08838821490467938
gravy : -0.4672443674176762
instability : 52.081126516464565
