molecularweight : 55804.56210000001
pI : 9.122872734069826
netcharge : 10.412134538209784
aromaticity : 0.0835030549898167
gravy : -0.6613034623217915
instability : 47.985987780040794
