molecularweight : 153899.90250000023
pI : 8.589654731750489
netcharge : 10.537143985396568
aromaticity : 0.07860262008733625
gravy : -0.7205967976710332
instability : 54.79381368267864
