molecularweight : 37222.63400000004
pI : 4.970308494567871
netcharge : -13.245091247682304
aromaticity : 0.05278592375366569
gravy : -0.4961876832844573
instability : 54.876246334310835
