molecularweight : 11906.595599999986
pI : 9.692708778381348
netcharge : 6.090805983641215
aromaticity : 0.11764705882352941
gravy : -0.3764705882352942
instability : 73.5833333333333
