molecularweight : 23733.9847
pI : 8.555679893493654
netcharge : 1.617531085549711
aromaticity : 0.08181818181818182
gravy : -0.06954545454545459
instability : 42.11545454545455
