molecularweight : 62912.926500000205
pI : 8.602870750427247
netcharge : 6.32668174746
aromaticity : 0.08000000000000002
gravy : -0.46782608695652067
instability : 48.54473043478274
