molecularweight : 21324.527300000012
pI : 6.140680122375487
netcharge : -1.3851656682331424
aromaticity : 0.08900523560209425
gravy : -0.1329842931937172
instability : 37.285863874345544
