molecularweight : 65303.25580000014
pI : 6.806207847595215
netcharge : -0.9538666446033375
aromaticity : 0.08112874779541446
gravy : -0.5275132275132268
instability : 43.98483245149915
