molecularweight : 42562.85830000004
pI : 6.801206016540527
netcharge : -0.6508812968037532
aromaticity : 0.12154696132596685
gravy : -0.6243093922651934
instability : 36.04093922651933
