molecularweight : 19199.521800000002
pI : 5.927079200744628
netcharge : -2.2358520560691773
aromaticity : 0.10588235294117647
gravy : -0.34705882352941186
instability : 35.18352941176469
