molecularweight : 20070.391999999993
pI : 6.106008338928221
netcharge : -2.1323874788530013
aromaticity : 0.11475409836065574
gravy : -0.2355191256830602
instability : 25.77049180327867
