molecularweight : 97464.4332000005
pI : 6.553899574279785
netcharge : -3.5624965994124835
aromaticity : 0.08685446009389672
gravy : -0.4353286384976514
instability : 33.62030516431931
