molecularweight : 27216.4194
pI : 5.500332069396971
netcharge : -6.012877499093843
aromaticity : 0.04780876494023904
gravy : -0.2653386454183268
instability : 37.0398406374502
