molecularweight : 32963.30050000002
pI : 5.702735710144044
netcharge : -4.171136359756851
aromaticity : 0.08666666666666667
gravy : -0.13466666666666646
instability : 32.260699999999986
