molecularweight : 15030.678199999988
pI : 9.909258079528808
netcharge : 9.840212726797612
aromaticity : 0.08270676691729323
gravy : -0.0924812030075189
instability : 33.14736842105262
