molecularweight : 27654.5734
pI : 6.189789009094238
netcharge : -2.1433466176616847
aromaticity : 0.08333333333333334
gravy : -1.2087499999999998
instability : 41.382916666666674
