molecularweight : 91052.18980000033
pI : 8.395798301696779
netcharge : 5.265210815213308
aromaticity : 0.08058608058608059
gravy : -0.6683760683760683
instability : 50.20212454212481
