molecularweight : 172137.63950000048
pI : 6.317676734924317
netcharge : -10.33015198873673
aromaticity : 0.10254691689008044
gravy : -0.6660187667560333
instability : 42.01839142091185
