molecularweight : 32849.703500000025
pI : 5.239668464660644
netcharge : -11.706150572300057
aromaticity : 0.1016949152542373
gravy : -0.31288135593220345
instability : 32.29325423728813
