molecularweight : 73917.91940000033
pI : 5.742807197570801
netcharge : -12.042804499093876
aromaticity : 0.09880239520958084
gravy : -0.21841317365269516
instability : 28.544940119760458
