molecularweight : 51642.921300000075
pI : 7.153039360046387
netcharge : 0.4598864034034307
aromaticity : 0.13695652173913042
gravy : 0.1469565217391303
instability : 43.779826086956504
