molecularweight : 57744.48660000004
pI : 8.645742225646973
netcharge : 5.2881313750156025
aromaticity : 0.10058027079303675
gravy : -0.20193423597678994
instability : 26.60951644100579
