molecularweight : 21100.44890000001
pI : 5.214772987365721
netcharge : -4.3850417307798
aromaticity : 0.05913978494623656
gravy : -0.8225806451612906
instability : 43.19892473118279
