molecularweight : 33310.65520000004
pI : 4.566637992858888
netcharge : -18.12039176872025
aromaticity : 0.10689655172413792
gravy : -0.0496551724137931
instability : 23.12279310344827
