molecularweight : 78180.69600000036
pI : 9.0057336807251
netcharge : 9.265171907562348
aromaticity : 0.06017191977077364
gravy : -0.9524355300859598
instability : 53.10961318051602
