molecularweight : 53842.2926
pI : 5.3251543045043945
netcharge : -21.65216731556461
aromaticity : 0.10851063829787236
gravy : -0.4168085106382983
instability : 34.84214893617022
