molecularweight : 94389.89960000051
pI : 7.921117591857911
netcharge : 2.7579424708813605
aromaticity : 0.08353221957040573
gravy : -0.35083532219570435
instability : 47.01420047732712
