molecularweight : 85487.81410000037
pI : 5.3124792098999025
netcharge : -20.37873696871057
aromaticity : 0.08165997322623829
gravy : -0.7633199464524756
instability : 57.53975903614475
