molecularweight : 129251.20020000065
pI : 5.688696479797363
netcharge : -22.039965146886345
aromaticity : 0.07325383304940375
gravy : -0.1691652470187398
instability : 37.40383304940397
