molecularweight : 53457.523600000015
pI : 8.812006187438964
netcharge : 7.296197500669152
aromaticity : 0.05660377358490566
gravy : -0.8496855345911933
instability : 38.27840670859539
