molecularweight : 15188.786199999984
pI : 10.04470615386963
netcharge : 12.749492595252505
aromaticity : 0.04827586206896552
gravy : -0.02137931034482752
instability : 19.99655172413791
