molecularweight : 55445.06780000004
pI : 5.892918968200683
netcharge : -6.66118249518437
aromaticity : 0.11134453781512606
gravy : -0.5932773109243702
instability : 53.60506302521021
