molecularweight : 17506.683099999995
pI : 5.053577613830566
netcharge : -7.126264706916997
aromaticity : 0.09868421052631579
gravy : -0.3322368421052633
instability : 46.49736842105261
