molecularweight : 97386.42610000074
pI : 5.130537605285644
netcharge : -33.605468047159036
aromaticity : 0.09134045077105575
gravy : -0.18944246737841058
instability : 44.62339264531452
