molecularweight : 29992.344800000035
pI : 5.523351860046386
netcharge : -10.409740067992772
aromaticity : 0.07196969696969696
gravy : -1.0087121212121202
instability : 59.59772727272727
