molecularweight : 82577.85900000035
pI : 5.552339744567871
netcharge : -12.685253342067469
aromaticity : 0.1320754716981132
gravy : -0.6730043541364287
instability : 43.34673439767787
