molecularweight : 51023.03070000014
pI : 6.453294563293456
netcharge : -2.457763391272543
aromaticity : 0.07606263982102908
gravy : -0.8456375838926172
instability : 50.77185682326626
