molecularweight : 14104.072099999983
pI : 5.26445026397705
netcharge : -4.2370667749248145
aromaticity : 0.08064516129032258
gravy : 0.016129032258064543
instability : 40.067741935483866
