molecularweight : 95167.83000000063
pI : 6.5830579757690435
netcharge : -2.814894760019243
aromaticity : 0.10204081632653061
gravy : -0.367346938775509
instability : 41.175390156062576
