molecularweight : 72190.07290000025
pI : 5.076199531555174
netcharge : -22.643522621963797
aromaticity : 0.0655226209048362
gravy : -0.5987519500780025
instability : 49.80670826833091
