molecularweight : 24613.409500000027
pI : 5.245750236511229
netcharge : -9.780491541454758
aromaticity : 0.0958904109589041
gravy : -0.3872146118721466
instability : 22.54109589041094
