molecularweight : 12084.647399999989
pI : 5.613214302062987
netcharge : -4.049786982391925
aromaticity : 0.10377358490566038
gravy : 0.015094339622641473
instability : 28.08679245283018
