molecularweight : 103543.64000000064
pI : 6.625459861755371
netcharge : -4.317148276667055
aromaticity : 0.05863192182410423
gravy : -0.5144408251900103
instability : 57.79664495114036
