molecularweight : 21481.380900000015
pI : 4.398110389709472
netcharge : -22.145819477986993
aromaticity : 0.03626943005181347
gravy : -0.7523316062176164
instability : 68.07979274611398
