molecularweight : 28254.71000000001
pI : 4.678781318664551
netcharge : -16.182791036354278
aromaticity : 0.0682730923694779
gravy : -0.4052208835341365
instability : 56.87710843373493
