molecularweight : 48017.52620000001
pI : 8.545236015319826
netcharge : 3.2422864719969766
aromaticity : 0.04449648711943794
gravy : -0.44566744730679164
instability : 31.180093676814973
