molecularweight : 44301.9004000001
pI : 8.494370460510254
netcharge : 2.51560173316404
aromaticity : 0.10677083333333334
gravy : -0.850520833333332
instability : 52.59114583333332
