molecularweight : 132690.95980000048
pI : 8.55671138763428
netcharge : 10.366640574575996
aromaticity : 0.045376712328767124
gravy : -0.6442636986301361
instability : 42.16626712328788
