molecularweight : 44270.73780000008
pI : 4.67724666595459
netcharge : -25.953871880008975
aromaticity : 0.06852791878172589
gravy : -0.6294416243654817
instability : 40.472081218274106
