molecularweight : 90002.75640000051
pI : 6.583512687683106
netcharge : -3.4134782975960007
aromaticity : 0.10621761658031087
gravy : -0.43199481865284806
instability : 43.441489637305835
