molecularweight : 29709.197899999956
pI : 9.127514457702638
netcharge : 5.027132310648909
aromaticity : 0.045627376425855515
gravy : -0.8406844106463875
instability : 61.459315589353615
