molecularweight : 14414.932099999982
pI : 6.264816474914551
netcharge : -2.017803449661759
aromaticity : 0.07086614173228346
gravy : -0.5070866141732282
instability : 41.63622047244093
