molecularweight : 64812.605500000136
pI : 6.7038976669311525
netcharge : -0.8579561017747324
aromaticity : 0.05486725663716814
gravy : -0.9130973451327421
instability : 52.962495575221375
