molecularweight : 60598.876300000105
pI : 8.20993595123291
netcharge : 3.0486550831325587
aromaticity : 0.11721611721611722
gravy : 0.23278388278388237
instability : 36.19981684981684
