molecularweight : 18277.829199999993
pI : 4.5349218368530275
netcharge : -9.328704689802981
aromaticity : 0.10493827160493827
gravy : 0.2203703703703703
instability : 38.603148148148136
