molecularweight : 25178.515599999995
pI : 6.075940513610839
netcharge : -2.119758337001784
aromaticity : 0.08260869565217391
gravy : 0.21086956521739134
instability : 37.49173913043478
