molecularweight : 39114.22620000003
pI : 7.113593101501464
netcharge : 0.28316803479771835
aromaticity : 0.1130952380952381
gravy : -0.48095238095238163
instability : 44.7497023809524
