molecularweight : 147873.85250000068
pI : 5.8571672439575195
netcharge : -22.375096566081567
aromaticity : 0.06682027649769585
gravy : -0.7350230414746555
instability : 47.88236559139815
