molecularweight : 29637.923900000023
pI : 9.6175386428833
netcharge : 9.687061822387111
aromaticity : 0.054945054945054944
gravy : -0.16410256410256419
instability : 44.05824175824178
