molecularweight : 73036.93900000026
pI : 5.707396507263184
netcharge : -11.240941535474462
aromaticity : 0.10122699386503067
gravy : -0.32469325153374273
instability : 32.60111963190188
