molecularweight : 68844.72700000028
pI : 4.760572624206542
netcharge : -30.004377344121167
aromaticity : 0.0858085808580858
gravy : -0.26815181518151854
instability : 43.70594059405946
