molecularweight : 33148.68440000004
pI : 5.5993455886840815
netcharge : -8.631962854143929
aromaticity : 0.0944055944055944
gravy : -0.32132867132867193
instability : 43.79650349650349
