molecularweight : 27908.99920000002
pI : 4.777965354919433
netcharge : -11.306370695972507
aromaticity : 0.11382113821138212
gravy : -0.5833333333333336
instability : 29.572357723577237
