molecularweight : 169336.04560000025
pI : 8.660569953918458
netcharge : 14.461058656703386
aromaticity : 0.10085695451549109
gravy : 0.12742254449571547
instability : 35.67287409360601
