molecularweight : 124770.9169000008
pI : 6.349108695983887
netcharge : -5.697962738882154
aromaticity : 0.0744485294117647
gravy : -0.6561580882352918
instability : 47.72767463235319
