molecularweight : 55111.00440000008
pI : 5.080405616760252
netcharge : -20.193522097313483
aromaticity : 0.11680327868852458
gravy : -0.12008196721311493
instability : 46.796188524590185
