molecularweight : 88171.83590000049
pI : 6.652174186706544
netcharge : -2.9827738138504003
aromaticity : 0.09585492227979274
gravy : -0.904663212435232
instability : 41.282901554404305
