molecularweight : 147365.7163000003
pI : 4.973889350891112
netcharge : -46.57605288981972
aromaticity : 0.0771513353115727
gravy : -0.2007418397626111
instability : 37.9403560830863
