molecularweight : 100079.03000000068
pI : 8.114006996154785
netcharge : 3.3641653406980367
aromaticity : 0.12485939257592801
gravy : 0.0968503937007884
instability : 42.562350956130615
