molecularweight : 44077.347700000086
pI : 5.787312126159668
netcharge : -5.85433859840343
aromaticity : 0.06701030927835051
gravy : -1.1054123711340196
instability : 57.243298969072185
