molecularweight : 52249.81710000013
pI : 9.46719837188721
netcharge : 14.789981775784536
aromaticity : 0.06609808102345416
gravy : -0.9272921108742007
instability : 62.395095948827475
