molecularweight : 51391.540300000015
pI : 5.383357429504395
netcharge : -10.512675238946521
aromaticity : 0.07999999999999999
gravy : -0.12066666666666676
instability : 29.44422222222223
