molecularweight : 59409.99850000008
pI : 9.064399909973144
netcharge : 11.67666569537829
aromaticity : 0.0674373795761079
gravy : -0.7146435452793826
instability : 41.317360308285174
