molecularweight : 74994.2522000003
pI : 5.645896720886231
netcharge : -14.059451962848911
aromaticity : 0.09553158705701079
gravy : -0.6765793528505384
instability : 39.28522342064724
