molecularweight : 106049.66810000091
pI : 5.232847785949706
netcharge : -25.128491252103416
aromaticity : 0.10371179039301309
gravy : -0.2795851528384274
instability : 37.20930131004384
