molecularweight : 57227.284100000106
pI : 6.143294715881347
netcharge : -6.958114362494932
aromaticity : 0.1417004048582996
gravy : 0.012550607287449042
instability : 49.70026315789478
