molecularweight : 71420.72150000032
pI : 8.916767311096194
netcharge : 9.352736685275204
aromaticity : 0.07519999999999999
gravy : -0.5342399999999989
instability : 34.95761600000005
