molecularweight : 94750.63820000067
pI : 8.29819316864014
netcharge : 5.59535998854922
aromaticity : 0.08363201911589008
gravy : -0.29056152927120665
instability : 33.58268817204312
