molecularweight : 113316.7910000007
pI : 5.134630012512206
netcharge : -31.7698031306398
aromaticity : 0.08206686930091185
gravy : 0.019250253292806472
instability : 37.075997973657714
