molecularweight : 13137.098599999981
pI : 4.236289787292479
netcharge : -6.399519715467166
aromaticity : 0.047619047619047616
gravy : -0.19047619047619066
instability : 37.91111111111109
