molecularweight : 57863.95070000016
pI : 6.5557752609252935
netcharge : -2.827727967124396
aromaticity : 0.12352941176470589
gravy : -0.6049019607843126
instability : 34.3566862745098
