molecularweight : 19209.65939999999
pI : 8.626466178894042
netcharge : 1.7619875068145845
aromaticity : 0.08522727272727273
gravy : -0.12897727272727258
instability : 33.6806818181818
