molecularweight : 43128.937200000044
pI : 4.509287452697754
netcharge : -38.86129371830415
aromaticity : 0.05221932114882506
gravy : -0.9347258485639678
instability : 54.01383812010441
