molecularweight : 11526.284299999987
pI : 9.641972160339353
netcharge : 10.614365636803434
aromaticity : 0.03
gravy : -0.8110000000000005
instability : 48.87899999999999
