molecularweight : 14567.870499999979
pI : 9.87064151763916
netcharge : 13.629826192993614
aromaticity : 0.0390625
gravy : -0.6890625000000001
instability : 33.61796874999999
