molecularweight : 14605.95519999998
pI : 4.547994804382324
netcharge : -6.227850041090358
aromaticity : 0.14925373134328357
gravy : 1.0283582089552237
instability : 31.205223880596996
