molecularweight : 39632.12070000006
pI : 4.529578971862793
netcharge : -23.045874258441753
aromaticity : 0.11661807580174927
gravy : -0.3116618075801751
instability : 50.63069970845481
