molecularweight : 34864.187400000024
pI : 8.11362018585205
netcharge : 1.9361986447484867
aromaticity : 0.09294871794871795
gravy : -0.5762820512820515
instability : 40.762852564102545
