molecularweight : 67172.4474000001
pI : 9.102952003479004
netcharge : 11.50275780034373
aromaticity : 0.1026058631921824
gravy : 0.34071661237785017
instability : 40.82200325732902
