molecularweight : 51721.18420000009
pI : 5.605370521545409
netcharge : -7.797684126676835
aromaticity : 0.1103896103896104
gravy : -0.21558441558441596
instability : 46.45151515151517
