molecularweight : 120140.9593000008
pI : 5.318219947814941
netcharge : -27.011013819767385
aromaticity : 0.09386973180076628
gravy : -0.6018199233716462
instability : 47.77043103448304
