molecularweight : 59666.11260000008
pI : 7.911189460754394
netcharge : 1.672677528712562
aromaticity : 0.15157116451016636
gravy : 0.3966728280961184
instability : 36.384121996303136
