molecularweight : 27090.11300000001
pI : 5.344877433776855
netcharge : -4.362883455419617
aromaticity : 0.09913793103448276
gravy : -0.7693965517241381
instability : 39.76340517241379
