molecularweight : 48876.06110000001
pI : 9.096505165100098
netcharge : 8.471836749645767
aromaticity : 0.05417607223476298
gravy : -0.40000000000000047
instability : 42.30135440180587
