molecularweight : 57337.884400000046
pI : 6.157163429260252
netcharge : -7.699141077686946
aromaticity : 0.12065439672801637
gravy : -0.2993865030674848
instability : 31.791635991820048
