molecularweight : 12832.536799999985
pI : 5.573540687561034
netcharge : -3.264836524306789
aromaticity : 0.07017543859649122
gravy : -0.3210526315789472
instability : 31.808771929824555
