molecularweight : 78387.39150000032
pI : 4.756366539001465
netcharge : -31.43824545994181
aromaticity : 0.11522048364153628
gravy : -0.07439544807965853
instability : 39.12533428165018
