molecularweight : 117258.29150000088
pI : 5.920144844055175
netcharge : -11.841137117670414
aromaticity : 0.11304347826086956
gravy : -0.03748792270531436
instability : 35.137623188405925
