molecularweight : 51234.37280000003
pI : 8.92314968109131
netcharge : 6.5847637975958335
aromaticity : 0.07173913043478261
gravy : -0.9236956521739124
instability : 53.3210869565218
