molecularweight : 15287.357999999993
pI : 9.04254512786865
netcharge : 3.5790306603734354
aromaticity : 0.11764705882352941
gravy : -0.27352941176470574
instability : 20.822132352941175
