molecularweight : 16252.934899999986
pI : 10.165068626403805
netcharge : 13.76783330908428
aromaticity : 0.0763888888888889
gravy : -0.3118055555555556
instability : 34.64513888888887
