molecularweight : 36441.76560000008
pI : 4.857198905944824
netcharge : -18.96993219177301
aromaticity : 0.04984423676012461
gravy : -1.0999999999999976
instability : 53.92336448598131
