molecularweight : 12589.468499999997
pI : 4.195024681091309
netcharge : -7.313026227346944
aromaticity : 0.1875
gravy : 0.7678571428571426
instability : 32.062499999999986
