molecularweight : 95680.2217000006
pI : 9.236659431457518
netcharge : 24.78425039663216
aromaticity : 0.06428571428571428
gravy : -0.502261904761903
instability : 40.390250000000144
