molecularweight : 50995.4659000001
pI : 5.7451375961303714
netcharge : -7.576936162922117
aromaticity : 0.08207343412526998
gravy : -0.12354211663066957
instability : 31.08660907127428
