molecularweight : 56735.132200000124
pI : 4.803429222106933
netcharge : -31.511769625577635
aromaticity : 0.052313883299798795
gravy : -0.6659959758551298
instability : 47.92897384305837
