molecularweight : 64884.25580000023
pI : 5.8717748641967775
netcharge : -11.720388287076908
aromaticity : 0.1059245960502693
gravy : -0.21490125673249585
instability : 41.36987432675049
