molecularweight : 48168.70310000004
pI : 6.588173484802247
netcharge : -1.022349941119188
aromaticity : 0.08653846153846154
gravy : -0.3524038461538464
instability : 48.07596153846151
