molecularweight : 57062.01400000002
pI : 6.1355077743530275
netcharge : -4.612911291222758
aromaticity : 0.11177644710578843
gravy : -0.4976047904191621
instability : 29.605449101796395
