molecularweight : 61367.77880000014
pI : 5.964308738708497
netcharge : -6.475280259524581
aromaticity : 0.10488245931283907
gravy : 0.3081374321880653
instability : 41.40401446654614
