molecularweight : 26676.990100000006
pI : 5.131901741027831
netcharge : -7.220481365862863
aromaticity : 0.07142857142857142
gravy : -0.8163865546218483
instability : 62.782773109243706
