molecularweight : 12949.1495
pI : 4.0500284194946286
netcharge : -53.37611308389758
aromaticity : 0.017094017094017096
gravy : -0.6273504273504275
instability : 71.44273504273505
