molecularweight : 35008.49429999999
pI : 9.725394248962402
netcharge : 15.071155615794265
aromaticity : 0.08099688473520249
gravy : 0.13520249221183805
instability : 24.014330218068526
