molecularweight : 29683.701900000036
pI : 7.0840368270874015
netcharge : 0.16908417925320407
aromaticity : 0.06439393939393939
gravy : -0.3772727272727272
instability : 24.857196969696954
