molecularweight : 50946.08250000007
pI : 5.620660209655762
netcharge : -8.645318737419743
aromaticity : 0.06695464362850972
gravy : -0.2883369330453567
instability : 35.0969978401728
