molecularweight : 11507.050499999988
pI : 9.408918952941896
netcharge : 4.731005719243172
aromaticity : 0.14563106796116504
gravy : -0.01553398058252429
instability : 38.52330097087378
