molecularweight : 145655.98330000075
pI : 6.322735404968263
netcharge : -9.44468398556424
aromaticity : 0.07906976744186046
gravy : -0.3737209302325568
instability : 44.29380620155067
