molecularweight : 105237.55170000074
pI : 7.788957405090332
netcharge : 4.116006949568501
aromaticity : 0.09580193756727665
gravy : -0.3771797631862204
instability : 43.8561894510228
