molecularweight : 41393.99540000003
pI : 5.22182102203369
netcharge : -13.871207459062191
aromaticity : 0.049723756906077346
gravy : -1.3276243093922628
instability : 51.85085635359115
