molecularweight : 55787.551000000014
pI : 8.435446357727052
netcharge : 5.006190801252622
aromaticity : 0.121272365805169
gravy : 0.3793240556660042
instability : 27.85667992047713
