molecularweight : 28712.04510000002
pI : 4.899543952941894
netcharge : -10.186228233059243
aromaticity : 0.05533596837944664
gravy : -0.44268774703557306
instability : 44.8403162055336
