molecularweight : 42033.30580000003
pI : 6.107258796691894
netcharge : -2.980554030469076
aromaticity : 0.12169312169312169
gravy : 0.3103174603174599
instability : 38.5716931216931
