molecularweight : 106965.61540000093
pI : 5.156626701354979
netcharge : -22.732870388304818
aromaticity : 0.07419017763845351
gravy : -0.10700104493207961
instability : 48.20314524555924
