molecularweight : 83286.93420000045
pI : 8.946164894104008
netcharge : 11.133750610611557
aromaticity : 0.0801068090787717
gravy : -0.29559412550066755
instability : 36.15206942590126
