molecularweight : 27161.26890000004
pI : 9.066656303405761
netcharge : 4.943947682620518
aromaticity : 0.07468879668049794
gravy : -0.19128630705394173
instability : 32.05103734439834
