molecularweight : 69104.07090000027
pI : 6.2527666091918945
netcharge : -6.607261035718409
aromaticity : 0.07692307692307693
gravy : -0.5816053511705671
instability : 54.578595317725885
