molecularweight : 104153.46750000071
pI : 8.717560005187988
netcharge : 10.804888154596256
aromaticity : 0.0978021978021978
gravy : -0.4190109890109882
instability : 37.06781318681338
