molecularweight : 65204.42630000016
pI : 5.502207756042479
netcharge : -14.251780028727936
aromaticity : 0.08231173380035026
gravy : -0.28669001751313417
instability : 39.96479859894927
