molecularweight : 50321.030300000086
pI : 9.309831047058104
netcharge : 11.193300469182262
aromaticity : 0.03225806451612903
gravy : -0.8701075268817193
instability : 36.46774193548386
