molecularweight : 124526.60170000084
pI : 6.715265464782715
netcharge : -2.286193567379314
aromaticity : 0.08318425760286226
gravy : -0.6813953488372102
instability : 50.25008944543852
