molecularweight : 81356.77770000049
pI : 6.0811128616333
netcharge : -9.6300841044429
aromaticity : 0.08876560332871011
gravy : -0.009986130374479835
instability : 39.84595006934825
