molecularweight : 47437.52380000008
pI : 5.138267707824705
netcharge : -11.90930756261082
aromaticity : 0.08256880733944955
gravy : -0.16513761467889904
instability : 29.35690366972477
