molecularweight : 108122.17240000085
pI : 5.0952974319457995
netcharge : -31.150989899987522
aromaticity : 0.07859358841778696
gravy : -0.1930713547052739
instability : 47.26982419855248
