molecularweight : 31250.150800000014
pI : 5.221991539001464
netcharge : -11.72888477441213
aromaticity : 0.06909090909090909
gravy : -0.4098181818181818
instability : 45.886909090909086
