molecularweight : 48696.114300000045
pI : 8.415332221984865
netcharge : 5.110851793689861
aromaticity : 0.07547169811320754
gravy : -0.4537735849056591
instability : 50.68325471698114
