molecularweight : 40551.59440000005
pI : 4.683214759826659
netcharge : -24.77124662395645
aromaticity : 0.0664819944598338
gravy : -0.8911357340720213
instability : 57.32576177285317
