molecularweight : 44789.74040000005
pI : 5.402114295959472
netcharge : -8.90472428080816
aromaticity : 0.14583333333333334
gravy : -0.5606770833333332
instability : 40.14484375
