molecularweight : 54171.93410000004
pI : 6.536506843566895
netcharge : -2.3266845863690406
aromaticity : 0.10860655737704919
gravy : -0.13750000000000023
instability : 26.20965163934427
