molecularweight : 39823.14410000005
pI : 4.847308921813963
netcharge : -13.190668403752632
aromaticity : 0.04533333333333334
gravy : -0.00320000000000003
instability : 27.757866666666665
