molecularweight : 32806.53610000005
pI : 8.944037437438965
netcharge : 4.959783651435714
aromaticity : 0.09655172413793103
gravy : -0.23827586206896564
instability : 32.13206896551723
