molecularweight : 53712.52590000008
pI : 5.17220058441162
netcharge : -11.060852458615159
aromaticity : 0.08888888888888889
gravy : -0.09515151515151525
instability : 29.93151515151514
