molecularweight : 187019.99430000028
pI : 5.697677040100097
netcharge : -27.420858140092008
aromaticity : 0.11943069306930693
gravy : -0.07803217821782224
instability : 35.123719059406234
