molecularweight : 49619.44240000002
pI : 6.136189842224121
netcharge : -6.953680092682816
aromaticity : 0.14251781472684083
gravy : -0.6057007125890732
instability : 47.566769596199535
