molecularweight : 61508.28590000009
pI : 8.507328605651857
netcharge : 6.191025715614927
aromaticity : 0.06964285714285715
gravy : -0.30017857142857174
instability : 45.329821428571464
