molecularweight : 79546.76770000046
pI : 6.041496086120605
netcharge : -9.651960379355714
aromaticity : 0.125
gravy : -0.2291176470588235
instability : 39.56354411764714
