molecularweight : 59491.363900000135
pI : 6.175806617736816
netcharge : -4.553072306092886
aromaticity : 0.09477756286266925
gravy : -0.30909090909090936
instability : 43.61319148936172
