molecularweight : 39873.10619999997
pI : 9.087092781066897
netcharge : 9.293049981567588
aromaticity : 0.07816711590296496
gravy : -0.5716981132075468
instability : 63.51132075471705
