molecularweight : 46178.68820000005
pI : 9.707149696350097
netcharge : 25.697614000491704
aromaticity : 0.06097560975609756
gravy : -0.5790243902439024
instability : 49.989780487804886
