molecularweight : 30881.095500000032
pI : 5.953566169738769
netcharge : -3.1282969617966856
aromaticity : 0.05925925925925926
gravy : -0.7444444444444442
instability : 54.92185185185184
