molecularweight : 106079.55390000087
pI : 5.282240867614745
netcharge : -21.172456679421543
aromaticity : 0.08541666666666667
gravy : -0.30885416666666565
instability : 47.54065625000021
