molecularweight : 42745.02090000003
pI : 7.550343894958497
netcharge : 1.045935006592412
aromaticity : 0.13829787234042554
gravy : 0.5909574468085111
instability : 42.63617021276595
