molecularweight : 57176.92410000012
pI : 6.67928638458252
netcharge : -2.369814885505882
aromaticity : 0.05353728489483748
gravy : -0.7783938814531546
instability : 50.1965583173997
