molecularweight : 11886.442199999987
pI : 5.096206855773924
netcharge : -4.317642396489228
aromaticity : 0.11214953271028036
gravy : -0.21214953271028034
instability : 19.02523364485981
