molecularweight : 18648.347899999997
pI : 9.799597358703611
netcharge : 13.577985216004624
aromaticity : 0.09316770186335403
gravy : -0.8229813664596274
instability : 60.49689440993788
