molecularweight : 20982.493499999997
pI : 9.846208000183104
netcharge : 10.774252996986405
aromaticity : 0.13372093023255816
gravy : -1.209883720930233
instability : 58.56686046511626
