molecularweight : 62573.17360000025
pI : 5.112633323669433
netcharge : -19.936320330953237
aromaticity : 0.08067542213883677
gravy : -0.7611632270168837
instability : 49.517448405253404
