molecularweight : 65871.57810000023
pI : 5.968457984924316
netcharge : -8.185388616859697
aromaticity : 0.0722689075630252
gravy : -0.610924369747897
instability : 45.308420168067386
