molecularweight : 23551.85940000001
pI : 11.263803291320801
netcharge : 33.12907371354978
aromaticity : 0.04901960784313726
gravy : -1.0617647058823527
instability : 48.909803921568624
