molecularweight : 106202.58330000074
pI : 8.744636726379394
netcharge : 9.084825420216973
aromaticity : 0.10032017075773747
gravy : -0.3366061899679818
instability : 56.10362860192131
