molecularweight : 13244.312399999992
pI : 9.594974708557128
netcharge : 5.664208887963124
aromaticity : 0.06722689075630253
gravy : -0.09327731092436982
instability : 41.51512605042016
