molecularweight : 127961.30600000087
pI : 6.399127006530762
netcharge : -8.237237457915768
aromaticity : 0.10027100271002709
gravy : -0.22529358626919582
instability : 45.89894308943111
