molecularweight : 134297.4385000007
pI : 5.088363075256347
netcharge : -38.56038768706274
aromaticity : 0.07343234323432343
gravy : -0.33712871287128654
instability : 40.001485148515044
