molecularweight : 19867.783199999998
pI : 6.924148750305175
netcharge : -0.11393389277367305
aromaticity : 0.05747126436781609
gravy : -0.9316091954022988
instability : 76.88390804597698
