molecularweight : 65712.29460000017
pI : 5.329815101623535
netcharge : -16.588286592494157
aromaticity : 0.0913884007029877
gravy : -0.7926186291739891
instability : 41.492460456942055
