molecularweight : 12423.179099999983
pI : 6.827295112609863
netcharge : -0.22917514517905246
aromaticity : 0.08411214953271028
gravy : -0.6439252336448601
instability : 37.029999999999994
