molecularweight : 51754.490200000044
pI : 7.705969047546388
netcharge : 1.6746791243146717
aromaticity : 0.11210762331838564
gravy : -0.525336322869955
instability : 42.48766816143497
