molecularweight : 20882.124300000003
pI : 9.842662239074706
netcharge : 12.016952153422295
aromaticity : 0.055865921787709494
gravy : -0.6513966480446929
instability : 76.08435754189941
