molecularweight : 108754.89020000075
pI : 6.311822319030762
netcharge : -6.554775404073553
aromaticity : 0.07515657620041753
gravy : -0.37202505219206583
instability : 38.04801670146158
