molecularweight : 34067.95040000005
pI : 8.695382881164551
netcharge : 3.2866034506869575
aromaticity : 0.12080536912751677
gravy : -0.4275167785234899
instability : 37.5443288590604
