molecularweight : 170052.6948000001
pI : 6.350984382629394
netcharge : -10.059140980983898
aromaticity : 0.07702265372168285
gravy : -0.12349514563106799
instability : 31.83827184466043
