molecularweight : 46386.91130000004
pI : 6.044508552551269
netcharge : -8.780456575918564
aromaticity : 0.11221945137157108
gravy : -0.4825436408977558
instability : 39.598029925187035
