molecularweight : 45468.63269999998
pI : 6.635065650939942
netcharge : -0.9216931917856144
aromaticity : 0.09535452322738386
gravy : -0.39095354523227455
instability : 27.57902200488998
