molecularweight : 56990.41120000008
pI : 9.574022483825683
netcharge : 23.440356952467702
aromaticity : 0.06930693069306931
gravy : -0.27386138613861427
instability : 40.46455445544553
