molecularweight : 18525.151700000002
pI : 10.124904823303222
netcharge : 15.850485976077042
aromaticity : 0.1069182389937107
gravy : -0.8528301886792458
instability : 53.37421383647797
