molecularweight : 57156.686900000095
pI : 5.914460945129394
netcharge : -4.071972378210958
aromaticity : 0.1579961464354528
gravy : 0.4930635838150296
instability : 27.882080924855494
