molecularweight : 25769.259100000032
pI : 8.054438209533693
netcharge : 3.4661985740826786
aromaticity : 0.07174887892376682
gravy : -0.4838565022421526
instability : 59.942600896860995
