molecularweight : 61335.037000000186
pI : 5.294972801208496
netcharge : -10.89952847571886
aromaticity : 0.08718861209964412
gravy : 0.432206405693951
instability : 40.30088967971532
