molecularweight : 12802.535699999979
pI : 10.278532981872555
netcharge : 8.666025130620273
aromaticity : 0.08035714285714285
gravy : -0.7705357142857145
instability : 47.037499999999994
