molecularweight : 115510.4836000008
pI : 5.942823600769043
netcharge : -8.524648972768347
aromaticity : 0.04326923076923077
gravy : -0.5991346153846164
instability : 45.82634615384645
