molecularweight : 32387.852400000018
pI : 9.501173210144042
netcharge : 10.320627698115707
aromaticity : 0.03914590747330961
gravy : -0.7597864768683281
instability : 57.81138790035586
