molecularweight : 123905.230100001
pI : 4.578687858581543
netcharge : -65.11858945616045
aromaticity : 0.07251566696508505
gravy : 0.0191584601611459
instability : 42.72589077887218
