molecularweight : 39268.30500000001
pI : 5.78464069366455
netcharge : -4.937002663912338
aromaticity : 0.07627118644067796
gravy : -0.2302259887005653
instability : 25.46468926553672
