molecularweight : 41359.46310000007
pI : 4.930066490173339
netcharge : -15.893905347010673
aromaticity : 0.09116022099447513
gravy : -0.30303867403314916
instability : 34.448342541436475
