molecularweight : 11821.653499999982
pI : 10.351575660705567
netcharge : 7.92223507240225
aromaticity : 0.07692307692307693
gravy : -0.2788461538461538
instability : 52.771153846153844
