molecularweight : 38651.388800000044
pI : 6.205703926086425
netcharge : -3.650003069449774
aromaticity : 0.12941176470588234
gravy : -0.3738235294117647
instability : 41.986205882352934
