molecularweight : 49091.86210000004
pI : 6.4335145950317365
netcharge : -3.867517778579554
aromaticity : 0.07906976744186046
gravy : -0.07767441860465138
instability : 32.83258139534883
