molecularweight : 35952.74320000001
pI : 5.535401725769042
netcharge : -8.707517873663697
aromaticity : 0.11290322580645161
gravy : -0.27935483870967753
instability : 53.77612903225807
