molecularweight : 41589.98930000002
pI : 9.731970024108886
netcharge : 16.77176590680512
aromaticity : 0.08288770053475936
gravy : -0.28689839572192527
instability : 33.047058823529404
