molecularweight : 48708.13160000002
pI : 8.608543968200685
netcharge : 5.10995369527997
aromaticity : 0.08
gravy : -0.5284705882352945
instability : 39.132941176470574
