molecularweight : 38821.613500000065
pI : 6.17700023651123
netcharge : -3.682236869249415
aromaticity : 0.1276595744680851
gravy : -0.40486322188449864
instability : 46.791215805471126
