molecularweight : 21569.321099999997
pI : 8.536790657043458
netcharge : 2.1083421962783326
aromaticity : 0.09424083769633507
gravy : -0.3356020942408376
instability : 31.691099476439778
