molecularweight : 52161.149800000014
pI : 8.563545036315919
netcharge : 6.4962064039194445
aromaticity : 0.08668076109936575
gravy : -0.3363636363636371
instability : 32.43006342494713
