molecularweight : 70428.98990000018
pI : 5.281558799743652
netcharge : -17.40649914331283
aromaticity : 0.10714285714285715
gravy : -0.3577922077922078
instability : 42.10199675324683
