molecularweight : 125411.0886000007
pI : 5.5675157546997065
netcharge : -20.855327622582593
aromaticity : 0.11485870556061986
gravy : -0.4608021877848658
instability : 44.11699179580701
