molecularweight : 30418.209100000047
pI : 5.058352088928221
netcharge : -13.73796536613149
aromaticity : 0.08812260536398467
gravy : -0.5279693486590035
instability : 49.426475095785435
