molecularweight : 76201.42280000048
pI : 9.55687389373779
netcharge : 27.094500684910386
aromaticity : 0.0861812778603269
gravy : -0.6478454680534913
instability : 29.762555720653772
