molecularweight : 35176.221400000046
pI : 7.260465049743654
netcharge : 0.748131351887757
aromaticity : 0.04560260586319218
gravy : -0.8169381107491851
instability : 49.15211726384365
