molecularweight : 54024.74090000012
pI : 5.147191429138182
netcharge : -12.890833187594403
aromaticity : 0.05765407554671968
gravy : -0.05586481113320075
instability : 29.04594433399602
