molecularweight : 66134.98130000023
pI : 5.462420463562012
netcharge : -10.79479889789431
aromaticity : 0.08149405772495755
gravy : -0.24227504244482181
instability : 39.41393887945678
