molecularweight : 22299.811300000005
pI : 9.949937629699708
netcharge : 10.859954024931422
aromaticity : 0.09743589743589744
gravy : -0.24358974358974372
instability : 38.400512820512816
