molecularweight : 67494.77300000025
pI : 8.063399314880368
netcharge : 3.623776098259441
aromaticity : 0.059900166389351084
gravy : -0.7196339434276207
instability : 54.42747088186369
