molecularweight : 44983.33060000006
pI : 7.409440040588379
netcharge : 0.8687152255284758
aromaticity : 0.09162303664921466
gravy : -0.7159685863874345
instability : 45.503979057591614
