molecularweight : 102964.80150000053
pI : 6.884190940856934
netcharge : -0.6580919545922228
aromaticity : 0.048192771084337345
gravy : -0.6047097480832413
instability : 40.805805038335336
