molecularweight : 116105.03800000082
pI : 5.857053565979004
netcharge : -15.43442542440441
aromaticity : 0.08610567514677103
gravy : -0.29275929549902097
instability : 43.569178082192025
