molecularweight : 96801.98980000059
pI : 6.6480817794799805
netcharge : -3.060559273063319
aromaticity : 0.09905660377358491
gravy : -0.5086084905660363
instability : 45.068761792453
