molecularweight : 58617.279100000145
pI : 4.50525188446045
netcharge : -43.452264612959034
aromaticity : 0.043233082706766915
gravy : -0.6494360902255631
instability : 39.96729323308269
