molecularweight : 37761.44040000005
pI : 4.543731880187988
netcharge : -25.775714582501266
aromaticity : 0.0972644376899696
gravy : -0.614893617021277
instability : 42.005775075987835
