molecularweight : 12447.119699999992
pI : 7.834214210510255
netcharge : 0.6760359796299884
aromaticity : 0.06422018348623854
gravy : -0.5706422018348626
instability : 38.490825688073386
