molecularweight : 45370.80740000005
pI : 6.112885856628417
netcharge : -3.8131718022278775
aromaticity : 0.09620253164556962
gravy : -0.26987341772151924
instability : 41.288151898734164
