molecularweight : 43072.51420000006
pI : 5.908038139343262
netcharge : -6.512281537399616
aromaticity : 0.09138381201044388
gravy : -0.3130548302872065
instability : 48.639686684073105
