molecularweight : 60294.12940000013
pI : 5.454463005065917
netcharge : -14.212531481156923
aromaticity : 0.08333333333333333
gravy : -0.25706521739130467
instability : 33.68985507246375
