molecularweight : 37737.03219999996
pI : 5.172768974304198
netcharge : -10.845218750285277
aromaticity : 0.0847953216374269
gravy : -0.7295321637426899
instability : 60.6108187134503
