molecularweight : 73032.84980000014
pI : 6.377471351623535
netcharge : -4.024684277714869
aromaticity : 0.0688622754491018
gravy : -0.18937125748503011
instability : 34.124116766467104
