molecularweight : 69518.03920000029
pI : 5.373637962341309
netcharge : -18.208200204220404
aromaticity : 0.07026143790849673
gravy : -0.6718954248366
instability : 51.19560457516359
