molecularweight : 46339.616300000096
pI : 7.04589786529541
netcharge : 0.09368095528328269
aromaticity : 0.09803921568627452
gravy : -0.9752450980392142
instability : 49.778921568627446
