molecularweight : 44351.99290000008
pI : 8.184213066101073
netcharge : 2.476626572272231
aromaticity : 0.07070707070707072
gravy : -0.3555555555555557
instability : 38.57123737373737
