molecularweight : 12275.841999999988
pI : 8.352153205871584
netcharge : 1.4854551221435095
aromaticity : 0.10476190476190478
gravy : -0.7361904761904764
instability : 53.298095238095236
