molecularweight : 54730.701900000146
pI : 5.6814779281616214
netcharge : -7.74088542420067
aromaticity : 0.07959183673469387
gravy : -0.3089795918367349
instability : 48.08881632653063
