molecularweight : 25277.466499999995
pI : 5.166744041442869
netcharge : -6.353488286204389
aromaticity : 0.02304147465437788
gravy : -0.9110599078341017
instability : 49.935023041474665
