molecularweight : 30092.15520000002
pI : 4.882208061218263
netcharge : -6.271212929370522
aromaticity : 0.1474820143884892
gravy : 0.4784172661870504
instability : 30.83241007194244
