molecularweight : 13760.280399999989
pI : 4.7701215744018555
netcharge : -6.380361323443125
aromaticity : 0.04878048780487805
gravy : -0.5390243902439024
instability : 65.8121951219512
