molecularweight : 37740.78980000002
pI : 6.136076164245605
netcharge : -4.570089696746898
aromaticity : 0.093841642228739
gravy : -0.14310850439882714
instability : 33.05721407624633
