molecularweight : 118061.05630000099
pI : 5.104448509216308
netcharge : -43.21968722474149
aromaticity : 0.05651340996168583
gravy : -0.5392720306513393
instability : 51.28479885057499
