molecularweight : 21469.99320000001
pI : 5.445652961730956
netcharge : -4.267501810398269
aromaticity : 0.08994708994708994
gravy : -0.44285714285714317
instability : 39.02857142857141
