molecularweight : 46589.05690000004
pI : 4.209120750427247
netcharge : -45.628145046545676
aromaticity : 0.08215962441314553
gravy : -0.18638497652582253
instability : 44.5763145539906
