molecularweight : 37402.73500000003
pI : 5.314752769470215
netcharge : -10.746764892050344
aromaticity : 0.08579881656804733
gravy : -0.3650887573964501
instability : 27.826065088757385
