molecularweight : 26376.84490000001
pI : 6.913747215270996
netcharge : -0.13581767664363653
aromaticity : 0.0743801652892562
gravy : -0.17066115702479331
instability : 43.62520661157024
