molecularweight : 18601.82049999999
pI : 6.544066429138184
netcharge : -1.0192827846592536
aromaticity : 0.011904761904761904
gravy : -0.8470238095238097
instability : 41.859523809523786
