molecularweight : 36434.57270000005
pI : 5.3206071853637695
netcharge : -9.810073574678107
aromaticity : 0.11320754716981132
gravy : -0.507547169811321
instability : 33.32455974842768
