molecularweight : 31300.35850000002
pI : 5.29849681854248
netcharge : -8.943774637838153
aromaticity : 0.07194244604316546
gravy : -0.24172661870503603
instability : 35.68812949640287
