molecularweight : 58806.15650000017
pI : 4.846513175964354
netcharge : -30.202627620868796
aromaticity : 0.09823182711198428
gravy : -0.20098231827111998
instability : 41.86447937131631
