molecularweight : 28061.970700000005
pI : 7.897715568542481
netcharge : 1.1612947389771406
aromaticity : 0.08264462809917356
gravy : -0.9272727272727272
instability : 38.047107438016525
