molecularweight : 78168.6861000002
pI : 6.395773506164551
netcharge : -6.774453911778792
aromaticity : 0.10248901903367497
gravy : -0.4127379209370419
instability : 42.229443631039615
