molecularweight : 58678.13330000009
pI : 5.987158012390137
netcharge : -4.831012637480029
aromaticity : 0.09270216962524655
gravy : -0.5717948717948714
instability : 38.66213017751479
