molecularweight : 22154.989499999992
pI : 9.518837547302244
netcharge : 7.601612533526502
aromaticity : 0.06965174129353234
gravy : -0.5850746268656718
instability : 28.532338308457717
