molecularweight : 88594.62870000054
pI : 5.532616615295409
netcharge : -21.391873186936436
aromaticity : 0.09632446134347275
gravy : -0.30899873257287686
instability : 36.48087452471494
