molecularweight : 48179.269800000046
pI : 5.406320381164551
netcharge : -10.692546827685192
aromaticity : 0.08695652173913043
gravy : -0.12906178489702516
instability : 44.67734553775743
