molecularweight : 59334.74390000007
pI : 5.322710227966309
netcharge : -10.860736276067641
aromaticity : 0.09441233140655106
gravy : -0.2680154142581892
instability : 29.83872832369942
