molecularweight : 71674.7165000002
pI : 5.927818107604979
netcharge : -9.155437622081607
aromaticity : 0.11745513866231648
gravy : -0.3517128874388247
instability : 46.41794453507347
