molecularweight : 88511.41340000034
pI : 5.687332344055175
netcharge : -14.035377749249534
aromaticity : 0.05562579013906448
gravy : -0.42427307206068254
instability : 46.81568900126438
