molecularweight : 69355.73320000024
pI : 6.047918891906738
netcharge : -8.118391831791882
aromaticity : 0.09090909090909091
gravy : -0.19123966942148804
instability : 46.744132231405
