molecularweight : 17130.71199999999
pI : 4.930862236022948
netcharge : -9.207608014260483
aromaticity : 0.06
gravy : -1.1326666666666672
instability : 50.32333333333332
