molecularweight : 64431.52520000019
pI : 6.334444236755371
netcharge : -4.180195549057018
aromaticity : 0.0711864406779661
gravy : -0.2762711864406783
instability : 27.146610169491513
