molecularweight : 18231.626399999994
pI : 5.093933296203613
netcharge : -5.302089264277853
aromaticity : 0.06172839506172839
gravy : -0.2925925925925925
instability : 40.94259259259258
