molecularweight : 39199.06069999998
pI : 5.808910942077637
netcharge : -6.691391702340063
aromaticity : 0.05187319884726224
gravy : -0.5564841498559072
instability : 46.796829971181545
