molecularweight : 37200.2846
pI : 6.90510768890381
netcharge : -0.16267910679082576
aromaticity : 0.0783132530120482
gravy : -0.17469879518072337
instability : 33.15545180722892
