molecularweight : 65640.59340000017
pI : 6.173248863220214
netcharge : -6.092144259733573
aromaticity : 0.08605851979345955
gravy : -0.2972461273666087
instability : 40.22445783132534
