molecularweight : 19357.407100000004
pI : 4.888005638122559
netcharge : -9.122089964122257
aromaticity : 0.028089887640449437
gravy : -0.31460674157303364
instability : 36.313539325842676
