molecularweight : 33587.40720000004
pI : 4.428973960876465
netcharge : -11.486083189598098
aromaticity : 0.11764705882352941
gravy : 0.5147058823529409
instability : 38.84807189542485
