molecularweight : 52652.685100000024
pI : 6.736068534851075
netcharge : -0.8178272951791214
aromaticity : 0.11403508771929824
gravy : -0.29276315789473745
instability : 28.96208333333334
