molecularweight : 31867.33200000003
pI : 5.849891853332519
netcharge : -2.314292161989613
aromaticity : 0.09375
gravy : -0.046527777777777925
instability : 39.31357638888888
