molecularweight : 54842.115900000055
pI : 9.723782539367676
netcharge : 25.671463242715966
aromaticity : 0.09594882729211088
gravy : -0.7874200426439224
instability : 49.430703624733525
