molecularweight : 22535.057300000015
pI : 9.496789360046389
netcharge : 6.693241931753182
aromaticity : 0.10050251256281406
gravy : 0.0788944723618092
instability : 26.88190954773869
