molecularweight : 28344.007600000004
pI : 5.497660636901855
netcharge : -4.213531478279588
aromaticity : 0.07954545454545454
gravy : 0.053409090909090906
instability : 24.999999999999993
