molecularweight : 12996.738999999994
pI : 8.663922309875488
netcharge : 1.5857230286375543
aromaticity : 0.08771929824561403
gravy : -0.43421052631578944
instability : 14.278070175438595
