molecularweight : 58363.898600000066
pI : 5.28729953765869
netcharge : -13.611179822148081
aromaticity : 0.10617760617760619
gravy : -0.4393822393822396
instability : 50.249652509652556
