molecularweight : 58398.94940000013
pI : 6.731009864807128
netcharge : -0.7916429063731272
aromaticity : 0.05905511811023622
gravy : -0.6710629921259841
instability : 48.789960629921275
