molecularweight : 27047.070300000032
pI : 10.09350872039795
netcharge : 23.84887158452789
aromaticity : 0.059322033898305086
gravy : -0.7974576271186441
instability : 46.73012711864405
