molecularweight : 13466.65979999999
pI : 9.244202232360838
netcharge : 4.825547511335444
aromaticity : 0.08695652173913043
gravy : -0.0408695652173913
instability : 31.933913043478256
