molecularweight : 28000.42960000001
pI : 6.025581169128418
netcharge : -3.016258942493664
aromaticity : 0.06854838709677419
gravy : -0.5854838709677422
instability : 34.26129032258064
