molecularweight : 166458.05330000047
pI : 5.683637809753418
netcharge : -23.131185848679763
aromaticity : 0.10157858613589568
gravy : 0.014481811942347187
instability : 40.87264927934136
