molecularweight : 27998.361000000015
pI : 6.160857963562011
netcharge : -2.904425262529582
aromaticity : 0.10931174089068826
gravy : -0.4356275303643731
instability : 48.12595141700406
