molecularweight : 25756.694700000007
pI : 8.343836784362793
netcharge : 1.8609695954159093
aromaticity : 0.07456140350877193
gravy : -0.7530701754385967
instability : 69.71710526315788
