molecularweight : 26747.917900000048
pI : 5.392565345764161
netcharge : -6.986128549894737
aromaticity : 0.1336206896551724
gravy : 0.34008620689655145
instability : 51.82887931034483
