molecularweight : 21793.576899999996
pI : 4.469784355163574
netcharge : -13.386967832134001
aromaticity : 0.0979381443298969
gravy : -0.019587628865979395
instability : 14.391752577319583
