molecularweight : 57892.22650000012
pI : 6.363659477233886
netcharge : -4.116056201643389
aromaticity : 0.0958904109589041
gravy : -0.6007827788649694
instability : 32.03054794520547
