molecularweight : 51067.95640000005
pI : 5.886837196350096
netcharge : -9.10595344553036
aromaticity : 0.13716814159292035
gravy : -0.2842920353982305
instability : 32.578982300884945
