molecularweight : 61565.05990000017
pI : 5.828349876403809
netcharge : -10.131004527516055
aromaticity : 0.08118081180811809
gravy : -0.5238007380073797
instability : 49.923450184501895
