molecularweight : 163906.84400000016
pI : 7.653790855407716
netcharge : 3.2881764328938345
aromaticity : 0.10533610533610532
gravy : -0.18163548163548046
instability : 38.88000693000713
