molecularweight : 96170.4178000007
pI : 5.950269508361816
netcharge : -14.959293690176978
aromaticity : 0.08820023837902265
gravy : -0.06543504171632895
instability : 37.80359952324207
