molecularweight : 30274.640600000024
pI : 9.185149192810059
netcharge : 5.696846130773025
aromaticity : 0.06691449814126393
gravy : -0.846096654275093
instability : 42.091821561338286
