molecularweight : 23768.823999999982
pI : 6.403503608703613
netcharge : -1.1503393641373165
aromaticity : 0.12093023255813953
gravy : -0.7353488372093022
instability : 59.3613953488372
