molecularweight : 41019.68500000002
pI : 6.087819862365721
netcharge : -4.639999783408186
aromaticity : 0.13256484149855907
gravy : -0.7798270893371754
instability : 43.11017291066281
