molecularweight : 12716.712699999993
pI : 9.65273838043213
netcharge : 9.507865425927655
aromaticity : 0.03669724770642202
gravy : -1.2678899082568809
instability : 42.45137614678898
