molecularweight : 46282.441000000064
pI : 6.334444236755371
netcharge : -3.427930155769303
aromaticity : 0.09313725490196079
gravy : -0.8992647058823516
instability : 52.22132352941177
