molecularweight : 31778.197800000024
pI : 5.714330863952637
netcharge : -4.9769505387888415
aromaticity : 0.05498281786941581
gravy : 0.06632302405498287
instability : 47.497594501718204
