molecularweight : 70094.78620000032
pI : 5.722515678405763
netcharge : -8.599413955433988
aromaticity : 0.08293460925039872
gravy : -0.21706539074960068
instability : 39.167496012759244
