molecularweight : 25702.614400000006
pI : 5.975847053527832
netcharge : -3.049039310586476
aromaticity : 0.08733624454148473
gravy : 0.09475982532751102
instability : 41.002663755458514
