molecularweight : 76963.34220000038
pI : 5.784583854675293
netcharge : -8.490178459380374
aromaticity : 0.1172316384180791
gravy : 0.45367231638418254
instability : 38.93433615819218
