molecularweight : 30719.02030000004
pI : 6.084864234924315
netcharge : -4.591640695320095
aromaticity : 0.11787072243346007
gravy : -0.7532319391634974
instability : 39.98144486692016
