molecularweight : 35870.48640000004
pI : 8.672174263000489
netcharge : 3.4171317316140133
aromaticity : 0.0744336569579288
gravy : -0.6822006472491908
instability : 69.71524271844662
