molecularweight : 98893.08260000072
pI : 5.679715919494629
netcharge : -16.603891484082993
aromaticity : 0.08390804597701149
gravy : -0.14126436781609195
instability : 40.96678160919557
