molecularweight : 50205.52250000008
pI : 7.770822334289551
netcharge : 1.392803751889197
aromaticity : 0.15873015873015872
gravy : 0.2242630385487526
instability : 34.97147392290249
