molecularweight : 65688.13950000027
pI : 6.031606101989746
netcharge : -7.171297701971554
aromaticity : 0.1207482993197279
gravy : 0.3442176870748303
instability : 38.60156462585034
