molecularweight : 14555.196399999988
pI : 5.832783317565918
netcharge : -3.137474244088846
aromaticity : 0.07874015748031496
gravy : -0.7480314960629924
instability : 16.158267716535434
