molecularweight : 23757.743000000013
pI : 6.058945655822753
netcharge : -2.965715803370049
aromaticity : 0.14354066985645933
gravy : -0.08947368421052626
instability : 44.59291866028708
