molecularweight : 45298.15990000005
pI : 7.697727394104004
netcharge : 1.6218432633289552
aromaticity : 0.09343434343434343
gravy : -0.22398989898989907
instability : 49.88005050505051
