molecularweight : 78219.28680000044
pI : 5.837557792663574
netcharge : -10.252289321979163
aromaticity : 0.07412790697674418
gravy : -0.6335755813953469
instability : 46.930843023255925
