molecularweight : 143282.87930000018
pI : 5.677499198913575
netcharge : -19.479042195730415
aromaticity : 0.10592885375494071
gravy : -0.14608695652173814
instability : 34.16429249011876
