molecularweight : 87441.3631000004
pI : 6.6560960769653335
netcharge : -2.9619036618900196
aromaticity : 0.13896103896103895
gravy : 0.056363636363636095
instability : 38.73090909090921
