molecularweight : 136021.75960000066
pI : 4.985313987731933
netcharge : -57.64698711030994
aromaticity : 0.06947890818858561
gravy : -0.8428453267162948
instability : 46.43928866832126
