molecularweight : 52268.47730000003
pI : 6.311026573181153
netcharge : -2.766404027357723
aromaticity : 0.1349036402569593
gravy : 0.7002141327623136
instability : 39.28972162740899
