molecularweight : 128010.99500000032
pI : 6.8608301162719725
netcharge : -0.49545633694631874
aromaticity : 0.07100591715976332
gravy : -0.6253592561284894
instability : 54.04522400676283
