molecularweight : 22813.282599999995
pI : 4.3735559463500975
netcharge : -17.441493272147316
aromaticity : 0.06598984771573604
gravy : -0.5822335025380716
instability : 53.34421319796956
