molecularweight : 23336.605699999993
pI : 4.0500284194946286
netcharge : -17.382895528548044
aromaticity : 0.04700854700854701
gravy : 0.19615384615384598
instability : 47.22777777777778
