molecularweight : 19394.9844
pI : 9.079678916931151
netcharge : 3.696289648676622
aromaticity : 0.08823529411764705
gravy : -0.4429411764705883
instability : 65.466
