molecularweight : 36843.851100000014
pI : 5.685058784484863
netcharge : -5.954695018250902
aromaticity : 0.08841463414634146
gravy : -0.1710365853658539
instability : 43.439664634146325
