molecularweight : 61422.09690000018
pI : 6.213092994689941
netcharge : -5.974297687001851
aromaticity : 0.06039076376554174
gravy : -0.052397868561279023
instability : 41.819715808170564
