molecularweight : 21411.807800000006
pI : 4.933363151550291
netcharge : -4.408614689360778
aromaticity : 0.1837837837837838
gravy : 0.6070270270270268
instability : 41.57843243243243
