molecularweight : 48707.26380000005
pI : 5.120136070251465
netcharge : -12.055286553990996
aromaticity : 0.08558558558558559
gravy : -0.06103603603603593
instability : 29.29797297297297
