molecularweight : 51237.59360000003
pI : 8.477931022644043
netcharge : 6.522069939007189
aromaticity : 0.08370044052863437
gravy : -0.1486784140969164
instability : 34.976872246696026
