molecularweight : 58578.400800000105
pI : 6.5288904190063475
netcharge : -1.104660910862897
aromaticity : 0.09626719056974459
gravy : -0.5206286836935164
instability : 50.22497053045193
