molecularweight : 66546.55520000026
pI : 5.830623435974121
netcharge : -9.355007303140141
aromaticity : 0.100169779286927
gravy : -0.3308998302207128
instability : 43.48609507640077
