molecularweight : 11984.470899999991
pI : 6.808992958068848
netcharge : -0.2587785530101847
aromaticity : 0.11650485436893203
gravy : -0.27864077669902904
instability : 44.08446601941746
