molecularweight : 23541.683900000015
pI : 4.823152351379394
netcharge : -9.280330507234588
aromaticity : 0.08173076923076922
gravy : -0.7427884615384621
instability : 46.91057692307692
