molecularweight : 42004.353600000075
pI : 6.569871330261231
netcharge : -1.5889525125232637
aromaticity : 0.11702127659574468
gravy : -0.6776595744680844
instability : 28.51489361702128
