molecularweight : 107919.40880000105
pI : 8.995676612854005
netcharge : 17.655876938492113
aromaticity : 0.10515021459227468
gravy : -0.3340128755364793
instability : 42.84402360515045
