molecularweight : 41691.030000000064
pI : 5.272805595397949
netcharge : -12.601916668596822
aromaticity : 0.0851063829787234
gravy : -0.18882978723404267
instability : 40.57452127659573
