molecularweight : 16499.715899999996
pI : 8.992453193664552
netcharge : 3.916419262532088
aromaticity : 0.11267605633802817
gravy : -0.4190140845070423
instability : 25.130985915492953
