molecularweight : 51815.365400000024
pI : 6.293633842468262
netcharge : -3.5222382715380363
aromaticity : 0.11160714285714285
gravy : -0.3852678571428568
instability : 44.93573660714283
