molecularweight : 27576.383100000014
pI : 8.768618965148928
netcharge : 3.837924754674944
aromaticity : 0.052845528455284556
gravy : -0.24186991869918714
instability : 42.241504065040644
