molecularweight : 43708.22240000005
pI : 4.569252586364747
netcharge : -30.765497329710968
aromaticity : 0.0636604774535809
gravy : -0.7803713527851454
instability : 41.250397877984085
