molecularweight : 51357.50860000006
pI : 6.139429664611816
netcharge : -3.7545720140186063
aromaticity : 0.09936575052854121
gravy : 0.6050739957716708
instability : 34.59071881606765
