molecularweight : 61001.31040000019
pI : 4.974571418762206
netcharge : -27.190828516149367
aromaticity : 0.10396975425330814
gravy : -0.4085066162570889
instability : 47.19754253308134
