molecularweight : 12653.605899999991
pI : 9.300289726257322
netcharge : 3.6026363426517136
aromaticity : 0.10909090909090909
gravy : -0.3154545454545455
instability : 54.575545454545455
