molecularweight : 19633.17219999999
pI : 4.909263420104979
netcharge : -7.240438381853307
aromaticity : 0.09142857142857143
gravy : -0.05828571428571435
instability : 55.05028571428572
