molecularweight : 72014.9071000004
pI : 5.565355873107909
netcharge : -18.569284039669157
aromaticity : 0.07110438729198185
gravy : -0.13812405446293538
instability : 43.29818456883521
