molecularweight : 67340.7437000002
pI : 6.453578758239746
netcharge : -3.8598090079117213
aromaticity : 0.07973421926910298
gravy : -0.14817275747508324
instability : 31.785581395348835
