molecularweight : 28898.626800000042
pI : 8.471677589416508
netcharge : 4.306638807600461
aromaticity : 0.10441767068273092
gravy : -0.48313253012048196
instability : 57.35064257028111
