molecularweight : 65494.95560000021
pI : 6.696679115295409
netcharge : -1.4211962671192708
aromaticity : 0.07746478873239437
gravy : -0.5959507042253516
instability : 36.28855633802818
