molecularweight : 13096.63109999998
pI : 9.996741676330569
netcharge : 13.601352870211283
aromaticity : 0.13392857142857142
gravy : 0.4187499999999999
instability : 33.34999999999999
