molecularweight : 40295.20410000006
pI : 4.769837379455566
netcharge : -18.0209718169884
aromaticity : 0.06983240223463687
gravy : -0.18938547486033566
instability : 51.12960893854746
