molecularweight : 100146.6229000007
pI : 8.845336341857909
netcharge : 13.077455350751677
aromaticity : 0.08476517754868271
gravy : -0.6177548682703314
instability : 45.98879725085927
