molecularweight : 54163.25700000008
pI : 5.677556037902832
netcharge : -10.370848159897506
aromaticity : 0.08723404255319149
gravy : -0.3353191489361703
instability : 51.529148936170266
