molecularweight : 62617.806500000326
pI : 6.118683433532714
netcharge : -6.195621054782379
aromaticity : 0.0879120879120879
gravy : -0.6194139194139185
instability : 45.27659340659349
