molecularweight : 40331.92610000006
pI : 4.641551780700683
netcharge : -23.734932342909488
aromaticity : 0.11079545454545456
gravy : -0.38778409090909105
instability : 38.23184659090911
