molecularweight : 85776.38630000035
pI : 5.106892585754394
netcharge : -25.096068616516305
aromaticity : 0.099601593625498
gravy : -0.27649402390438255
instability : 38.06721115537857
