molecularweight : 12151.062599999983
pI : 9.958898735046386
netcharge : 9.744444850407652
aromaticity : 0.07407407407407407
gravy : -0.24444444444444433
instability : 35.62222222222221
