molecularweight : 58661.911400000165
pI : 8.8212251663208
netcharge : 7.315273744890085
aromaticity : 0.0633147113594041
gravy : -0.4687150837988825
instability : 49.29927374301692
