molecularweight : 86788.84450000053
pI : 5.120363426208496
netcharge : -22.37312010214633
aromaticity : 0.08235294117647059
gravy : -0.13947712418300695
instability : 33.98431372549027
