molecularweight : 40674.50180000007
pI : 8.966730308532718
netcharge : 7.11001543946827
aromaticity : 0.054644808743169404
gravy : -0.31038251366120223
instability : 25.465846994535518
