molecularweight : 46610.82480000002
pI : 9.032036781311035
netcharge : 7.322343012764904
aromaticity : 0.0702179176755448
gravy : -0.42929782082324425
instability : 50.983535108958826
