molecularweight : 81500.3085000003
pI : 8.969180107116703
netcharge : 12.909065909395565
aromaticity : 0.06241331484049931
gravy : -0.4832177531206644
instability : 36.35145631067966
