molecularweight : 157922.34290000034
pI : 5.059204673767089
netcharge : -46.28716280184932
aromaticity : 0.11649782923299565
gravy : -0.2305354558610702
instability : 38.74242402315508
