molecularweight : 35165.79830000002
pI : 9.910998725891112
netcharge : 14.907195952025337
aromaticity : 0.0581039755351682
gravy : 0.22354740061162057
instability : 31.997278287461764
