molecularweight : 60192.9011000001
pI : 5.051815605163574
netcharge : -15.255583253344028
aromaticity : 0.03852889667250438
gravy : -0.13257443082311757
instability : 36.23677758318738
