molecularweight : 14878.19719999999
pI : 8.229792213439943
netcharge : 0.959945242165082
aromaticity : 0.12698412698412698
gravy : 0.02142857142857148
instability : 57.95634920634921
