molecularweight : 80335.45980000048
pI : 5.457873344421387
netcharge : -19.73952588171781
aromaticity : 0.10238429172510519
gravy : -0.32552594670406704
instability : 40.831009817671905
