molecularweight : 63891.746000000174
pI : 8.533954048156737
netcharge : 5.145924597434529
aromaticity : 0.14782608695652175
gravy : 0.47478260869565264
instability : 40.462330434782636
