molecularweight : 36187.69760000003
pI : 9.189275169372557
netcharge : 7.71148581659574
aromaticity : 0.07324840764331211
gravy : -0.7767515923566884
instability : 51.16560509554139
