molecularweight : 23448.436400000002
pI : 6.516726875305175
netcharge : -1.0754435535941766
aromaticity : 0.0794392523364486
gravy : -0.22149532710280387
instability : 39.07710280373833
