molecularweight : 43777.15480000002
pI : 9.09637622833252
netcharge : 8.618955682708553
aromaticity : 0.08808290155440414
gravy : -0.4886010362694299
instability : 46.97282383419689
