molecularweight : 53471.53590000007
pI : 8.73470859527588
netcharge : 5.471140964296843
aromaticity : 0.08686440677966101
gravy : -0.34427966101694946
instability : 42.213771186440674
