molecularweight : 56740.33110000015
pI : 9.143309211730958
netcharge : 9.583035971663001
aromaticity : 0.07370517928286853
gravy : -0.6673306772908372
instability : 57.23406374502004
