molecularweight : 50467.111300000004
pI : 5.80675106048584
netcharge : -7.525735730125639
aromaticity : 0.09172259507829977
gravy : -0.45973154362416147
instability : 41.960872483221465
