molecularweight : 23063.676200000024
pI : 9.649321556091309
netcharge : 13.864262042364096
aromaticity : 0.06153846153846154
gravy : -1.4533333333333336
instability : 44.968205128205106
