molecularweight : 49810.58340000008
pI : 5.008333778381346
netcharge : -18.65228886733685
aromaticity : 0.09598214285714286
gravy : -0.29375000000000046
instability : 33.720312499999984
