molecularweight : 38692.135600000016
pI : 5.4765733718872065
netcharge : -7.086028681228875
aromaticity : 0.05056179775280899
gravy : -0.0651685393258427
instability : 47.01011235955056
