molecularweight : 26520.54440000002
pI : 5.148100852966308
netcharge : -8.966172307631687
aromaticity : 0.09956709956709957
gravy : -0.4744588744588748
instability : 47.07705627705628
