molecularweight : 126501.52220000068
pI : 5.2869585037231435
netcharge : -29.465619620365345
aromaticity : 0.0831146106736658
gravy : -0.24803149606299188
instability : 34.41592300962401
