molecularweight : 42007.314000000064
pI : 7.770708656311036
netcharge : 1.2234222820188236
aromaticity : 0.09893048128342247
gravy : -0.3208556149732624
instability : 48.07593582887699
