molecularweight : 39061.73790000006
pI : 5.175269889831542
netcharge : -16.318518501434397
aromaticity : 0.11953352769679301
gravy : -0.2626822157434403
instability : 36.23326530612245
