molecularweight : 63728.4236000001
pI : 5.955328178405763
netcharge : -4.854992503020661
aromaticity : 0.14038128249566723
gravy : 0.4114384748700175
instability : 44.58532062391686
