molecularweight : 21745.380400000002
pI : 6.304831123352051
netcharge : -1.9471797670804172
aromaticity : 0.10309278350515463
gravy : -0.2716494845360825
instability : 49.16701030927835
