molecularweight : 17719.122899999995
pI : 10.341454124450681
netcharge : 13.937810944763468
aromaticity : 0.06535947712418301
gravy : -0.7000000000000006
instability : 21.777777777777764
