molecularweight : 226004.07309999998
pI : 6.188140678405762
netcharge : -17.433781662245707
aromaticity : 0.08283132530120482
gravy : -0.5152610441767075
instability : 46.48577309236979
