molecularweight : 71599.24510000026
pI : 6.068153572082519
netcharge : -5.561506450559548
aromaticity : 0.08771929824561403
gravy : -0.9569377990430631
instability : 45.8153110047848
