molecularweight : 47825.344900000026
pI : 8.401858329772953
netcharge : 3.245970349602615
aromaticity : 0.1462829736211031
gravy : 0.4352517985611509
instability : 36.09091127098323
