molecularweight : 98861.36580000084
pI : 5.365737342834472
netcharge : -23.68882747441799
aromaticity : 0.10946408209806158
gravy : -0.2074116305587226
instability : 33.843671607753805
