molecularweight : 31294.741799999996
pI : 8.489406394958497
netcharge : 3.016094791731284
aromaticity : 0.0948905109489051
gravy : -0.8711678832116783
instability : 60.615036496350335
