molecularweight : 102307.05440000076
pI : 5.079268836975095
netcharge : -29.463295143561893
aromaticity : 0.0788888888888889
gravy : -0.2811111111111113
instability : 42.20147777777798
