molecularweight : 37507.225300000035
pI : 6.377641868591309
netcharge : -1.251654623217128
aromaticity : 0.05847953216374269
gravy : -0.2856725146198837
instability : 36.94093567251461
