molecularweight : 15727.924399999989
pI : 8.024331474304201
netcharge : 1.1634586802694873
aromaticity : 0.13194444444444445
gravy : 0.37986111111111104
instability : 40.007013888888885
