molecularweight : 29914.232699999993
pI : 6.405549812316894
netcharge : -1.1545075302597585
aromaticity : 0.13620071684587814
gravy : 0.4440860215053762
instability : 31.44193548387096
