molecularweight : 75307.53170000027
pI : 7.475600624084472
netcharge : 1.5058905927772912
aromaticity : 0.09545454545454546
gravy : -0.5395454545454538
instability : 48.80501515151533
