molecularweight : 74389.7709000004
pI : 5.777763175964354
netcharge : -14.534666442823351
aromaticity : 0.09953343701399689
gravy : -0.23219284603421486
instability : 40.09940902021779
