molecularweight : 32883.520800000035
pI : 9.889401817321776
netcharge : 16.002097129932032
aromaticity : 0.10847457627118644
gravy : 0.29864406779660996
instability : 44.26406779661017
