molecularweight : 11482.335699999985
pI : 11.542629051208497
netcharge : 16.7695542353704
aromaticity : 0.0297029702970297
gravy : -0.7009900990099013
instability : 45.375247524752474
