molecularweight : 58817.77760000009
pI : 6.46102466583252
netcharge : -1.8708939355830196
aromaticity : 0.1016949152542373
gravy : 0.2623352165725045
instability : 39.135254237288144
