molecularweight : 56912.25809999995
pI : 9.066462898254393
netcharge : 11.511031071784373
aromaticity : 0.12016293279022403
gravy : -0.4596741344195519
instability : 36.92551934826885
