molecularweight : 183698.77910000007
pI : 6.010973548889159
netcharge : -15.937718288335304
aromaticity : 0.07378048780487806
gravy : -0.4027439024390236
instability : 45.50146951219544
