molecularweight : 34036.154000000024
pI : 9.261415290832517
netcharge : 6.06282761776626
aromaticity : 0.08247422680412371
gravy : -0.358419243986255
instability : 37.614776632302394
