molecularweight : 34175.95970000001
pI : 4.985029792785644
netcharge : -13.979203293208101
aromaticity : 0.08881578947368421
gravy : -0.5384868421052635
instability : 38.927006578947356
