molecularweight : 15074.47959999998
pI : 4.2374265670776365
netcharge : -19.206904293784007
aromaticity : 0.051470588235294115
gravy : -0.5205882352941177
instability : 45.91176470588235
