molecularweight : 52989.83800000002
pI : 9.554939842224119
netcharge : 19.968514728355878
aromaticity : 0.11521739130434783
gravy : -0.16652173913043516
instability : 50.90241304347826
