molecularweight : 54859.890800000096
pI : 5.894055747985839
netcharge : -9.961732669998987
aromaticity : 0.10373443983402489
gravy : -0.3456431535269709
instability : 39.50273858921163
