molecularweight : 58139.58290000011
pI : 6.1011770248413075
netcharge : -7.813867655542445
aromaticity : 0.058139534883720936
gravy : -0.566666666666666
instability : 41.48759689922479
