molecularweight : 86665.37750000031
pI : 6.538553047180176
netcharge : -2.948059876684624
aromaticity : 0.08859060402684563
gravy : -0.48926174496644187
instability : 44.6621476510068
