molecularweight : 53543.16640000012
pI : 4.529465293884278
netcharge : -43.73670614856202
aromaticity : 0.0847457627118644
gravy : -0.6326271186440675
instability : 46.216737288135604
