molecularweight : 84360.62770000052
pI : 5.875810432434082
netcharge : -11.991142094549389
aromaticity : 0.09387755102040816
gravy : -0.13292517006802754
instability : 44.35580952380967
