molecularweight : 22029.091199999995
pI : 8.483926582336426
netcharge : 1.5350084029648876
aromaticity : 0.05154639175257732
gravy : -0.48608247422680423
instability : 57.406701030927834
