molecularweight : 12775.37459999999
pI : 4.595000648498535
netcharge : -8.31327111277069
aromaticity : 0.08035714285714285
gravy : -0.3830357142857145
instability : 45.2580357142857
