molecularweight : 19474.667600000004
pI : 4.602276039123535
netcharge : -12.088687229398298
aromaticity : 0.07262569832402235
gravy : -0.0508379888268156
instability : 55.57994413407821
