molecularweight : 61359.55560000018
pI : 5.641008567810059
netcharge : -10.401212533569215
aromaticity : 0.08214285714285714
gravy : -0.001785714285714255
instability : 30.96125
