molecularweight : 32398.422500000022
pI : 6.866741371154785
netcharge : -0.2084596419164697
aromaticity : 0.14022140221402213
gravy : -0.7317343173431737
instability : 43.42365313653136
