molecularweight : 14400.686199999987
pI : 5.262801933288574
netcharge : -4.284305886958233
aromaticity : 0.03816793893129771
gravy : -0.8244274809160309
instability : 44.873282442748085
