molecularweight : 16666.19099999999
pI : 9.706762886047361
netcharge : 9.69554179094601
aromaticity : 0.06474820143884892
gravy : -1.1057553956834538
instability : 54.37913669064747
