molecularweight : 60516.594000000216
pI : 8.437573814392092
netcharge : 3.041947230245192
aromaticity : 0.13345864661654133
gravy : 0.231766917293233
instability : 33.39043233082706
