molecularweight : 76336.05800000028
pI : 5.540062522888182
netcharge : -16.91573911446595
aromaticity : 0.09663250366032211
gravy : -0.4440702781844797
instability : 37.14453879941437
