molecularweight : 50776.78900000003
pI : 8.739801597595214
netcharge : 6.449044039491433
aromaticity : 0.07111111111111111
gravy : -0.48622222222222244
instability : 60.53866666666676
