molecularweight : 40959.85380000001
pI : 6.211103630065917
netcharge : -2.8710681592050022
aromaticity : 0.10526315789473684
gravy : -0.21440443213296403
instability : 38.09695290858725
