molecularweight : 47282.70810000005
pI : 5.989943122863769
netcharge : -6.387960915550735
aromaticity : 0.10476190476190475
gravy : -0.47619047619047594
instability : 45.855238095238086
