molecularweight : 54318.392700000186
pI : 5.1264451980590815
netcharge : -20.732511961140162
aromaticity : 0.06540084388185655
gravy : -0.9088607594936694
instability : 40.65464135021096
