molecularweight : 64088.791800000225
pI : 6.836105155944825
netcharge : -0.5533141570145474
aromaticity : 0.1012216404886562
gravy : 0.5052356020942413
instability : 45.143106457242666
