molecularweight : 51022.57940000001
pI : 5.821870231628417
netcharge : -7.50469041348024
aromaticity : 0.06396588486140725
gravy : -0.0759061833688699
instability : 39.65415778251599
