molecularweight : 99003.11580000093
pI : 8.777322196960448
netcharge : 9.255170945926281
aromaticity : 0.08695652173913043
gravy : -0.06387959866220647
instability : 44.96131549609829
