molecularweight : 42759.371000000014
pI : 5.449688529968261
netcharge : -10.597793283757333
aromaticity : 0.11733333333333333
gravy : -0.5624000000000002
instability : 39.17840000000002
