molecularweight : 46043.35120000004
pI : 7.640490531921387
netcharge : 1.6117321691891462
aromaticity : 0.10696517412935323
gravy : -0.3378109452736323
instability : 36.940820895522386
