molecularweight : 28980.20380000004
pI : 10.044254875183103
netcharge : 28.933692654290603
aromaticity : 0.10887096774193547
gravy : -0.8266129032258072
instability : 32.4173387096774
