molecularweight : 73891.36710000022
pI : 5.349140357971191
netcharge : -22.69595137766298
aromaticity : 0.08964451313755796
gravy : -0.5428129829984526
instability : 44.35703245749626
