molecularweight : 70294.43330000024
pI : 8.143533515930176
netcharge : 4.219957846593076
aromaticity : 0.10491803278688525
gravy : -0.36557377049180356
instability : 39.877540983606615
