molecularweight : 72369.66770000028
pI : 5.354028511047363
netcharge : -20.88901945114644
aromaticity : 0.0768025078369906
gravy : -0.3719435736677112
instability : 45.86584639498442
