molecularweight : 119595.08150000099
pI : 7.12228946685791
netcharge : 0.6835793640669579
aromaticity : 0.0819981149858624
gravy : -0.3976437323279916
instability : 38.08803958529703
