molecularweight : 69161.88570000013
pI : 9.525219917297363
netcharge : 34.257391204765646
aromaticity : 0.08688524590163935
gravy : -0.3036065573770494
instability : 34.817557377049205
