molecularweight : 24927.355400000015
pI : 9.028039741516114
netcharge : 4.762778437805412
aromaticity : 0.08411214953271028
gravy : -0.524299065420561
instability : 58.32009345794392
