molecularweight : 78878.03020000039
pI : 6.702590370178222
netcharge : -1.339725302763597
aromaticity : 0.09285714285714286
gravy : -0.526142857142855
instability : 42.06958571428584
