molecularweight : 105794.06960000076
pI : 8.597777748107912
netcharge : 9.436877124700018
aromaticity : 0.0826271186440678
gravy : -0.4409957627118641
instability : 40.28581567796626
