molecularweight : 43847.642400000055
pI : 6.025467491149903
netcharge : -6.389479133311944
aromaticity : 0.06565656565656566
gravy : -0.12449494949494944
instability : 33.14065656565657
