molecularweight : 48194.549700000025
pI : 5.622535896301269
netcharge : -13.864812906684051
aromaticity : 0.1085972850678733
gravy : -0.19208144796380128
instability : 28.33235294117646
