molecularweight : 53791.11050000006
pI : 5.810616111755372
netcharge : -8.415773108551399
aromaticity : 0.0720164609053498
gravy : -0.1267489711934161
instability : 36.4535185185185
