molecularweight : 24342.721600000008
pI : 6.411290550231934
netcharge : -1.1462754021744104
aromaticity : 0.12499999999999999
gravy : -0.04305555555555561
instability : 27.993055555555546
