molecularweight : 78150.3582000004
pI : 5.641974830627441
netcharge : -14.722547095954802
aromaticity : 0.11706629055007052
gravy : -0.21720733427362487
instability : 32.92344146685477
