molecularweight : 36113.76840000001
pI : 5.640894889831543
netcharge : -6.809506832259537
aromaticity : 0.05740181268882176
gravy : -0.01752265861027189
instability : 29.524471299093666
