molecularweight : 90656.79260000051
pI : 6.36405735015869
netcharge : -3.4710163728678367
aromaticity : 0.1064102564102564
gravy : -0.46512820512820396
instability : 49.48823076923093
