molecularweight : 11223.250599999992
pI : 5.27769374847412
netcharge : -2.4769337012413892
aromaticity : 0.057692307692307696
gravy : -0.9875000000000009
instability : 36.52980769230768
