molecularweight : 29010.0476
pI : 8.473031425476076
netcharge : 1.7084085587892694
aromaticity : 0.06319702602230483
gravy : -0.00037174721189583515
instability : 27.317100371747216
