molecularweight : 31493.94550000001
pI : 8.946616172790527
netcharge : 3.782092859004514
aromaticity : 0.11721611721611722
gravy : -0.26263736263736287
instability : 33.367765567765574
