molecularweight : 42710.614300000074
pI : 8.537048530578613
netcharge : 4.1135803204347
aromaticity : 0.09066666666666667
gravy : -0.4599999999999999
instability : 44.08613333333333
