molecularweight : 28865.95290000001
pI : 9.736160469055175
netcharge : 13.021089663610145
aromaticity : 0.10040160642570281
gravy : -0.5285140562249001
instability : 42.577510040160625
