molecularweight : 33772.96960000007
pI : 6.107713508605956
netcharge : -3.7403386478520204
aromaticity : 0.03666666666666667
gravy : -1.0346666666666662
instability : 57.76166666666666
