molecularweight : 44887.63799999999
pI : 4.891529655456543
netcharge : -16.037004853049737
aromaticity : 0.116751269035533
gravy : -0.23502538071065995
instability : 34.76880710659898
