molecularweight : 55867.81640000006
pI : 6.149262809753417
netcharge : -3.761885397331767
aromaticity : 0.081799591002045
gravy : -0.4932515337423315
instability : 42.94498977505114
