molecularweight : 13650.53039999998
pI : 7.806170463562013
netcharge : 0.9978985687244695
aromaticity : 0.15
gravy : 0.11833333333333342
instability : 29.400833333333324
