molecularweight : 63242.26720000013
pI : 8.830637550354005
netcharge : 8.834049647171057
aromaticity : 0.13653136531365312
gravy : -0.11568265682656871
instability : 34.362564575645756
