molecularweight : 22368.558400000005
pI : 5.397680854797363
netcharge : -4.2999279879419205
aromaticity : 0.08040201005025126
gravy : -0.2834170854271356
instability : 35.209597989949735
