molecularweight : 49920.211200000114
pI : 4.289604759216309
netcharge : -43.768507571544724
aromaticity : 0.08577878103837472
gravy : -0.5358916478555303
instability : 47.83864559819414
