molecularweight : 22375.0811
pI : 8.75482273101807
netcharge : 1.9489948334717884
aromaticity : 0.15151515151515152
gravy : 0.5601010101010101
instability : 30.159191919191915
