molecularweight : 44693.433700000045
pI : 7.627588081359863
netcharge : 0.7662994596236814
aromaticity : 0.12814070351758794
gravy : 0.32010050251256245
instability : 35.40002512562814
