molecularweight : 30515.210900000005
pI : 10.285495567321775
netcharge : 31.02601618410223
aromaticity : 0.045283018867924525
gravy : -0.9301886792452833
instability : 57.00415094339621
