molecularweight : 80160.65470000035
pI : 8.278401374816898
netcharge : 5.358093095033389
aromaticity : 0.1071932299012694
gravy : 0.10747531734837826
instability : 27.742891396332862
