molecularweight : 72165.42300000024
pI : 5.08307704925537
netcharge : -26.80464629418801
aromaticity : 0.12619808306709265
gravy : -0.39169329073482423
instability : 41.44797124600644
