molecularweight : 67719.02760000018
pI : 8.823417091369631
netcharge : 6.414766121394948
aromaticity : 0.12074829931972789
gravy : -0.12976190476190483
instability : 26.459880952380956
