molecularweight : 19229.56419999999
pI : 5.043403434753418
netcharge : -8.04002748213222
aromaticity : 0.11377245508982037
gravy : -1.1191616766467072
instability : 51.84491017964071
