molecularweight : 93875.66700000063
pI : 5.576268959045408
netcharge : -15.23361283329892
aromaticity : 0.09305210918114144
gravy : -0.3009925558312654
instability : 46.60362282878426
