molecularweight : 32628.445000000076
pI : 5.257288551330566
netcharge : -6.395085853248531
aromaticity : 0.0880281690140845
gravy : -0.7838028169014084
instability : 48.804260563380296
