molecularweight : 94274.30150000066
pI : 6.691904640197754
netcharge : -1.8707438054630359
aromaticity : 0.0834326579261025
gravy : -0.41740166865315764
instability : 34.166531585220596
