molecularweight : 25053.607799999987
pI : 10.073136711120604
netcharge : 17.8600351023944
aromaticity : 0.102803738317757
gravy : -0.8224299065420565
instability : 79.36121495327103
