molecularweight : 54179.856500000074
pI : 7.932721900939942
netcharge : 2.2389878712245306
aromaticity : 0.09355509355509356
gravy : -0.45343035343035326
instability : 53.00997920997931
