molecularweight : 12614.148599999991
pI : 5.3189588546752935
netcharge : -2.4407500197611807
aromaticity : 0.07894736842105263
gravy : -0.19824561403508772
instability : 40.9754385964912
