molecularweight : 34800.353300000075
pI : 8.503653907775881
netcharge : 3.948001911189614
aromaticity : 0.15932203389830507
gravy : 0.2871186440677964
instability : 26.009491525423712
