molecularweight : 52584.97030000003
pI : 5.482029914855956
netcharge : -4.350644924029574
aromaticity : 0.10103092783505155
gravy : 0.8245360824742294
instability : 27.516927835051536
