molecularweight : 142265.58250000063
pI : 5.274112892150878
netcharge : -35.482561161265465
aromaticity : 0.07294117647058823
gravy : -0.4311372549019592
instability : 43.5725647058826
