molecularweight : 68421.97450000036
pI : 5.945324516296386
netcharge : -9.150080061261392
aromaticity : 0.09932659932659932
gravy : -0.5861952861952859
instability : 43.71735690235689
