molecularweight : 35577.65960000001
pI : 4.850491905212402
netcharge : -12.895553815804469
aromaticity : 0.11526479750778815
gravy : -0.05389408099688489
instability : 33.55174454828661
