molecularweight : 61011.91860000025
pI : 4.916425132751464
netcharge : -29.98801882242362
aromaticity : 0.07763401109057302
gravy : -0.6210720887245842
instability : 50.768225508318096
