molecularweight : 30107.668899999997
pI : 9.483702278137208
netcharge : 9.575532914506745
aromaticity : 0.10600706713780918
gravy : 0.21872791519434634
instability : 26.49929328621907
