molecularweight : 50880.49269999999
pI : 9.11700611114502
netcharge : 10.117810247097971
aromaticity : 0.10112359550561797
gravy : -0.41910112359550544
instability : 40.20696629213482
