molecularweight : 38240.54620000002
pI : 6.261121940612793
netcharge : -2.102832952326345
aromaticity : 0.10294117647058823
gravy : -0.2523529411764706
instability : 38.26235294117646
