molecularweight : 24434.330500000033
pI : 7.012306022644043
netcharge : 0.023822061575664577
aromaticity : 0.046296296296296294
gravy : 0.028240740740740764
instability : 30.406944444444424
