molecularweight : 66013.18990000007
pI : 6.3300676345825195
netcharge : -3.511647657702383
aromaticity : 0.118491921005386
gravy : -0.48761220825852747
instability : 35.592639138240564
