molecularweight : 114247.83490000092
pI : 6.073780632019043
netcharge : -8.039239533033467
aromaticity : 0.11324570273003035
gravy : -0.16370070778564247
instability : 41.21146612740167
