molecularweight : 25157.694100000022
pI : 8.835408210754395
netcharge : 3.8444153626805964
aromaticity : 0.0776255707762557
gravy : -0.332420091324201
instability : 27.925570776255697
