molecularweight : 27374.129600000015
pI : 6.24640064239502
netcharge : -2.0240513890197676
aromaticity : 0.06072874493927126
gravy : -0.3740890688259112
instability : 32.61133603238866
