molecularweight : 23996.719200000014
pI : 10.056826210021974
netcharge : 17.842798845821967
aromaticity : 0.10185185185185185
gravy : -0.12592592592592589
instability : 39.09768518518516
