molecularweight : 16996.34129999999
pI : 5.659879112243652
netcharge : -2.072271461519252
aromaticity : 0.07142857142857142
gravy : 0.0733766233766234
instability : 39.74220779220777
