molecularweight : 89568.40790000046
pI : 5.733030891418458
netcharge : -13.05889607753359
aromaticity : 0.08121827411167512
gravy : -0.6809644670050752
instability : 45.4038197969545
