molecularweight : 83379.1975000004
pI : 8.665727424621583
netcharge : 11.428302362821839
aromaticity : 0.07617728531855955
gravy : -0.9146814404432119
instability : 45.33851800554031
