molecularweight : 85240.87490000058
pI : 4.657637214660644
netcharge : -67.09873514116161
aromaticity : 0.05874499332443258
gravy : -1.1905206942590116
instability : 54.434579439252616
