molecularweight : 45260.94510000002
pI : 9.529926109313966
netcharge : 14.98259248724095
aromaticity : 0.0759493670886076
gravy : -0.7470886075949362
instability : 58.85772151898735
