molecularweight : 80644.6276000004
pI : 7.659417915344239
netcharge : 2.073457565452401
aromaticity : 0.056100981767180924
gravy : -0.6584852734922848
instability : 40.68920056100988
