molecularweight : 66285.71920000025
pI : 9.585755729675292
netcharge : 25.93544494091089
aromaticity : 0.13181019332161686
gravy : -0.0532513181019331
instability : 41.606028119507926
