molecularweight : 22736.741300000016
pI : 6.141419029235839
netcharge : -2.1158290225193355
aromaticity : 0.07291666666666667
gravy : -0.7062500000000004
instability : 73.39635416666664
