molecularweight : 80098.91220000018
pI : 8.22386112213135
netcharge : 4.681922939954049
aromaticity : 0.09038737446197992
gravy : -0.34548063127690076
instability : 37.15941176470598
