molecularweight : 20533.320399999993
pI : 8.869640922546388
netcharge : 2.8604547607142976
aromaticity : 0.11049723756906077
gravy : -0.2856353591160223
instability : 47.299447513812154
