molecularweight : 54670.19310000008
pI : 5.193515205383299
netcharge : -14.472347762638009
aromaticity : 0.07755102040816325
gravy : -0.34285714285714314
instability : 30.125326530612238
