molecularweight : 29118.649800000043
pI : 5.4034215927124025
netcharge : -5.18624209272107
aromaticity : 0.1062992125984252
gravy : -0.14566929133858303
instability : 62.17999999999999
