molecularweight : 34447.1845
pI : 7.551082801818848
netcharge : 0.7522952408270243
aromaticity : 0.09120521172638436
gravy : -0.2342019543973941
instability : 44.153811074918565
