molecularweight : 21332.598199999993
pI : 9.175092124938963
netcharge : 3.7949752312978866
aromaticity : 0.06382978723404255
gravy : -0.23404255319148928
instability : 48.390957446808486
