molecularweight : 90798.74160000055
pI : 7.961797142028809
netcharge : 2.512633787173023
aromaticity : 0.17002518891687657
gravy : 0.22015113350125962
instability : 29.5464861460958
