molecularweight : 36822.61290000002
pI : 8.97620716094971
netcharge : 6.016076313815184
aromaticity : 0.11011904761904762
gravy : -0.050892857142857156
instability : 31.690505952380942
