molecularweight : 59688.18990000013
pI : 8.015757179260255
netcharge : 3.085320814727325
aromaticity : 0.10116731517509728
gravy : -0.5501945525291824
instability : 52.79301556420246
