molecularweight : 6240.070200000004
pI : 5.818403053283691
netcharge : -2.233971567917159
aromaticity : 0.0
gravy : -0.5690909090909092
instability : 26.052727272727267
