molecularweight : 81400.54250000045
pI : 6.891409492492676
netcharge : -0.5614085172489638
aromaticity : 0.16242937853107345
gravy : 0.052401129943502725
instability : 39.39100282485882
