molecularweight : 99822.64320000076
pI : 6.30096607208252
netcharge : -7.303817229584951
aromaticity : 0.07796610169491525
gravy : -0.46045197740112886
instability : 46.429502824858915
