molecularweight : 85700.00650000051
pI : 5.470548439025879
netcharge : -19.717145713599407
aromaticity : 0.1145975443383356
gravy : -0.19181446111869047
instability : 40.484201909959175
