molecularweight : 123435.2789000006
pI : 6.244752311706543
netcharge : -8.322210446555545
aromaticity : 0.06319702602230484
gravy : -0.6873605947955387
instability : 42.754293680297614
