molecularweight : 170631.82200000004
pI : 6.985591697692871
netcharge : -0.11216976527833822
aromaticity : 0.12840984697272123
gravy : -0.12035928143712482
instability : 39.569600798403435
