molecularweight : 58236.46180000009
pI : 5.919349098205566
netcharge : -9.072814940401571
aromaticity : 0.0841300191204589
gravy : -0.3323135755258127
instability : 40.867533460803074
