molecularweight : 87640.72270000064
pI : 4.5865884780883786
netcharge : -42.786897824883425
aromaticity : 0.0951760104302477
gravy : -0.15788787483702746
instability : 40.59426336375501
