molecularweight : 136112.96730000092
pI : 5.786061668395996
netcharge : -21.778815514701478
aromaticity : 0.07848101265822785
gravy : -0.45746835443037936
instability : 47.801130801688004
