molecularweight : 71783.57880000026
pI : 6.682355690002441
netcharge : -0.9395394941742552
aromaticity : 0.1336477987421384
gravy : 0.03852201257861603
instability : 33.39765723270443
