molecularweight : 11892.44949999999
pI : 6.891352653503419
netcharge : -0.1580768894911646
aromaticity : 0.16346153846153846
gravy : 0.13173076923076923
instability : 52.68471153846152
