molecularweight : 19457.17010000001
pI : 9.514066886901855
netcharge : 7.833416936519441
aromaticity : 0.044444444444444446
gravy : -0.2377777777777778
instability : 41.93888888888887
