molecularweight : 21921.373700000004
pI : 4.437784004211426
netcharge : -13.30440899036819
aromaticity : 0.1382978723404255
gravy : 0.4531914893617021
instability : 41.39047872340426
