molecularweight : 57696.3382000001
pI : 9.010504341125486
netcharge : 12.471605826747727
aromaticity : 0.11306042884990253
gravy : -0.1756335282651077
instability : 41.066296296296315
