molecularweight : 24395.533900000006
pI : 5.508119010925292
netcharge : -7.814154137770295
aromaticity : 0.07476635514018691
gravy : -0.407476635514019
instability : 50.90004672897197
