molecularweight : 56952.729200000154
pI : 9.095924949645994
netcharge : 8.786389347566484
aromaticity : 0.052123552123552123
gravy : -0.3154440154440157
instability : 40.53803088803085
