molecularweight : 37954.213100000066
pI : 5.8081151962280275
netcharge : -7.508649594760193
aromaticity : 0.13230769230769232
gravy : -0.5855384615384615
instability : 43.91110769230766
