molecularweight : 31862.11020000004
pI : 6.217981147766112
netcharge : -2.071358431770822
aromaticity : 0.1039426523297491
gravy : -0.07670250896057342
instability : 32.76415770609321
