molecularweight : 15570.639799999995
pI : 5.07244815826416
netcharge : -5.372499560494877
aromaticity : 0.08955223880597014
gravy : -0.5582089552238807
instability : 38.550746268656724
