molecularweight : 70166.88590000023
pI : 9.038032341003419
netcharge : 16.402471320176176
aromaticity : 0.0967741935483871
gravy : -0.3943548387096776
instability : 38.14258064516134
