molecularweight : 41971.886700000054
pI : 8.461169242858887
netcharge : 2.5059459250335863
aromaticity : 0.05
gravy : -0.9639473684210517
instability : 50.064736842105226
