molecularweight : 16589.60739999999
pI : 6.644387245178222
netcharge : -0.8969267309839424
aromaticity : 0.06711409395973154
gravy : -0.41275167785234906
instability : 18.235570469798656
