molecularweight : 51778.08220000009
pI : 6.0829885482788075
netcharge : -6.2704605582350865
aromaticity : 0.10239651416122005
gravy : -0.13006535947712447
instability : 39.92444444444443
