molecularweight : 81006.61180000038
pI : 5.230574226379393
netcharge : -14.756833673295048
aromaticity : 0.10659186535764376
gravy : -0.06830294530154297
instability : 45.53708274894819
