molecularweight : 38700.53680000001
pI : 5.429283332824705
netcharge : -11.496664982560517
aromaticity : 0.08928571428571427
gravy : -0.45833333333333365
instability : 36.42440476190475
