molecularweight : 18031.043099999995
pI : 4.0500284194946286
netcharge : -34.266464360050065
aromaticity : 0.12101910828025478
gravy : -0.8184713375796182
instability : 46.06433121019108
