molecularweight : 44147.60780000003
pI : 5.351584434509278
netcharge : -9.826288257340273
aromaticity : 0.09585492227979275
gravy : -0.2753886010362699
instability : 33.55155440414507
