molecularweight : 14244.424899999978
pI : 9.797792243957517
netcharge : 6.978695154750731
aromaticity : 0.11904761904761904
gravy : 0.035714285714285775
instability : 38.69920634920635
