molecularweight : 16732.85199999999
pI : 8.983169746398929
netcharge : 6.227882456322128
aromaticity : 0.09859154929577466
gravy : -0.7950704225352118
instability : 47.64014084507041
