molecularweight : 50491.58479999998
pI : 9.313376808166506
netcharge : 8.81765356027796
aromaticity : 0.11842105263157895
gravy : 0.6892543859649128
instability : 31.12392543859649
