molecularweight : 28034.067200000023
pI : 6.967971611022949
netcharge : -0.05902864478543535
aromaticity : 0.043824701195219126
gravy : -0.4836653386454185
instability : 51.43107569721114
