molecularweight : 36498.24730000003
pI : 10.245911979675292
netcharge : 15.687856428918586
aromaticity : 0.12422360248447205
gravy : 0.5940993788819882
instability : 32.196273291925465
