molecularweight : 32355.245700000047
pI : 4.373214912414551
netcharge : -40.104457357125035
aromaticity : 0.04727272727272727
gravy : -1.5749090909090888
instability : 84.052
