molecularweight : 34441.25810000002
pI : 5.771283531188964
netcharge : -5.787160247434251
aromaticity : 0.09868421052631579
gravy : -0.39572368421052656
instability : 38.379605263157885
