molecularweight : 73106.24980000027
pI : 6.248617362976075
netcharge : -5.150948673344402
aromaticity : 0.1
gravy : -0.2825396825396825
instability : 45.361761904762076
