molecularweight : 18238.787500000002
pI : 8.752888679504395
netcharge : 1.692732752920353
aromaticity : 0.08024691358024691
gravy : -0.3117283950617284
instability : 44.21111111111111
