molecularweight : 18978.075499999984
pI : 7.829314613342286
netcharge : 1.1263799673518413
aromaticity : 0.07142857142857142
gravy : -0.7654761904761908
instability : 48.990535714285706
