molecularweight : 32262.016400000008
pI : 9.440895271301269
netcharge : 14.263661342209033
aromaticity : 0.08156028368794327
gravy : -0.4932624113475179
instability : 53.409609929078016
