molecularweight : 17912.26219999999
pI : 5.311910820007324
netcharge : -6.99119697011697
aromaticity : 0.075
gravy : -0.3337500000000001
instability : 48.79068750000001
