molecularweight : 42192.68520000002
pI : 7.120925331115722
netcharge : 0.3295053053551129
aromaticity : 0.06976744186046512
gravy : -0.12790697674418594
instability : 36.24987080103358
