molecularweight : 35968.383400000006
pI : 5.365055274963378
netcharge : -9.795805703297276
aromaticity : 0.06918238993710692
gravy : -0.3437106918238998
instability : 43.55000000000001
