molecularweight : 48002.09950000004
pI : 8.512163734436037
netcharge : 5.561238923912306
aromaticity : 0.08788598574821851
gravy : -0.14964370546318295
instability : 38.86581947743467
