molecularweight : 74210.68910000031
pI : 6.279992485046387
netcharge : -4.321478819739411
aromaticity : 0.08982035928143713
gravy : -0.8285928143712579
instability : 39.24507485029946
