molecularweight : 19957.114500000014
pI : 4.984745597839355
netcharge : -10.142634552285248
aromaticity : 0.10119047619047619
gravy : -1.0071428571428571
instability : 49.809523809523796
