molecularweight : 75077.54170000023
pI : 4.554133415222168
netcharge : -53.2960950996885
aromaticity : 0.09876543209876543
gravy : -0.6162037037037031
instability : 51.36297839506184
