molecularweight : 26913.08650000001
pI : 6.091855430603027
netcharge : -2.9552695761838343
aromaticity : 0.1163793103448276
gravy : -0.6060344827586212
instability : 37.188793103448276
