molecularweight : 44565.883700000006
pI : 8.66862850189209
netcharge : 7.537730739327479
aromaticity : 0.10526315789473684
gravy : -0.14511278195488728
instability : 34.501779448621555
