molecularweight : 28511.41240000001
pI : 6.246116447448731
netcharge : -2.0299863748227835
aromaticity : 0.058823529411764705
gravy : -0.8274509803921568
instability : 72.24941176470587
