molecularweight : 30499.534799999998
pI : 9.549202156066894
netcharge : 10.868022864291547
aromaticity : 0.09363295880149813
gravy : -0.5928838951310861
instability : 48.221348314606736
