molecularweight : 15749.49769999999
pI : 8.858681297302244
netcharge : 1.704578322289663
aromaticity : 0.08695652173913043
gravy : -0.9463768115942028
instability : 51.35434782608694
