molecularweight : 32560.829400000042
pI : 4.467624473571777
netcharge : -16.360803552877808
aromaticity : 0.07947019867549668
gravy : 0.18874172185430477
instability : 42.44374172185431
