molecularweight : 26090.01600000001
pI : 6.223778724670409
netcharge : -1.2717108191503286
aromaticity : 0.1111111111111111
gravy : -0.6462222222222224
instability : 56.01377777777779
