molecularweight : 60310.95190000018
pI : 6.9421098709106435
netcharge : -0.2202901328095379
aromaticity : 0.08442776735459662
gravy : -0.38949343339587184
instability : 44.67879924953099
