molecularweight : 14599.78009999998
pI : 9.807075691223144
netcharge : 6.8496607758519925
aromaticity : 0.07692307692307693
gravy : -0.13692307692307687
instability : 28.24230769230769
