molecularweight : 70888.77310000027
pI : 4.752956199645996
netcharge : -29.002622319330015
aromaticity : 0.10344827586206895
gravy : -0.31347962382445166
instability : 43.615689655172545
