molecularweight : 13532.108099999983
pI : 5.1050737380981435
netcharge : -4.378316342487231
aromaticity : 0.05217391304347826
gravy : -0.8460869565217394
instability : 50.08782608695652
