molecularweight : 41514.5888000001
pI : 9.675689125061037
netcharge : 13.772147333197168
aromaticity : 0.06486486486486487
gravy : -0.9978378378378371
instability : 67.81702702702712
