molecularweight : 73040.7804000004
pI : 6.530993461608887
netcharge : -2.342954600189543
aromaticity : 0.10252365930599369
gravy : -0.23485804416403783
instability : 45.71648264984235
