molecularweight : 16820.40909999999
pI : 9.570992469787598
netcharge : 10.669394146453964
aromaticity : 0.03896103896103896
gravy : -0.5688311688311691
instability : 49.85974025974025
