molecularweight : 27739.630200000054
pI : 6.338309288024903
netcharge : -1.2493585789678647
aromaticity : 0.0823045267489712
gravy : -0.18395061728395068
instability : 26.194238683127566
