molecularweight : 58936.58420000007
pI : 9.602259635925293
netcharge : 24.128038327536977
aromaticity : 0.08984375
gravy : -0.21484375000000044
instability : 40.00724609375
