molecularweight : 12314.780099999989
pI : 4.312510871887207
netcharge : -12.293204254435738
aromaticity : 0.07339449541284404
gravy : -0.15596330275229356
instability : 58.60366972477064
