molecularweight : 34651.37150000004
pI : 7.004234886169433
netcharge : 0.007783370061936523
aromaticity : 0.05333333333333333
gravy : -0.5910000000000006
instability : 51.187999999999995
