molecularweight : 50514.98330000001
pI : 10.064884757995603
netcharge : 20.44030202911653
aromaticity : 0.04185022026431718
gravy : -0.9539647577092513
instability : 67.69096916299569
