molecularweight : 59875.58440000008
pI : 8.551489448547365
netcharge : 3.8352915257554514
aromaticity : 0.1487758945386064
gravy : 0.20866290018832376
instability : 30.039849340866265
