molecularweight : 52833.82199999999
pI : 5.3660783767700195
netcharge : -16.182362891034145
aromaticity : 0.11038961038961038
gravy : -0.4504329004329008
instability : 33.087900432900426
