molecularweight : 42347.94930000004
pI : 6.782903861999511
netcharge : -1.0542384909296274
aromaticity : 0.08776595744680851
gravy : -0.14148936170212764
instability : 38.07260638297873
