molecularweight : 100924.8299000007
pI : 5.335328483581542
netcharge : -16.655759355484363
aromaticity : 0.09507445589919816
gravy : -0.3870561282932407
instability : 34.34113402061863
