molecularweight : 88628.8514000005
pI : 7.811843681335449
netcharge : 4.2131337658559715
aromaticity : 0.09622886866059818
gravy : -0.5232769830949264
instability : 50.163615084525574
