molecularweight : 41863.868900000045
pI : 6.501948738098144
netcharge : -2.3326787688673534
aromaticity : 0.10106382978723405
gravy : -0.273936170212766
instability : 45.92765957446808
