molecularweight : 34675.65579999999
pI : 4.4452299118042
netcharge : -21.432387226963897
aromaticity : 0.05732484076433121
gravy : -1.171337579617834
instability : 63.19585987261148
