molecularweight : 23873.2584
pI : 7.746267890930175
netcharge : 0.9385132996978882
aromaticity : 0.08056872037914692
gravy : -0.2635071090047393
instability : 44.62042654028435
