molecularweight : 46414.52090000002
pI : 6.245377540588379
netcharge : -3.597158047783772
aromaticity : 0.0945273631840796
gravy : -0.44328358208955193
instability : 49.721144278606964
