molecularweight : 75895.60820000035
pI : 8.89923191070557
netcharge : 11.71058935367077
aromaticity : 0.11265432098765432
gravy : -0.3024691358024686
instability : 38.2270216049383
