molecularweight : 242386.96730000025
pI : 8.97736759185791
netcharge : 37.158104521159146
aromaticity : 0.08031569173630455
gravy : -0.34187558031569076
instability : 42.93460538532999
