molecularweight : 158384.10220000026
pI : 6.1622220993041985
netcharge : -13.401445040909266
aromaticity : 0.09019327129563351
gravy : -0.36091624910522435
instability : 43.37502505368669
