molecularweight : 47577.86379999999
pI : 9.5350191116333
netcharge : 19.07366325062936
aromaticity : 0.11002444987775062
gravy : -0.2550122249388757
instability : 42.15408312958434
