molecularweight : 32997.44560000002
pI : 6.411858940124512
netcharge : -1.8637275540816773
aromaticity : 0.06551724137931034
gravy : -0.3731034482758622
instability : 43.99655172413793
