molecularweight : 35558.405200000045
pI : 5.349083518981933
netcharge : -7.098708744619678
aromaticity : 0.10725552050473186
gravy : -0.07854889589905362
instability : 22.218044164037845
