molecularweight : 38450.0034
pI : 8.180022621154787
netcharge : 2.436766901506367
aromaticity : 0.07669616519174041
gravy : -1.043657817109144
instability : 81.85457227138652
