molecularweight : 149286.7026000008
pI : 5.21301097869873
netcharge : -44.3470165323794
aromaticity : 0.055512721665381654
gravy : -0.6929838087895142
instability : 45.510331534310225
