molecularweight : 12048.875999999986
pI : 10.244235801696775
netcharge : 11.910909865046575
aromaticity : 0.09523809523809523
gravy : -0.4828571428571428
instability : 39.01714285714284
