molecularweight : 29220.288800000024
pI : 6.996675300598144
netcharge : -0.005951997394738839
aromaticity : 0.056
gravy : -1.227999999999999
instability : 54.424040000000005
