molecularweight : 161699.2547000002
pI : 5.913210487365721
netcharge : -15.459666205766382
aromaticity : 0.06865464632454923
gravy : -0.4778779472954229
instability : 45.90902912621396
