molecularweight : 31102.54370000003
pI : 5.603040122985839
netcharge : -6.818889557342423
aromaticity : 0.11387900355871886
gravy : -0.2896797153024912
instability : 20.627046263345186
