molecularweight : 41746.88470000007
pI : 5.191525840759277
netcharge : -11.07094913582823
aromaticity : 0.0474934036939314
gravy : -0.5474934036939313
instability : 49.20105540897097
