molecularweight : 47245.51100000006
pI : 6.619093894958497
netcharge : -2.0325475627606693
aromaticity : 0.07317073170731708
gravy : -1.149024390243901
instability : 55.58146341463417
