molecularweight : 56765.84280000007
pI : 6.033254432678221
netcharge : -7.974026637986903
aromaticity : 0.09292929292929292
gravy : -0.39575757575757586
instability : 29.455959595959587
