molecularweight : 67513.84850000015
pI : 8.980655479431153
netcharge : 10.297758042222213
aromaticity : 0.0847457627118644
gravy : -0.3488135593220342
instability : 30.135101694915242
