molecularweight : 36121.77950000004
pI : 9.400602531433105
netcharge : 8.064276539481433
aromaticity : 0.05
gravy : -1.049999999999999
instability : 59.47093749999997
