molecularweight : 34711.27030000005
pI : 4.93108959197998
netcharge : -14.947658319348307
aromaticity : 0.10666666666666666
gravy : -0.333333333333334
instability : 32.706666666666656
