molecularweight : 75242.9279000002
pI : 6.9741102218627935
netcharge : -0.1100664419578834
aromaticity : 0.10518518518518519
gravy : -0.192592592592593
instability : 27.837777777777763
