molecularweight : 86292.12500000045
pI : 8.098341178894042
netcharge : 6.102954053582565
aromaticity : 0.10187667560321716
gravy : -0.39530831099195557
instability : 53.9502815013407
