molecularweight : 241327.5172000007
pI : 5.713762474060059
netcharge : -39.84841743916638
aromaticity : 0.10573731626363206
gravy : -0.16913229018492118
instability : 39.78461830251332
