molecularweight : 43955.16350000003
pI : 7.032142829895019
netcharge : 0.06746694941887199
aromaticity : 0.06598984771573604
gravy : -0.3114213197969547
instability : 40.05989847715734
