molecularweight : 75585.85280000033
pI : 5.0880220413208
netcharge : -22.202001015762633
aromaticity : 0.06550218340611354
gravy : -0.580494905385734
instability : 44.52794759825339
