molecularweight : 78332.98350000032
pI : 8.280077552795412
netcharge : 4.707773567339714
aromaticity : 0.08701854493580599
gravy : -0.2018544935806
instability : 25.797289586305276
