molecularweight : 76967.2271
pI : 4.747272300720215
netcharge : -48.66752764509583
aromaticity : 0.08472012102874432
gravy : -1.0344931921331304
instability : 49.379591527988005
