molecularweight : 51968.23300000007
pI : 5.878140830993652
netcharge : -6.606917278141935
aromaticity : 0.1040339702760085
gravy : -0.3025477707006371
instability : 38.609978768577484
