molecularweight : 85628.03580000025
pI : 9.171739768981933
netcharge : 19.210646761304517
aromaticity : 0.09581646423751687
gravy : -0.24399460188933894
instability : 36.0519838056681
