molecularweight : 69794.58710000024
pI : 4.9880990982055655
netcharge : -26.808760455382334
aromaticity : 0.08025682182985554
gravy : -0.6558587479935791
instability : 56.20707865168557
