molecularweight : 11404.368499999988
pI : 9.966377067565915
netcharge : 9.9002102116693
aromaticity : 0.08
gravy : -0.06099999999999992
instability : 17.439000000000004
