molecularweight : 57936.0006000001
pI : 6.058661460876464
netcharge : -7.1062564453628525
aromaticity : 0.09727626459143969
gravy : 0.08287937743190651
instability : 44.73912451361871
