molecularweight : 13317.234399999987
pI : 10.286333656311033
netcharge : 15.496331417108365
aromaticity : 0.09649122807017543
gravy : -1.0991228070175443
instability : 57.862280701754365
