molecularweight : 27361.37510000002
pI : 7.612184715270996
netcharge : 0.9919379714845356
aromaticity : 0.07883817427385892
gravy : -0.42282157676348575
instability : 39.90091286307054
