molecularweight : 52777.436500000156
pI : 7.0494787216186525
netcharge : 0.21333489123381355
aromaticity : 0.05353319057815846
gravy : -0.38479657387580335
instability : 41.54218415417557
