molecularweight : 25111.83780000002
pI : 6.160403251647948
netcharge : -1.160520933477244
aromaticity : 0.1090909090909091
gravy : 0.03727272727272726
instability : 57.48272727272728
