molecularweight : 36876.261900000034
pI : 5.448779106140137
netcharge : -8.762328867191336
aromaticity : 0.10493827160493827
gravy : -0.4222222222222225
instability : 31.820679012345664
