molecularweight : 47886.151500000014
pI : 4.541685676574708
netcharge : -38.48448014727756
aromaticity : 0.09592326139088729
gravy : -0.5247002398081537
instability : 42.69952038369304
