molecularweight : 26275.77440000002
pI : 7.783735466003418
netcharge : 1.2756659182997119
aromaticity : 0.13596491228070173
gravy : 0.49999999999999967
instability : 30.97285087719298
