molecularweight : 39951.952900000084
pI : 5.421382713317871
netcharge : -9.814276965590771
aromaticity : 0.056179775280898875
gravy : -0.7514044943820228
instability : 55.6129213483146
