molecularweight : 44803.339600000036
pI : 6.641943168640138
netcharge : -1.448635107191258
aromaticity : 0.14588859416445624
gravy : -0.5204244031830236
instability : 35.13610079575598
