molecularweight : 31609.93680000004
pI : 8.200394630432129
netcharge : 1.7319954124857553
aromaticity : 0.09574468085106383
gravy : -0.012056737588652462
instability : 34.7145390070922
