molecularweight : 21060.3954
pI : 4.245952415466309
netcharge : -32.96607698466139
aromaticity : 0.03723404255319149
gravy : -0.9239361702127658
instability : 41.51968085106384
