molecularweight : 15210.964799999983
pI : 10.017564964294433
netcharge : 13.727307333433949
aromaticity : 0.10526315789473684
gravy : -0.08270676691729323
instability : 30.185714285714276
