molecularweight : 32827.38940000004
pI : 9.86728916168213
netcharge : 18.960313134604128
aromaticity : 0.07291666666666666
gravy : -0.6340277777777785
instability : 42.17885416666666
