molecularweight : 73425.46840000038
pI : 4.862598609924316
netcharge : -34.977117999192714
aromaticity : 0.09618320610687023
gravy : -0.614351145038166
instability : 38.61969465648862
