molecularweight : 82886.78350000041
pI : 8.650383949279785
netcharge : 6.194713195249065
aromaticity : 0.04878048780487805
gravy : -0.48238482384823794
instability : 50.38455284552862
