molecularweight : 15578.520499999984
pI : 10.543562507629392
netcharge : 19.885403096263325
aromaticity : 0.10526315789473684
gravy : -0.14060150375939848
instability : 74.4887969924812
