molecularweight : 37811.46460000003
pI : 6.031208229064941
netcharge : -3.8991855262737687
aromaticity : 0.07462686567164178
gravy : -0.3865671641791049
instability : 46.60268656716417
