molecularweight : 44646.00600000006
pI : 9.191144752502442
netcharge : 12.336313153005271
aromaticity : 0.1134020618556701
gravy : -0.24484536082474223
instability : 36.01265463917525
