molecularweight : 23362.414100000005
pI : 8.820322608947755
netcharge : 2.603780519532446
aromaticity : 0.058823529411764705
gravy : -0.6014705882352943
instability : 63.35392156862744
