molecularweight : 17184.811599999986
pI : 9.75704822540283
netcharge : 14.812388056243375
aromaticity : 0.05333333333333333
gravy : -0.8133333333333338
instability : 31.322666666666652
