molecularweight : 48610.25740000002
pI : 9.424197959899903
netcharge : 13.042348630349466
aromaticity : 0.0951276102088167
gravy : -0.248955916473318
instability : 39.30556844547562
