molecularweight : 22970.406400000007
pI : 5.031467247009277
netcharge : -15.449537408781183
aromaticity : 0.07881773399014778
gravy : -0.4497536945812813
instability : 40.101477832512316
