molecularweight : 75017.2821000004
pI : 5.65447940826416
netcharge : -13.241449265703736
aromaticity : 0.07228915662650603
gravy : -0.46852409638554005
instability : 41.36506024096394
