molecularweight : 28979.140600000028
pI : 9.657895851135255
netcharge : 9.919869609259306
aromaticity : 0.12890625
gravy : 0.14257812500000003
instability : 36.476992187499995
