molecularweight : 74062.96340000028
pI : 5.507834815979003
netcharge : -16.968182208132433
aromaticity : 0.09523809523809523
gravy : -0.2250000000000004
instability : 37.60032738095244
