molecularweight : 29957.24070000005
pI : 9.126031684875489
netcharge : 9.049991552663318
aromaticity : 0.07307692307692308
gravy : -0.3311538461538463
instability : 44.87884615384617
