molecularweight : 48633.36550000006
pI : 5.136562538146971
netcharge : -20.263831780954852
aromaticity : 0.06744186046511627
gravy : -0.8144186046511613
instability : 40.33953488372093
