molecularweight : 62077.09390000012
pI : 5.957601737976075
netcharge : -9.906798393613293
aromaticity : 0.08775137111517368
gravy : -0.2122486288848267
instability : 40.00806215722124
