molecularweight : 187258.94060000044
pI : 4.994578742980956
netcharge : -61.94412174887276
aromaticity : 0.09420289855072464
gravy : -0.19661835748792203
instability : 39.845477053140385
