molecularweight : 90425.28680000054
pI : 4.929100227355955
netcharge : -41.81602180082744
aromaticity : 0.08542713567839195
gravy : -0.44987437185929563
instability : 49.636180904522824
