molecularweight : 47039.28320000006
pI : 6.210307884216308
netcharge : -4.385734233659484
aromaticity : 0.1026252983293556
gravy : -0.47828162291169485
instability : 43.09832935560858
