molecularweight : 33711.17480000002
pI : 5.614294242858887
netcharge : -5.111297106876364
aromaticity : 0.10367892976588627
gravy : -0.29264214046822756
instability : 30.760869565217394
