molecularweight : 61279.97370000014
pI : 9.147693061828615
netcharge : 13.933108649358637
aromaticity : 0.15456238361266295
gravy : 0.4292364990689014
instability : 39.245493482309136
