molecularweight : 21550.122100000004
pI : 5.073755455017088
netcharge : -8.070456210834916
aromaticity : 0.08421052631578947
gravy : -0.2742105263157894
instability : 41.763684210526314
