molecularweight : 70651.23590000022
pI : 5.907071876525879
netcharge : -7.499977556436043
aromaticity : 0.1328
gravy : 0.13055999999999973
instability : 42.78883200000003
