molecularweight : 93594.44720000058
pI : 5.1790781021118155
netcharge : -30.427006454521845
aromaticity : 0.12362301101591186
gravy : 0.033659730722153995
instability : 39.008567931456646
