molecularweight : 15166.76159999999
pI : 6.713730812072753
netcharge : -0.35116482965846885
aromaticity : 0.058394160583941604
gravy : 0.30583941605839415
instability : 41.74525547445254
