molecularweight : 57021.82120000019
pI : 5.411379051208496
netcharge : -15.172279836845036
aromaticity : 0.07736943907156674
gravy : -0.45493230174081256
instability : 50.92050290135403
