molecularweight : 12344.196799999998
pI : 9.362566184997558
netcharge : 3.7694405741994164
aromaticity : 0.09615384615384616
gravy : -0.721153846153846
instability : 66.94903846153848
