molecularweight : 23929.369900000016
pI : 4.787912178039551
netcharge : -11.220973187309184
aromaticity : 0.07766990291262135
gravy : -0.13349514563106796
instability : 39.8495145631068
