molecularweight : 62943.11090000013
pI : 8.901165962219238
netcharge : 7.345458973053887
aromaticity : 0.10394265232974911
gravy : -0.12974910394265218
instability : 60.38913978494642
