molecularweight : 47747.433800000086
pI : 9.661312675476076
netcharge : 16.89422293903793
aromaticity : 0.0472972972972973
gravy : -0.7490990990990986
instability : 57.61939189189194
