molecularweight : 107776.11290000097
pI : 6.212751960754394
netcharge : -9.166619699302302
aromaticity : 0.1178343949044586
gravy : -0.04447983014862021
instability : 36.567335456475725
