molecularweight : 35094.86160000006
pI : 4.675200462341309
netcharge : -15.11946974637915
aromaticity : 0.07278481012658228
gravy : -0.3658227848101267
instability : 43.79433544303797
