molecularweight : 49180.36890000001
pI : 6.902436256408691
netcharge : -0.34917719010567794
aromaticity : 0.08120649651972157
gravy : -0.5491879350348025
instability : 47.26171693735499
