molecularweight : 58546.41610000006
pI : 5.477596473693848
netcharge : -15.071481877745981
aromaticity : 0.08914728682170542
gravy : -0.3757751937984495
instability : 45.551007751938045
