molecularweight : 31825.95529999998
pI : 8.353249168395998
netcharge : 2.2047265273077876
aromaticity : 0.11387900355871886
gravy : -1.2800711743772248
instability : 56.812099644128104
