molecularweight : 27311.866400000024
pI : 8.404243659973147
netcharge : 1.829935774311867
aromaticity : 0.14693877551020407
gravy : 0.7069387755102033
instability : 26.927755102040805
