molecularweight : 34380.64340000002
pI : 9.257805061340331
netcharge : 10.04783193111377
aromaticity : 0.09935897435897437
gravy : 0.1942307692307691
instability : 35.32051282051281
