molecularweight : 112513.34510000092
pI : 5.333907508850097
netcharge : -24.78951612479537
aromaticity : 0.09156378600823045
gravy : -0.056995884773662776
instability : 38.95843621399192
