molecularweight : 152260.8263000006
pI : 5.16645984649658
netcharge : -34.82893585927687
aromaticity : 0.10459940652818991
gravy : -0.000593471810089223
instability : 45.337047477745095
