molecularweight : 39893.721700000046
pI : 5.083361244201659
netcharge : -15.697462851538248
aromaticity : 0.06353591160220995
gravy : -0.31712707182320515
instability : 38.48950276243095
