molecularweight : 43728.59180000006
pI : 9.168129539489748
netcharge : 7.572451434606897
aromaticity : 0.10026385224274406
gravy : -0.27176781002638534
instability : 38.278891820580476
