molecularweight : 17976.774399999995
pI : 8.751599311828613
netcharge : 1.5427430691448194
aromaticity : 0.029940119760479042
gravy : -0.0017964071856287362
instability : 42.22694610778442
