molecularweight : 61302.402200000084
pI : 8.887305259704593
netcharge : 9.350002214304837
aromaticity : 0.08839779005524862
gravy : -0.5780847145488024
instability : 40.96650092081036
