molecularweight : 201488.29420000047
pI : 8.509262657165529
netcharge : 15.512781056854351
aromaticity : 0.1282051282051282
gravy : 0.09099715099715092
instability : 40.860586894587165
