molecularweight : 35406.6331
pI : 7.584902000427248
netcharge : 1.378459145130968
aromaticity : 0.0914826498422713
gravy : -0.39053627760252424
instability : 43.79119873817034
