molecularweight : 52375.18290000009
pI : 6.078214073181152
netcharge : -6.228684392381503
aromaticity : 0.06889352818371608
gravy : -0.12359081419624245
instability : 34.28603340292275
