molecularweight : 22644.880799999955
pI : 4.906080436706542
netcharge : -10.020246321397451
aromaticity : 0.06132075471698113
gravy : -0.6787735849056603
instability : 52.89811320754714
