molecularweight : 16722.757499999992
pI : 5.344877433776855
netcharge : -5.120725000636524
aromaticity : 0.060810810810810814
gravy : -0.3817567567567568
instability : 50.02027027027027
