molecularweight : 93008.15700000059
pI : 6.264304924011231
netcharge : -6.637601134067083
aromaticity : 0.1053921568627451
gravy : -0.2254901960784314
instability : 29.18627450980393
