molecularweight : 25630.813400000032
pI : 6.051158714294433
netcharge : -1.3646212202731078
aromaticity : 0.14601769911504425
gravy : 0.6827433628318582
instability : 36.622654867256635
