molecularweight : 29852.572500000042
pI : 4.75284252166748
netcharge : -17.0461346442353
aromaticity : 0.11904761904761904
gravy : -0.37261904761904774
instability : 32.47023809523811
