molecularweight : 28569.311900000004
pI : 5.963740348815918
netcharge : -4.731570046129981
aromaticity : 0.09486166007905139
gravy : -0.08379446640316204
instability : 36.95418972332015
