molecularweight : 102734.06620000086
pI : 5.279626274108886
netcharge : -23.000286371519735
aromaticity : 0.1307779030439684
gravy : -0.2775648252536641
instability : 48.581195039459075
