molecularweight : 64148.98950000036
pI : 4.340987205505372
netcharge : -40.812292390316735
aromaticity : 0.09274873524451939
gravy : -0.16475548060708287
instability : 42.97841483979775
