molecularweight : 39889.661500000024
pI : 5.254844474792479
netcharge : -10.839011470453329
aromaticity : 0.0664819944598338
gravy : -0.4595567867036007
instability : 55.52659279778393
