molecularweight : 63922.51240000017
pI : 6.960582542419433
netcharge : -0.08327765962823008
aromaticity : 0.13012477718360071
gravy : -0.12352941176470633
instability : 42.083119429590056
