molecularweight : 67130.71090000018
pI : 6.379006004333497
netcharge : -4.683139263601447
aromaticity : 0.05950413223140496
gravy : -0.814049586776859
instability : 64.36809917355394
