molecularweight : 32043.38930000004
pI : 7.609626960754396
netcharge : 0.8393184923079318
aromaticity : 0.10320284697508897
gravy : -0.19110320284697518
instability : 46.76975088967971
