molecularweight : 65322.35080000016
pI : 5.554613304138183
netcharge : -9.66843996394266
aromaticity : 0.08376963350785341
gravy : -0.3195462478184983
instability : 38.9307329842932
