molecularweight : 128443.0183000007
pI : 8.580435752868652
netcharge : 9.311395389821456
aromaticity : 0.09482758620689655
gravy : 0.06422413793103601
instability : 43.2413879310347
