molecularweight : 53547.2040000001
pI : 7.699489402770996
netcharge : 1.9093921666482032
aromaticity : 0.10845986984815618
gravy : -0.5375271149674621
instability : 35.12193058568329
