molecularweight : 46933.714600000036
pI : 9.592976188659666
netcharge : 15.898682244892761
aromaticity : 0.06295399515738499
gravy : -0.5251815980629537
instability : 43.98813559322032
