molecularweight : 44294.80370000001
pI : 5.357666206359863
netcharge : -11.678734052241772
aromaticity : 0.0987012987012987
gravy : -0.5072727272727277
instability : 38.043662337662326
