molecularweight : 14819.073599999996
pI : 9.995452308654787
netcharge : 11.76585338619969
aromaticity : 0.07518796992481203
gravy : -0.37593984962405996
instability : 34.716541353383434
