molecularweight : 63992.52300000024
pI : 7.9583158493042
netcharge : 3.143801173573202
aromaticity : 0.06854130052724078
gravy : -0.5124780316344464
instability : 56.11546572934986
