molecularweight : 27101.954500000025
pI : 9.18037853240967
netcharge : 6.695662926414485
aromaticity : 0.10638297872340426
gravy : -0.4936170212765965
instability : 28.909787234042543
