molecularweight : 97396.98460000065
pI : 7.270241355895997
netcharge : 1.1486668885779636
aromaticity : 0.09624413145539906
gravy : -0.43063380281690034
instability : 48.07996478873261
