molecularweight : 95578.65680000067
pI : 6.511440849304199
netcharge : -3.6596219155513836
aromaticity : 0.12661195779601409
gravy : 0.06400937866354049
instability : 41.6286518171162
