molecularweight : 52906.90440000005
pI : 7.635943412780762
netcharge : 1.4739288424620511
aromaticity : 0.10217391304347827
gravy : -0.3999999999999996
instability : 52.98202173913053
