molecularweight : 71597.60660000032
pI : 8.606480979919436
netcharge : 7.2297692671346
aromaticity : 0.09697933227344992
gravy : -0.5569157392686802
instability : 43.07712241653425
