molecularweight : 45482.664500000086
pI : 6.1791601181030265
netcharge : -3.69629168411349
aromaticity : 0.05569620253164557
gravy : -1.1118987341772142
instability : 56.93797468354434
