molecularweight : 45785.24340000001
pI : 5.195959281921386
netcharge : -16.438271749348687
aromaticity : 0.12151898734177216
gravy : -0.38607594936708894
instability : 32.174962025316454
