molecularweight : 154649.10960000026
pI : 5.087737846374511
netcharge : -53.093376784069875
aromaticity : 0.061855670103092786
gravy : -0.7045655375552268
instability : 48.5742341678943
