molecularweight : 61979.67970000005
pI : 9.024042701721193
netcharge : 11.986635350368005
aromaticity : 0.09760589318600368
gravy : -0.33572744014732986
instability : 38.676279926335155
