molecularweight : 35761.56630000006
pI : 4.653885841369629
netcharge : -25.47712652183055
aromaticity : 0.0949367088607595
gravy : -0.7920886075949366
instability : 43.75443037974685
