molecularweight : 39527.406300000024
pI : 8.981042289733889
netcharge : 5.86736791776233
aromaticity : 0.09859154929577466
gravy : -0.32676056338028225
instability : 39.467042253521115
