molecularweight : 24968.91130000003
pI : 5.557455253601074
netcharge : -5.113480662271066
aromaticity : 0.06912442396313365
gravy : -0.8889400921658993
instability : 46.0811059907834
