molecularweight : 40530.81580000001
pI : 6.467731666564941
netcharge : -1.7967095208277328
aromaticity : 0.07887323943661972
gravy : -0.36112676056338083
instability : 41.97802816901408
