molecularweight : 27344.740500000014
pI : 6.7224271774292
netcharge : -0.7609547430253016
aromaticity : 0.0823045267489712
gravy : -0.41440329218107025
instability : 44.57366255144032
