molecularweight : 28854.882800000032
pI : 9.175156593322754
netcharge : 5.143591302452016
aromaticity : 0.04230769230769231
gravy : -0.4400000000000009
instability : 38.435
