molecularweight : 31957.074199999992
pI : 8.29065036773682
netcharge : 2.084691189828561
aromaticity : 0.14335664335664336
gravy : 0.5374125874125872
instability : 38.82870629370631
