molecularweight : 40685.994000000035
pI : 8.159521675109865
netcharge : 2.7091724944627913
aromaticity : 0.09243697478991597
gravy : -0.41820728291316545
instability : 33.90280112044817
