molecularweight : 26509.55350000002
pI : 5.007140159606934
netcharge : -9.15827768338298
aromaticity : 0.08658008658008658
gravy : -0.6380952380952383
instability : 41.19220779220779
