molecularweight : 41654.8444
pI : 8.759077644348146
netcharge : 9.147132067850393
aromaticity : 0.15406162464985995
gravy : -0.015126050420168324
instability : 38.00000000000001
