molecularweight : 20171.580000000013
pI : 7.060676002502441
netcharge : 0.13886612472912674
aromaticity : 0.06214689265536723
gravy : -0.6485875706214693
instability : 39.224858757062144
