molecularweight : 41181.34020000005
pI : 5.450256919860839
netcharge : -8.790463896395828
aromaticity : 0.08839779005524862
gravy : -0.22430939226519364
instability : 48.450552486187846
