molecularweight : 79803.48270000042
pI : 5.936059761047363
netcharge : -11.639536313400143
aromaticity : 0.09672830725462304
gravy : -0.34679943100995736
instability : 39.090497866287414
