molecularweight : 49159.56060000005
pI : 5.433659934997558
netcharge : -10.724047956261565
aromaticity : 0.053571428571428575
gravy : -0.1468749999999999
instability : 27.96607142857142
