molecularweight : 31443.209600000013
pI : 9.437607383728025
netcharge : 11.995397775436867
aromaticity : 0.08664259927797834
gravy : -0.30613718411552376
instability : 42.068267148014414
