molecularweight : 46413.89250000009
pI : 8.958478355407717
netcharge : 7.43315615048963
aromaticity : 0.1089588377723971
gravy : 0.07457627118644057
instability : 45.314552058111374
