molecularweight : 119064.73640000082
pI : 6.16216526031494
netcharge : -6.991706830717646
aromaticity : 0.05909943714821764
gravy : -0.3130393996247646
instability : 41.143433395872655
