molecularweight : 88237.20030000064
pI : 5.512552452087401
netcharge : -18.814628918812176
aromaticity : 0.08448928121059268
gravy : -0.146658259773014
instability : 26.851462799495597
