molecularweight : 39072.04540000008
pI : 8.41436519622803
netcharge : 2.4080644268429765
aromaticity : 0.08529411764705883
gravy : -0.44205882352941195
instability : 45.390000000000015
