molecularweight : 71698.5375000003
pI : 5.24546604156494
netcharge : -20.419903201274323
aromaticity : 0.07523510971786834
gravy : -0.7206896551724136
instability : 41.982460815047105
