molecularweight : 93989.71710000045
pI : 8.663664436340333
netcharge : 9.761049739284559
aromaticity : 0.07451923076923077
gravy : -0.32127403846153757
instability : 43.756634615384776
