molecularweight : 14556.155299999984
pI : 4.627683067321779
netcharge : -10.385865838449803
aromaticity : 0.09302325581395349
gravy : -0.5604651162790698
instability : 34.91403100775193
