molecularweight : 57554.25620000006
pI : 9.63262424468994
netcharge : 24.159437978225263
aromaticity : 0.09037328094302555
gravy : -0.7508840864440077
instability : 37.173320235756364
