molecularweight : 46726.499499999976
pI : 9.400731468200682
netcharge : 12.866218136331476
aromaticity : 0.1016949152542373
gravy : -0.11404358353510945
instability : 38.249685230024205
