molecularweight : 22315.20480000003
pI : 4.3241060256958015
netcharge : -27.23114071103273
aromaticity : 0.04081632653061224
gravy : -0.8994897959183673
instability : 50.341326530612264
