molecularweight : 79451.8029000005
pI : 5.829088783264161
netcharge : -12.786375989428635
aromaticity : 0.06064880112834979
gravy : -0.45966149506346893
instability : 47.35204513399168
