molecularweight : 51943.97230000011
pI : 5.350731849670409
netcharge : -12.656416494994303
aromaticity : 0.0982532751091703
gravy : -0.46986899563318796
instability : 47.1974017467249
