molecularweight : 82979.76210000043
pI : 5.191696357727049
netcharge : -23.996151618034276
aromaticity : 0.08093278463648834
gravy : 0.03648834019204396
instability : 39.54718792866948
