molecularweight : 40012.155800000066
pI : 5.790381431579591
netcharge : -7.554215118549173
aromaticity : 0.11714285714285713
gravy : -0.3205714285714288
instability : 40.71694285714286
