molecularweight : 18266.742600000005
pI : 9.056921577453611
netcharge : 3.5712124531553773
aromaticity : 0.09316770186335405
gravy : 0.2509316770186335
instability : 32.262111801242234
