molecularweight : 75607.6155000003
pI : 8.770939826965332
netcharge : 7.392694274617298
aromaticity : 0.0819672131147541
gravy : -0.4572280178837553
instability : 43.69943368107311
