molecularweight : 52872.39910000003
pI : 5.734792900085449
netcharge : -7.787086416933349
aromaticity : 0.09565217391304348
gravy : -0.6271739130434775
instability : 39.340456521739114
