molecularweight : 38091.76880000003
pI : 4.679633903503418
netcharge : -19.919362349660204
aromaticity : 0.08849557522123894
gravy : -0.16578171091445454
instability : 36.41917404129793
