molecularweight : 144336.7120000006
pI : 5.166687202453611
netcharge : -41.226361924785806
aromaticity : 0.08931419457735247
gravy : -0.19218500797448113
instability : 43.79481658692212
