molecularweight : 75578.25720000039
pI : 4.7679048538208
netcharge : -30.987961752648275
aromaticity : 0.1128048780487805
gravy : -0.459451219512195
instability : 44.71193597560991
