molecularweight : 21497.528400000003
pI : 6.585445213317871
netcharge : -0.9871476835962305
aromaticity : 0.1404494382022472
gravy : -0.3741573033707868
instability : 45.07814606741574
