molecularweight : 19291.9806
pI : 6.430502128601074
netcharge : -1.1396127607184887
aromaticity : 0.06395348837209303
gravy : -0.15697674418604643
instability : 36.685465116279076
