molecularweight : 46932.45580000005
pI : 9.348318672180177
netcharge : 14.617646339411813
aromaticity : 0.09582309582309582
gravy : -0.4476658476658484
instability : 44.2437592137592
