molecularweight : 23434.247800000012
pI : 4.656500434875488
netcharge : -21.98290688354832
aromaticity : 0.06435643564356436
gravy : -1.514356435643564
instability : 61.543564356435624
