molecularweight : 50089.80690000008
pI : 6.05826358795166
netcharge : -6.333713775982389
aromaticity : 0.07743362831858408
gravy : -0.16172566371681454
instability : 49.081194690265484
