molecularweight : 43071.98500000007
pI : 5.525000190734862
netcharge : -8.740197304269174
aromaticity : 0.0641025641025641
gravy : -0.06153846153846172
instability : 41.7571794871795
