molecularweight : 38447.983500000024
pI : 9.527605247497558
netcharge : 17.539385498612475
aromaticity : 0.09337349397590361
gravy : -0.5316265060240968
instability : 34.57650602409637
