molecularweight : 60172.259500000175
pI : 5.909743309020995
netcharge : -9.117614982055613
aromaticity : 0.08834586466165413
gravy : -0.07932330827067671
instability : 45.645714285714334
