molecularweight : 120290.18710000087
pI : 7.330377006530762
netcharge : 1.6144165113177564
aromaticity : 0.09635173058933583
gravy : -0.48269410664172047
instability : 43.529672591206975
