molecularweight : 25135.281300000013
pI : 5.743034553527832
netcharge : -4.040258538538762
aromaticity : 0.08407079646017698
gravy : -0.24646017699115041
instability : 28.365929203539814
