molecularweight : 52121.70660000003
pI : 7.149629020690917
netcharge : 0.40966864882429377
aromaticity : 0.09821428571428571
gravy : -0.6848214285714282
instability : 42.59935267857143
