molecularweight : 107031.97980000082
pI : 5.643509483337403
netcharge : -15.954633525380345
aromaticity : 0.06282722513089006
gravy : -0.70785340314136
instability : 46.650376963351015
