molecularweight : 39530.60440000001
pI : 5.799134635925292
netcharge : -4.922909811771383
aromaticity : 0.08192090395480225
gravy : -0.23389830508474604
instability : 29.83276836158193
