molecularweight : 50523.95190000003
pI : 5.668973350524904
netcharge : -6.880074772432472
aromaticity : 0.10633484162895926
gravy : -0.3805429864253399
instability : 30.853393665158364
