molecularweight : 48333.18790000004
pI : 5.058067893981933
netcharge : -18.56914464540396
aromaticity : 0.08018867924528301
gravy : -0.4540094339622643
instability : 39.15122641509434
