molecularweight : 70641.56560000019
pI : 5.926169776916503
netcharge : -9.116544466959503
aromaticity : 0.09235668789808918
gravy : -0.47165605095541446
instability : 48.048742038216645
