molecularweight : 33157.19559999995
pI : 4.0500284194946286
netcharge : -45.19128130204828
aromaticity : 0.05454545454545454
gravy : -0.33909090909090905
instability : 42.47757575757574
