molecularweight : 34101.17799999997
pI : 9.469390296936037
netcharge : 10.998401221990019
aromaticity : 0.09836065573770492
gravy : -0.017704918032786853
instability : 28.87908196721312
