molecularweight : 34050.44030000002
pI : 6.104473686218261
netcharge : -5.358861655833433
aromaticity : 0.08306709265175719
gravy : -0.034824281150159696
instability : 42.85015974440893
