molecularweight : 44089.420500000095
pI : 9.10727138519287
netcharge : 7.009627169101606
aromaticity : 0.12919896640826872
gravy : -0.0018087855297159762
instability : 46.346563307493525
