molecularweight : 35789.553400000055
pI : 5.9208269119262695
netcharge : -2.3144809077751702
aromaticity : 0.09584664536741214
gravy : -0.42811501597444124
instability : 55.006741214057506
