molecularweight : 12508.391899999991
pI : 7.746324729919434
netcharge : 0.6578424827993885
aromaticity : 0.14953271028037382
gravy : -0.15607476635514017
instability : 28.491682242990642
