molecularweight : 108815.7396000008
pI : 5.6677228927612315
netcharge : -16.82305636008968
aromaticity : 0.08291203235591507
gravy : -0.22578361981799863
instability : 40.252608695652334
