molecularweight : 86860.24890000046
pI : 7.939684486389161
netcharge : 2.70180489280402
aromaticity : 0.10846560846560846
gravy : -0.14933862433862463
instability : 40.88677248677262
