molecularweight : 92842.0850000006
pI : 5.902524757385254
netcharge : -9.270393564386652
aromaticity : 0.04490291262135922
gravy : -0.4536407766990283
instability : 38.50242718446616
