molecularweight : 25284.03690000002
pI : 9.401376152038573
netcharge : 12.969789688723882
aromaticity : 0.04932735426008969
gravy : -0.59237668161435
instability : 45.22421524663677
