molecularweight : 46084.27250000001
pI : 6.645637702941895
netcharge : -1.9621085909628277
aromaticity : 0.12781954887218044
gravy : -0.19749373433584003
instability : 38.18097744360901
