molecularweight : 105308.56210000096
pI : 8.670304679870608
netcharge : 5.642946874447233
aromaticity : 0.026014568158168574
gravy : -0.97211238293444
instability : 69.35879292403783
