molecularweight : 63297.81620000016
pI : 7.153607749938964
netcharge : 0.436323270397061
aromaticity : 0.1048951048951049
gravy : 0.30559440559440565
instability : 37.736555944055944
