molecularweight : 14467.237999999988
pI : 5.760881996154786
netcharge : -2.3076700752782244
aromaticity : 0.03076923076923077
gravy : -0.3861538461538461
instability : 64.99846153846154
