molecularweight : 31560.464300000018
pI : 8.132316017150881
netcharge : 1.7142704540630795
aromaticity : 0.1407942238267148
gravy : 0.3198555956678696
instability : 38.38992779783392
