molecularweight : 14604.659699999986
pI : 6.718675804138184
netcharge : -0.35492307466473605
aromaticity : 0.078125
gravy : -0.4679687499999999
instability : 48.005468749999984
