molecularweight : 67136.74490000022
pI : 8.258416175842285
netcharge : 4.6449510963660074
aromaticity : 0.07154742096505824
gravy : -0.08901830282861911
instability : 40.369400998336175
