molecularweight : 32045.261300000046
pI : 4.877660942077637
netcharge : -16.819504391531602
aromaticity : 0.03859649122807017
gravy : -0.8091228070175432
instability : 42.3042105263158
