molecularweight : 21703.833400000025
pI : 5.275306510925293
netcharge : -5.222192145172858
aromaticity : 0.0851063829787234
gravy : -0.03244680851063829
instability : 38.4473404255319
