molecularweight : 44122.76670000004
pI : 4.7658586502075195
netcharge : -19.93497605119574
aromaticity : 0.045454545454545456
gravy : -0.32373737373737377
instability : 46.17957070707069
