molecularweight : 15623.674699999985
pI : 5.208236503601074
netcharge : -4.292090889225442
aromaticity : 0.1056338028169014
gravy : -0.002112676056338036
instability : 61.302816901408434
