molecularweight : 75851.51770000036
pI : 5.465205574035645
netcharge : -20.71290619680849
aromaticity : 0.05743740795287187
gravy : -0.9458026509572889
instability : 56.99885125184112
