molecularweight : 67898.0264000002
pI : 5.21454563140869
netcharge : -23.941801767398672
aromaticity : 0.12157534246575341
gravy : -0.5131849315068489
instability : 36.02688356164386
