molecularweight : 75019.50280000042
pI : 5.26473445892334
netcharge : -12.84584702837504
aromaticity : 0.1092814371257485
gravy : 0.18997005988023952
instability : 47.626796407185765
