molecularweight : 109310.0830000009
pI : 5.733826637268066
netcharge : -10.484803261494733
aromaticity : 0.07351460221550857
gravy : -0.5024169184290016
instability : 48.302245720040595
